Model	Date	Time	WxFile	Long	Lat	JdStart	DysToOut	Month	Day	Year	dd	ddbZero	FruWgt	fruNum	Bloomday	BloomYr	DDBSum	ChillHD	PrcpYrSum	TempIncr	ddbMinus10	ddbMinus83	OFEgDays	OFLrDays	OFPuDays	OFAdDays	OfPupSum	DamFrSum	PrcntAtkd
OliveGIS	30set19	19:09:59	D:\wx_medgold\wx_agmerra_andalusia\agmerra_1411_210_ESP.txt	-7.3750	37.6250	1	4748	12	30	1992	2634.1	0.0	8221.1	8706.3	   104.0	     1.0	71.7	1881.9	392.6	0.000	0.0	0.0	21668.04	109222.74	49819.152	16053.51	6209.61	6489.95	71.30
OliveGIS	30set19	19:10:09	D:\wx_medgold\wx_agmerra_andalusia\agmerra_1411_211_ESP.txt	-7.3750	37.3750	1	4748	12	30	1992	2633.9	0.0	8433.8	8823.1	   104.0	     1.0	75.2	1796.9	373.4	0.000	0.0	0.0	22742.88	111824.06	49901.042	17230.57	6258.67	6670.97	72.62
OliveGIS	30set19	19:10:16	D:\wx_medgold\wx_agmerra_andalusia\agmerra_1412_209_ESP.txt	-7.1250	37.8750	1	4748	12	30	1992	2616.9	0.1	7764.2	8417.4	   112.0	     1.0	96.8	2141.2	417.3	0.000	0.0	0.0	24763.81	120345.16	55408.703	22536.79	6442.81	6562.91	74.38
OliveGIS	30set19	19:10:23	D:\wx_medgold\wx_agmerra_andalusia\agmerra_1412_210_ESP.txt	-7.1250	37.6250	1	4748	12	30	1992	2623.6	0.0	8235.4	8757.9	   106.0	     1.0	78.4	1914.4	419.6	0.000	0.0	0.0	21759.10	108642.98	49267.372	17284.03	6202.19	6527.61	71.39
OliveGIS	30set19	19:10:31	D:\wx_medgold\wx_agmerra_andalusia\agmerra_1412_211_ESP.txt	-7.1250	37.3750	1	4748	12	30	1992	2628.2	0.0	8331.5	8760.1	   104.0	     1.0	82.8	1749.1	374.3	0.000	0.0	0.0	21738.14	107387.77	47815.826	16267.58	6056.41	6551.85	71.78
OliveGIS	30set19	19:10:38	D:\wx_medgold\wx_agmerra_andalusia\agmerra_1413_208_ESP.txt	-6.8750	38.1250	1	4748	12	30	1992	2616.5	0.6	7180.0	7873.1	   114.0	     1.0	144.7	2181.0	419.6	0.000	0.0	0.0	21428.71	106608.72	46458.434	17364.81	5180.74	5744.90	69.86
OliveGIS	30set19	19:10:46	D:\wx_medgold\wx_agmerra_andalusia\agmerra_1413_209_ESP.txt	-6.8750	37.8750	1	4748	12	30	1992	2632.9	0.1	8118.3	8789.6	   110.0	     1.0	103.8	2057.8	456.3	0.000	0.0	0.0	20095.53	100026.89	43801.603	13051.35	5412.96	6185.81	67.34
OliveGIS	30set19	19:10:53	D:\wx_medgold\wx_agmerra_andalusia\agmerra_1413_210_ESP.txt	-6.8750	37.6250	1	4748	12	30	1992	2630.5	0.0	8928.8	9492.7	   102.0	     1.0	80.0	1776.2	446.1	0.000	0.0	0.0	19313.76	95730.04	40892.450	11665.52	5357.63	6447.30	65.33
OliveGIS	30set19	19:11:02	D:\wx_medgold\wx_agmerra_andalusia\agmerra_1413_211_ESP.txt	-6.8750	37.3750	1	4748	12	30	1992	2642.6	0.0	8943.4	9431.6	   100.0	     1.0	76.2	1621.6	351.0	0.000	0.0	0.0	20105.01	102015.81	44897.252	14052.06	6053.95	6705.41	68.18
OliveGIS	30set19	19:11:12	D:\wx_medgold\wx_agmerra_andalusia\agmerra_1414_209_ESP.txt	-6.6250	37.8750	1	4748	12	30	1992	2611.7	0.2	7738.9	8384.8	   112.0	     1.0	119.6	2168.3	471.5	0.000	0.0	0.0	23004.51	111947.36	49118.827	20357.68	5774.39	6266.97	71.52
OliveGIS	30set19	19:11:19	D:\wx_medgold\wx_agmerra_andalusia\agmerra_1414_210_ESP.txt	-6.6250	37.6250	1	4748	12	30	1992	2624.6	0.0	8090.9	8649.1	   104.0	     1.0	88.9	1850.2	454.6	0.000	0.0	0.0	18252.21	90954.24	39011.624	11891.55	5071.44	5986.84	66.43
OliveGIS	30set19	19:11:27	D:\wx_medgold\wx_agmerra_andalusia\agmerra_1414_211_ESP.txt	-6.6250	37.3750	1	4748	12	30	1992	2647.4	0.1	8956.7	9521.1	   102.0	     1.0	87.1	1608.9	361.8	0.000	0.0	0.0	18370.52	93900.08	40456.921	12141.79	5587.54	6497.52	65.31
OliveGIS	30set19	19:11:36	D:\wx_medgold\wx_agmerra_andalusia\agmerra_1414_212_ESP.txt	-6.6250	37.1250	1	4748	12	30	1992	2660.9	0.0	8766.9	9056.9	    90.0	     1.0	29.6	1500.0	301.1	0.000	0.0	0.0	22444.52	111708.88	50020.820	15917.94	6599.98	6843.66	72.32
OliveGIS	30set19	19:11:43	D:\wx_medgold\wx_agmerra_andalusia\agmerra_1415_209_ESP.txt	-6.3750	37.8750	1	4748	12	30	1992	2612.7	0.4	7289.4	7937.9	   114.0	     1.0	137.2	2204.7	431.6	0.000	0.0	0.0	19722.10	98919.55	41044.318	15215.92	4792.49	5607.59	67.65
OliveGIS	30set19	19:11:51	D:\wx_medgold\wx_agmerra_andalusia\agmerra_1415_210_ESP.txt	-6.3750	37.6250	1	4748	12	30	1992	2631.6	0.1	7941.2	8549.4	   106.0	     1.0	100.5	1883.7	398.2	0.000	0.0	0.0	16933.78	85025.48	35457.070	10659.74	4760.27	5761.37	64.61
OliveGIS	30set19	19:12:00	D:\wx_medgold\wx_agmerra_andalusia\agmerra_1415_211_ESP.txt	-6.3750	37.3750	1	4748	12	30	1992	2649.7	0.0	8695.4	9299.5	    99.0	     1.0	74.8	1558.2	394.4	0.000	0.0	0.0	16784.19	86798.37	37193.068	11023.62	5227.75	6210.85	63.99
OliveGIS	30set19	19:12:08	D:\wx_medgold\wx_agmerra_andalusia\agmerra_1415_212_ESP.txt	-6.3750	37.1250	1	4748	12	30	1992	2652.6	0.0	8815.2	9211.0	    88.0	     1.0	32.8	1437.1	354.3	0.000	0.0	0.0	18837.54	94993.28	42230.677	13104.41	5793.56	6476.74	67.71
OliveGIS	30set19	19:12:17	D:\wx_medgold\wx_agmerra_andalusia\agmerra_1415_213_ESP.txt	-6.3750	36.8750	1	4748	12	30	1992	2646.7	0.0	8536.1	8845.6	    96.0	     1.0	41.6	1655.2	428.1	0.000	0.0	0.0	23046.38	113247.92	51466.845	16231.23	6662.48	6797.01	73.77
OliveGIS	30set19	19:12:25	D:\wx_medgold\wx_agmerra_andalusia\agmerra_1416_209_ESP.txt	-6.1250	37.8750	1	4748	12	30	1992	2613.5	0.5	7216.4	7865.7	   115.0	     1.0	146.8	2182.8	422.6	0.000	0.0	0.0	18666.76	94461.43	38903.740	15106.83	4549.40	5447.92	66.26
OliveGIS	30set19	19:12:33	D:\wx_medgold\wx_agmerra_andalusia\agmerra_1416_210_ESP.txt	-6.1250	37.6250	1	4748	12	30	1992	2624.9	0.2	8139.0	8793.6	   107.0	     1.0	106.3	1869.6	388.5	0.000	0.0	0.0	16252.98	81708.64	33682.330	9890.56	4577.71	5734.49	62.69
OliveGIS	30set19	19:12:41	D:\wx_medgold\wx_agmerra_andalusia\agmerra_1416_211_ESP.txt	-6.1250	37.3750	1	4748	12	30	1992	2649.7	0.1	8494.9	9149.2	   101.0	     1.0	87.9	1510.3	372.0	0.000	0.0	0.0	14918.60	77495.25	32669.152	9726.33	4649.44	5823.40	61.09
OliveGIS	30set19	19:12:50	D:\wx_medgold\wx_agmerra_andalusia\agmerra_1416_212_ESP.txt	-6.1250	37.1250	1	4748	12	30	1992	2656.1	0.0	7732.9	8165.9	    91.0	     1.0	56.3	1403.0	341.7	0.000	0.0	0.0	14698.25	75169.27	33387.889	10405.45	4709.52	5478.48	64.40
OliveGIS	30set19	19:13:00	D:\wx_medgold\wx_agmerra_andalusia\agmerra_1416_213_ESP.txt	-6.1250	36.8750	1	4748	12	30	1992	2634.9	0.3	8712.8	9151.4	    98.0	     1.0	76.0	1544.5	431.9	0.000	0.0	0.0	18854.29	95928.37	41855.340	12842.54	5771.36	6457.34	67.98
OliveGIS	30set19	19:13:09	D:\wx_medgold\wx_agmerra_andalusia\agmerra_1416_214_ESP.txt	-6.1250	36.6250	1	4748	12	30	1992	2640.1	0.0	9087.5	9404.1	    99.0	     1.0	44.3	1839.7	410.2	0.000	0.0	0.0	23262.93	113876.83	49942.799	15390.31	6428.86	7009.79	71.64
OliveGIS	30set19	19:13:17	D:\wx_medgold\wx_agmerra_andalusia\agmerra_1416_215_ESP.txt	-6.1250	36.3750	1	4748	12	30	1992	2642.3	0.0	8894.6	9322.1	   100.0	     1.0	63.8	1652.2	369.1	0.000	0.0	0.0	19233.87	98529.68	42946.566	13142.93	5890.81	6618.94	68.32
OliveGIS	30set19	19:13:26	D:\wx_medgold\wx_agmerra_andalusia\agmerra_1417_208_ESP.txt	-5.8750	38.1250	1	4748	12	30	1992	2607.3	0.9	6845.8	7604.1	   118.0	     1.0	177.9	2170.3	436.6	0.000	0.0	0.0	16107.08	83869.45	34834.600	11693.43	4026.61	4917.98	61.84
OliveGIS	30set19	19:13:33	D:\wx_medgold\wx_agmerra_andalusia\agmerra_1417_209_ESP.txt	-5.8750	37.8750	1	4748	12	30	1992	2612.6	0.3	7588.0	8295.5	   114.0	     1.0	137.8	2112.7	453.2	0.000	0.0	0.0	16826.53	81801.95	33872.756	10193.69	4342.19	5488.48	63.43
OliveGIS	30set19	19:13:41	D:\wx_medgold\wx_agmerra_andalusia\agmerra_1417_210_ESP.txt	-5.8750	37.6250	1	4748	12	30	1992	2628.7	0.1	7989.0	8638.3	   106.0	     1.0	98.8	1813.4	402.9	0.000	0.0	0.0	15060.11	75512.49	31076.802	8632.64	4286.31	5488.63	61.14
OliveGIS	30set19	19:13:50	D:\wx_medgold\wx_agmerra_andalusia\agmerra_1417_211_ESP.txt	-5.8750	37.3750	1	4748	12	30	1992	2653.7	0.0	8244.3	8864.1	    93.0	     1.0	64.3	1365.0	371.5	0.000	0.0	0.0	9563.55	52289.54	22543.284	5731.87	3481.54	4518.68	48.62
OliveGIS	30set19	19:14:00	D:\wx_medgold\wx_agmerra_andalusia\agmerra_1417_212_ESP.txt	-5.8750	37.1250	1	4748	12	30	1992	2660.9	0.0	7622.3	8076.5	    87.0	     1.0	48.5	1335.7	348.7	0.000	0.0	0.0	11200.46	60427.33	26013.372	7403.51	3935.66	4780.53	56.62
OliveGIS	30set19	19:14:10	D:\wx_medgold\wx_agmerra_andalusia\agmerra_1417_213_ESP.txt	-5.8750	36.8750	1	4748	12	30	1992	2649.9	0.1	8840.9	9274.9	    97.0	     1.0	62.6	1605.2	355.1	0.000	0.0	0.0	19603.00	99817.82	43586.894	13078.84	5956.16	6614.25	68.30
OliveGIS	30set19	19:14:19	D:\wx_medgold\wx_agmerra_andalusia\agmerra_1417_214_ESP.txt	-5.8750	36.6250	1	4748	12	30	1992	2654.2	0.0	9103.6	9397.3	    95.0	     1.0	32.7	1805.2	403.1	0.000	0.0	0.0	23513.72	116191.87	51387.015	15119.13	6604.16	7061.35	71.97
OliveGIS	30set19	19:14:27	D:\wx_medgold\wx_agmerra_andalusia\agmerra_1417_215_ESP.txt	-5.8750	36.3750	1	4748	12	30	1992	2650.7	0.0	9285.4	9429.3	    97.0	     1.0	29.7	2149.1	481.2	0.000	0.0	0.0	31205.94	148551.81	68343.853	26325.53	7892.20	7661.86	77.85
OliveGIS	30set19	19:14:34	D:\wx_medgold\wx_agmerra_andalusia\agmerra_1418_208_ESP.txt	-5.6250	38.1250	1	4748	12	30	1992	2610.2	0.8	7072.1	7917.3	   118.0	     1.0	176.7	2078.8	436.3	0.000	0.0	0.0	15176.90	76986.93	30752.160	11408.78	3781.14	4933.62	59.68
OliveGIS	30set19	19:14:42	D:\wx_medgold\wx_agmerra_andalusia\agmerra_1418_209_ESP.txt	-5.6250	37.8750	1	4748	12	30	1992	2625.5	0.3	7928.8	8720.2	   114.0	     1.0	136.2	2028.9	448.8	0.000	0.0	0.0	15212.62	75589.19	30745.679	9416.84	4212.86	5473.51	59.95
OliveGIS	30set19	19:14:50	D:\wx_medgold\wx_agmerra_andalusia\agmerra_1418_210_ESP.txt	-5.6250	37.6250	1	4748	12	30	1992	2627.1	0.1	7944.7	8607.1	   106.0	     1.0	100.9	1777.6	389.4	0.000	0.0	0.0	14122.70	71064.58	28965.632	8035.99	4072.76	5314.12	59.42
OliveGIS	30set19	19:14:58	D:\wx_medgold\wx_agmerra_andalusia\agmerra_1418_211_ESP.txt	-5.6250	37.3750	1	4748	12	30	1992	2642.7	0.0	8455.4	9117.3	    97.0	     1.0	72.3	1466.8	376.6	0.000	0.0	0.0	11801.20	60355.45	25665.718	7211.99	3711.39	5098.21	53.68
OliveGIS	30set19	19:15:07	D:\wx_medgold\wx_agmerra_andalusia\agmerra_1418_212_ESP.txt	-5.6250	37.1250	1	4748	12	30	1992	2652.0	0.0	8719.3	9282.6	    98.0	     1.0	64.0	1641.5	382.1	0.000	0.0	0.0	15130.42	78549.11	32491.113	9203.22	4685.35	5869.43	60.47
OliveGIS	30set19	19:15:15	D:\wx_medgold\wx_agmerra_andalusia\agmerra_1418_213_ESP.txt	-5.6250	36.8750	1	4748	12	30	1992	2631.5	0.3	8351.0	8774.5	   107.0	     1.0	83.2	1969.9	397.4	0.000	0.0	0.0	20540.45	101906.22	44111.819	12621.49	5719.93	6394.62	69.87
OliveGIS	30set19	19:15:23	D:\wx_medgold\wx_agmerra_andalusia\agmerra_1418_214_ESP.txt	-5.6250	36.6250	1	4748	12	30	1992	2639.4	0.0	8185.8	8432.2	   105.0	     1.0	43.1	2142.6	428.6	0.000	0.0	0.0	25459.90	122578.65	55055.115	21129.93	6615.48	6702.97	76.14
OliveGIS	30set19	19:15:31	D:\wx_medgold\wx_agmerra_andalusia\agmerra_1418_215_ESP.txt	-5.6250	36.3750	1	4748	12	30	1992	2652.4	0.0	7812.0	7910.5	   104.0	     1.0	37.3	2376.6	567.2	0.000	0.0	0.0	33251.88	155122.48	69802.552	52986.31	7548.83	6869.81	81.85
OliveGIS	30set19	19:15:39	D:\wx_medgold\wx_agmerra_andalusia\agmerra_1418_216_ESP.txt	-5.6250	36.1250	1	4748	12	30	1992	2675.1	0.0	8791.0	8850.2	    95.0	     1.0	4.0	2467.7	392.9	0.000	0.0	0.0	45413.15	225184.82	124923.661	63198.68	11707.87	8086.33	86.06
OliveGIS	30set19	19:15:45	D:\wx_medgold\wx_agmerra_andalusia\agmerra_1419_207_ESP.txt	-5.3750	38.3750	1	4748	12	30	1992	2606.1	1.7	7697.8	8668.6	   123.0	     1.0	220.0	2223.0	477.5	0.000	0.0	0.0	19368.97	106932.77	48229.671	15160.29	4408.46	5370.55	59.42
OliveGIS	30set19	19:15:53	D:\wx_medgold\wx_agmerra_andalusia\agmerra_1419_208_ESP.txt	-5.3750	38.1250	1	4748	12	30	1992	2608.7	1.0	7036.9	7930.5	   118.0	     1.0	184.4	2076.1	482.9	0.000	0.0	0.0	13922.35	68291.85	27036.343	8447.03	3448.64	4752.94	57.37
OliveGIS	30set19	19:16:01	D:\wx_medgold\wx_agmerra_andalusia\agmerra_1419_209_ESP.txt	-5.3750	37.8750	1	4748	12	30	1992	2620.5	0.1	8383.3	9284.9	   109.0	     1.0	106.2	1746.7	508.8	0.000	0.0	0.0	12213.70	61673.73	24977.389	6957.12	3620.05	5111.14	52.82
OliveGIS	30set19	19:16:10	D:\wx_medgold\wx_agmerra_andalusia\agmerra_1419_210_ESP.txt	-5.3750	37.6250	1	4748	12	30	1992	2644.6	0.0	8518.6	9209.6	   101.0	     1.0	79.1	1521.2	433.3	0.000	0.0	0.0	11316.52	57036.83	23034.398	6431.72	3323.62	4910.90	51.03
OliveGIS	30set19	19:16:19	D:\wx_medgold\wx_agmerra_andalusia\agmerra_1419_211_ESP.txt	-5.3750	37.3750	1	4748	12	30	1992	2651.9	0.0	8602.7	9188.6	   100.0	     1.0	69.5	1561.4	384.8	0.000	0.0	0.0	13507.52	70544.10	28703.755	8029.77	4164.67	5477.38	56.99
OliveGIS	30set19	19:16:27	D:\wx_medgold\wx_agmerra_andalusia\agmerra_1419_212_ESP.txt	-5.3750	37.1250	1	4748	12	30	1992	2634.6	0.0	8298.5	8785.3	   106.0	     1.0	71.6	1914.1	408.3	0.000	0.0	0.0	16863.75	85167.81	35204.006	9291.43	4773.80	5847.12	63.91
OliveGIS	30set19	19:16:34	D:\wx_medgold\wx_agmerra_andalusia\agmerra_1419_213_ESP.txt	-5.3750	36.8750	1	4748	12	30	1992	2564.6	1.4	7901.4	8118.6	   124.0	     1.0	194.7	2842.6	393.8	0.000	0.0	0.0	30847.90	167432.52	154352.034	50370.00	6491.13	6087.15	71.43
OliveGIS	30set19	19:16:42	D:\wx_medgold\wx_agmerra_andalusia\agmerra_1419_214_ESP.txt	-5.3750	36.6250	1	4748	12	30	1992	2543.9	0.2	7745.5	7927.5	   122.0	     1.0	114.2	3094.8	426.6	0.000	0.0	0.0	41025.94	223986.61	202936.102	97516.57	9053.32	6625.19	79.64
OliveGIS	30set19	19:16:50	D:\wx_medgold\wx_agmerra_andalusia\agmerra_1419_215_ESP.txt	-5.3750	36.3750	1	4748	12	30	1992	2656.5	0.0	8783.2	8885.6	   107.0	     1.0	43.3	2321.8	448.9	0.000	0.0	0.0	35099.47	167026.77	75190.426	46918.16	8249.85	7608.48	80.82
OliveGIS	30set19	19:16:57	D:\wx_medgold\wx_agmerra_andalusia\agmerra_1420_206_ESP.txt	-5.1250	38.6250	1	4748	12	30	1992	2610.7	1.2	7322.8	8348.9	   121.0	     1.0	205.2	2148.4	433.8	0.000	0.0	0.0	14027.69	72220.27	29153.868	8166.81	3380.71	4669.26	53.57
OliveGIS	30set19	19:17:05	D:\wx_medgold\wx_agmerra_andalusia\agmerra_1420_207_ESP.txt	-5.1250	38.3750	1	4748	12	30	1992	2607.1	1.6	7767.1	8682.6	   125.0	     1.0	226.2	2282.6	479.7	0.000	0.0	0.0	21017.22	130181.57	68891.247	18382.96	5354.90	5646.26	62.04
OliveGIS	30set19	19:17:12	D:\wx_medgold\wx_agmerra_andalusia\agmerra_1420_208_ESP.txt	-5.1250	38.1250	1	4748	12	30	1992	2614.9	1.0	7074.1	7976.6	   118.0	     1.0	184.4	2060.8	475.0	0.000	0.0	0.0	13935.91	67507.92	26970.840	8269.82	3506.94	4847.04	58.08
OliveGIS	30set19	19:17:21	D:\wx_medgold\wx_agmerra_andalusia\agmerra_1420_209_ESP.txt	-5.1250	37.8750	1	4748	12	30	1992	2619.3	0.1	8289.6	9199.8	   109.0	     1.0	108.3	1708.1	495.4	0.000	0.0	0.0	11755.03	59979.68	24049.238	6834.55	3579.65	5007.51	52.23
OliveGIS	30set19	19:17:30	D:\wx_medgold\wx_agmerra_andalusia\agmerra_1420_210_ESP.txt	-5.1250	37.6250	1	4748	12	30	1992	2633.5	0.0	8544.7	9290.3	   103.0	     1.0	84.6	1565.3	431.0	0.000	0.0	0.0	11823.44	60304.07	24080.956	6905.71	3522.86	5059.60	52.28
OliveGIS	30set19	19:17:39	D:\wx_medgold\wx_agmerra_andalusia\agmerra_1420_211_ESP.txt	-5.1250	37.3750	1	4748	12	30	1992	2643.8	0.0	8314.2	8926.3	   103.0	     1.0	75.8	1631.6	395.9	0.000	0.0	0.0	14293.96	74476.37	30704.268	8940.30	4471.69	5592.48	59.99
OliveGIS	30set19	19:17:47	D:\wx_medgold\wx_agmerra_andalusia\agmerra_1420_212_ESP.txt	-5.1250	37.1250	1	4748	12	30	1992	2641.7	0.0	8362.9	8865.7	   109.0	     1.0	77.5	1926.2	408.5	0.000	0.0	0.0	17061.27	86568.84	35837.881	10067.30	4889.26	5932.59	63.96
OliveGIS	30set19	19:17:55	D:\wx_medgold\wx_agmerra_andalusia\agmerra_1420_213_ESP.txt	-5.1250	36.8750	1	4748	12	30	1992	2569.5	0.9	7793.3	7987.2	   125.0	     1.0	185.1	2844.4	395.3	0.000	0.0	0.0	35776.22	198634.65	188087.996	71717.33	7615.27	6350.13	75.59
OliveGIS	30set19	19:18:03	D:\wx_medgold\wx_agmerra_andalusia\agmerra_1420_214_ESP.txt	-5.1250	36.6250	1	4748	12	30	1992	2620.1	0.0	7711.5	7824.5	   121.0	     1.0	76.5	3070.5	409.4	0.000	0.0	0.0	45495.32	247317.20	214920.356	123181.87	10204.82	6983.38	82.87
OliveGIS	30set19	19:18:11	D:\wx_medgold\wx_agmerra_andalusia\agmerra_1421_206_ESP.txt	-4.8750	38.6250	1	4748	12	30	1992	2605.8	1.1	7568.0	8583.5	   121.0	     1.0	200.6	2158.5	468.1	0.000	0.0	0.0	14619.72	76044.19	29970.663	7961.51	3494.92	4785.39	53.41
OliveGIS	30set19	19:18:18	D:\wx_medgold\wx_agmerra_andalusia\agmerra_1421_207_ESP.txt	-4.8750	38.3750	1	4748	12	30	1992	2602.9	2.9	7195.0	7863.8	   131.0	     1.0	294.1	2468.6	501.9	0.000	0.0	0.0	22834.67	136854.96	138564.345	27834.36	5516.70	5456.20	65.38
OliveGIS	30set19	19:18:26	D:\wx_medgold\wx_agmerra_andalusia\agmerra_1421_208_ESP.txt	-4.8750	38.1250	1	4748	12	30	1992	2611.9	2.0	7787.8	8700.2	   121.0	     1.0	210.9	2167.9	440.5	0.000	0.0	0.0	18850.22	96481.56	39531.430	12305.29	4205.44	5466.67	60.33
OliveGIS	30set19	19:18:35	D:\wx_medgold\wx_agmerra_andalusia\agmerra_1421_209_ESP.txt	-4.8750	37.8750	1	4748	12	30	1992	2625.4	0.1	8248.5	9188.8	   112.0	     1.0	125.3	1783.9	552.7	0.000	0.0	0.0	12801.67	64864.61	25018.977	6775.60	3652.92	5190.60	53.92
OliveGIS	30set19	19:18:45	D:\wx_medgold\wx_agmerra_andalusia\agmerra_1421_210_ESP.txt	-4.8750	37.6250	1	4748	12	30	1992	2632.0	0.1	8326.2	9139.3	   109.0	     1.0	104.5	1754.1	489.6	0.000	0.0	0.0	12552.43	63326.55	25169.228	7009.86	3663.19	5161.46	53.97
OliveGIS	30set19	19:18:53	D:\wx_medgold\wx_agmerra_andalusia\agmerra_1421_211_ESP.txt	-4.8750	37.3750	1	4748	12	30	1992	2629.1	0.0	8821.8	9450.0	   114.0	     1.0	107.8	2034.6	413.1	0.000	0.0	0.0	18448.91	91232.48	37270.365	10875.68	4962.25	6239.99	63.22
OliveGIS	30set19	19:19:02	D:\wx_medgold\wx_agmerra_andalusia\agmerra_1421_212_ESP.txt	-4.8750	37.1250	1	4748	12	30	1992	2620.8	0.0	7754.7	8131.3	   116.0	     1.0	107.1	2286.8	409.5	0.000	0.0	0.0	24175.93	121066.87	53002.885	22074.02	5859.00	6237.12	73.05
OliveGIS	30set19	19:19:11	D:\wx_medgold\wx_agmerra_andalusia\agmerra_1421_213_ESP.txt	-4.8750	36.8750	1	4748	12	30	1992	2623.3	0.1	7578.9	7812.1	   117.0	     1.0	111.7	2317.2	357.8	0.000	0.0	0.0	28935.86	143248.54	66613.869	43123.92	6863.57	6490.36	78.70
OliveGIS	30set19	19:19:20	D:\wx_medgold\wx_agmerra_andalusia\agmerra_1421_214_ESP.txt	-4.8750	36.6250	1	4748	12	30	1992	2650.2	0.0	9037.7	9123.9	   109.0	     1.0	21.4	2334.5	346.9	0.000	0.0	0.0	38627.32	191716.24	99307.028	53462.67	9932.61	7969.10	82.66
OliveGIS	30set19	19:19:27	D:\wx_medgold\wx_agmerra_andalusia\agmerra_1422_207_ESP.txt	-4.6250	38.3750	1	4748	12	30	1992	2584.0	2.9	7355.1	8002.9	   132.0	     1.0	319.0	2499.6	501.2	0.000	0.0	0.0	22168.17	124758.89	136089.478	28770.70	5112.58	5384.91	63.63
OliveGIS	30set19	19:19:36	D:\wx_medgold\wx_agmerra_andalusia\agmerra_1422_208_ESP.txt	-4.6250	38.1250	1	4748	12	30	1992	2615.2	2.1	7700.3	8599.7	   121.0	     1.0	213.1	2142.2	421.0	0.000	0.0	0.0	17028.44	87317.82	36859.901	10264.98	3890.81	5139.38	57.31
OliveGIS	30set19	19:19:46	D:\wx_medgold\wx_agmerra_andalusia\agmerra_1422_209_ESP.txt	-4.6250	37.8750	1	4748	12	30	1992	2621.6	0.2	8290.8	9269.0	   113.0	     1.0	129.8	1790.2	526.0	0.000	0.0	0.0	12971.50	65323.90	25124.798	6952.85	3692.05	5224.82	54.03
OliveGIS	30set19	19:19:56	D:\wx_medgold\wx_agmerra_andalusia\agmerra_1422_210_ESP.txt	-4.6250	37.6250	1	4748	12	30	1992	2627.5	0.1	8544.5	9450.6	   112.0	     1.0	114.7	1817.5	482.0	0.000	0.0	0.0	13308.31	67158.88	25935.585	7285.02	3783.91	5347.76	54.20
OliveGIS	30set19	19:20:05	D:\wx_medgold\wx_agmerra_andalusia\agmerra_1422_211_ESP.txt	-4.6250	37.3750	1	4748	12	30	1992	2622.6	0.0	7898.4	8493.9	   116.0	     1.0	119.3	2097.1	420.4	0.000	0.0	0.0	19629.69	97422.89	40003.373	15408.00	4983.37	5935.50	66.84
OliveGIS	30set19	19:20:15	D:\wx_medgold\wx_agmerra_andalusia\agmerra_1422_212_ESP.txt	-4.6250	37.1250	1	4748	12	30	1992	2617.1	0.0	7797.4	8187.1	   117.0	     1.0	113.2	2279.9	412.5	0.000	0.0	0.0	24442.29	123135.58	55017.424	26610.52	5970.66	6276.57	73.14
OliveGIS	30set19	19:20:24	D:\wx_medgold\wx_agmerra_andalusia\agmerra_1422_213_ESP.txt	-4.6250	36.8750	1	4748	12	30	1992	2617.3	0.0	7595.2	7827.5	   116.0	     1.0	102.0	2264.1	335.9	0.000	0.0	0.0	28500.66	139185.55	63610.308	37191.44	6935.28	6554.60	79.10
OliveGIS	30set19	19:20:33	D:\wx_medgold\wx_agmerra_andalusia\agmerra_1422_214_ESP.txt	-4.6250	36.6250	1	4748	12	30	1992	2645.2	0.0	8106.4	8166.4	   104.0	     1.0	8.6	2162.2	296.3	0.000	0.0	0.0	35244.30	174640.66	91424.153	38126.73	9551.99	7170.02	83.80
OliveGIS	30set19	19:20:41	D:\wx_medgold\wx_agmerra_andalusia\agmerra_1423_208_ESP.txt	-4.3750	38.1250	1	4748	12	30	1992	2612.1	1.6	7963.6	8872.1	   121.0	     1.0	209.1	2159.4	447.1	0.000	0.0	0.0	20084.27	102063.96	41411.837	12603.43	4356.08	5624.33	60.84
OliveGIS	30set19	19:20:51	D:\wx_medgold\wx_agmerra_andalusia\agmerra_1423_209_ESP.txt	-4.3750	37.8750	1	4748	12	30	1992	2636.9	0.1	8579.2	9649.4	   112.0	     1.0	115.2	1651.0	475.2	0.000	0.0	0.0	13148.98	65900.23	25267.286	7045.34	3813.69	5388.47	53.37
OliveGIS	30set19	19:21:01	D:\wx_medgold\wx_agmerra_andalusia\agmerra_1423_210_ESP.txt	-4.3750	37.6250	1	4748	12	30	1992	2638.2	0.0	8331.6	9290.5	   113.0	     1.0	111.3	1787.6	461.5	0.000	0.0	0.0	14244.67	72569.61	28388.732	7508.52	4111.36	5522.66	56.71
OliveGIS	30set19	19:21:10	D:\wx_medgold\wx_agmerra_andalusia\agmerra_1423_211_ESP.txt	-4.3750	37.3750	1	4748	12	30	1992	2610.8	0.3	7652.6	8253.1	   119.0	     1.0	154.0	2182.7	424.7	0.000	0.0	0.0	20239.50	103690.66	44066.599	14576.88	5031.36	5769.30	66.85
OliveGIS	30set19	19:21:19	D:\wx_medgold\wx_agmerra_andalusia\agmerra_1423_212_ESP.txt	-4.3750	37.1250	1	4748	12	30	1992	2617.6	0.2	7890.7	8336.4	   119.0	     1.0	135.1	2249.1	404.8	0.000	0.0	0.0	23026.16	118170.46	53266.108	18517.02	5548.76	6076.10	69.75
OliveGIS	30set19	19:21:29	D:\wx_medgold\wx_agmerra_andalusia\agmerra_1423_213_ESP.txt	-4.3750	36.8750	1	4748	12	30	1992	2624.6	0.1	7586.9	7876.5	   117.0	     1.0	124.2	2150.8	351.8	0.000	0.0	0.0	24710.13	121562.75	53968.628	24512.68	6158.99	6277.56	75.60
OliveGIS	30set19	19:21:38	D:\wx_medgold\wx_agmerra_andalusia\agmerra_1424_207_ESP.txt	-4.1250	38.3750	1	4748	12	30	1992	2606.1	3.6	7512.5	8239.9	   132.0	     1.0	307.5	2422.3	473.2	0.000	0.0	0.0	22488.71	139471.94	137556.966	24487.67	5520.99	5449.55	62.73
OliveGIS	30set19	19:21:46	D:\wx_medgold\wx_agmerra_andalusia\agmerra_1424_208_ESP.txt	-4.1250	38.1250	1	4748	12	30	1992	2609.9	1.9	8254.3	9192.4	   122.0	     1.0	217.6	2167.5	422.7	0.000	0.0	0.0	20855.93	106646.35	46112.912	14146.91	4644.65	5812.75	60.78
OliveGIS	30set19	19:21:55	D:\wx_medgold\wx_agmerra_andalusia\agmerra_1424_209_ESP.txt	-4.1250	37.8750	1	4748	12	30	1992	2624.2	0.1	8287.2	9311.2	   114.0	     1.0	126.9	1734.5	470.0	0.000	0.0	0.0	13467.73	67553.99	25975.522	6875.69	3805.98	5314.09	54.74
OliveGIS	30set19	19:22:04	D:\wx_medgold\wx_agmerra_andalusia\agmerra_1424_210_ESP.txt	-4.1250	37.6250	1	4748	12	30	1992	2609.7	0.0	7777.9	8642.2	   116.0	     1.0	135.3	1998.9	487.4	0.000	0.0	0.0	15849.23	79072.10	32962.505	11113.69	4495.93	5593.30	62.01
OliveGIS	30set19	19:22:12	D:\wx_medgold\wx_agmerra_andalusia\agmerra_1424_211_ESP.txt	-4.1250	37.3750	1	4748	12	30	1992	2613.7	0.5	8328.2	8935.2	   125.0	     1.0	190.5	2372.8	439.4	0.000	0.0	0.0	27498.60	160580.16	100561.828	30666.43	7146.91	6696.36	71.08
OliveGIS	30set19	19:22:20	D:\wx_medgold\wx_agmerra_andalusia\agmerra_1424_212_ESP.txt	-4.1250	37.1250	1	4748	12	30	1992	2616.6	0.3	8510.0	9001.6	   121.0	     1.0	151.0	2318.9	406.4	0.000	0.0	0.0	27642.75	154888.12	74530.039	33204.12	6681.55	6690.69	71.01
OliveGIS	30set19	19:22:32	D:\wx_medgold\wx_agmerra_andalusia\agmerra_1424_213_ESP.txt	-4.1250	36.8750	1	4748	12	30	1992	2626.9	0.1	8044.6	8342.6	   119.0	     1.0	126.2	2207.8	339.8	0.000	0.0	0.0	29874.06	147003.44	68372.621	33740.42	7392.83	6960.28	78.76
OliveGIS	30set19	19:22:41	D:\wx_medgold\wx_agmerra_andalusia\agmerra_1425_207_ESP.txt	-3.8750	38.3750	1	4748	12	30	1992	2611.9	1.7	8275.5	9308.1	   127.0	     1.0	227.9	2193.7	504.3	0.000	0.0	0.0	19572.89	119046.72	55361.986	14790.83	4736.92	5484.09	56.48
OliveGIS	30set19	19:22:51	D:\wx_medgold\wx_agmerra_andalusia\agmerra_1425_208_ESP.txt	-3.8750	38.1250	1	4748	12	30	1992	2624.5	0.9	7629.1	8628.9	   119.0	     1.0	184.2	1974.7	467.2	0.000	0.0	0.0	16078.20	78106.83	31206.151	9145.40	4028.86	5398.68	59.90
OliveGIS	30set19	19:23:00	D:\wx_medgold\wx_agmerra_andalusia\agmerra_1425_209_ESP.txt	-3.8750	37.8750	1	4748	12	30	1992	2631.0	0.2	8071.3	9330.9	   115.0	     1.0	138.7	1647.5	459.6	0.000	0.0	0.0	12496.51	62295.41	23513.947	6322.66	3551.97	5104.35	52.26
OliveGIS	30set19	19:23:10	D:\wx_medgold\wx_agmerra_andalusia\agmerra_1425_210_ESP.txt	-3.8750	37.6250	1	4748	12	30	1992	2623.7	0.2	7540.9	8571.2	   119.0	     1.0	159.5	1997.7	496.7	0.000	0.0	0.0	16361.23	80571.14	33216.321	9988.80	4307.48	5523.67	61.65
OliveGIS	30set19	19:23:19	D:\wx_medgold\wx_agmerra_andalusia\agmerra_1425_211_ESP.txt	-3.8750	37.3750	1	4748	12	30	1992	2607.6	1.8	8412.8	9045.3	   129.0	     1.0	250.4	2337.4	367.5	0.000	0.0	0.0	26310.09	158590.08	120552.064	33321.90	6593.17	6389.14	67.07
OliveGIS	30set19	19:23:28	D:\wx_medgold\wx_agmerra_andalusia\agmerra_1425_212_ESP.txt	-3.8750	37.1250	1	4748	12	30	1992	2615.5	0.9	8416.4	8996.9	   123.0	     1.0	183.6	2207.4	344.7	0.000	0.0	0.0	24454.42	141259.43	65556.422	22048.23	5925.06	6316.59	67.10
OliveGIS	30set19	19:23:37	D:\wx_medgold\wx_agmerra_andalusia\agmerra_1425_213_ESP.txt	-3.8750	36.8750	1	4748	12	30	1992	2629.7	0.5	7987.8	8557.5	   118.0	     1.0	146.8	1882.5	374.6	0.000	0.0	0.0	16671.11	84010.94	35029.352	11242.10	4711.44	5776.51	64.51
OliveGIS	30set19	19:23:47	D:\wx_medgold\wx_agmerra_andalusia\agmerra_1426_207_ESP.txt	-3.6250	38.3750	1	4748	12	30	1992	2611.9	1.8	8279.9	9261.7	   128.0	     1.0	242.1	2242.8	502.5	0.000	0.0	0.0	21071.64	135013.93	79560.123	16688.49	5454.95	5677.77	58.70
OliveGIS	30set19	19:23:55	D:\wx_medgold\wx_agmerra_andalusia\agmerra_1426_208_ESP.txt	-3.6250	38.1250	1	4748	12	30	1992	2612.8	1.1	8287.5	9303.4	   120.0	     1.0	197.7	2051.6	457.9	0.000	0.0	0.0	18728.25	94138.78	37266.319	11878.98	4420.02	5813.39	59.95
OliveGIS	30set19	19:24:05	D:\wx_medgold\wx_agmerra_andalusia\agmerra_1426_209_ESP.txt	-3.6250	37.8750	1	4748	12	30	1992	2623.6	0.3	7712.1	8825.9	   117.0	     1.0	156.0	1798.9	461.1	0.000	0.0	0.0	13870.88	71578.12	28958.057	8054.64	4191.16	5326.94	57.44
OliveGIS	30set19	19:24:14	D:\wx_medgold\wx_agmerra_andalusia\agmerra_1426_210_ESP.txt	-3.6250	37.6250	1	4748	12	30	1992	2614.6	0.5	8359.8	9331.1	   123.0	     1.0	190.5	2203.2	501.9	0.000	0.0	0.0	21973.27	117684.83	51220.253	17557.19	5002.16	6000.58	61.71
OliveGIS	30set19	19:24:22	D:\wx_medgold\wx_agmerra_andalusia\agmerra_1426_211_ESP.txt	-3.6250	37.3750	1	4748	12	30	1992	2524.0	3.1	7695.3	8161.6	   134.0	     1.0	338.1	2529.8	371.5	0.000	0.0	0.0	24468.74	143763.39	157482.072	36133.19	5611.88	5523.15	65.35
OliveGIS	30set19	19:24:30	D:\wx_medgold\wx_agmerra_andalusia\agmerra_1426_212_ESP.txt	-3.6250	37.1250	1	4748	12	30	1992	2607.9	1.3	8367.4	8826.4	   129.0	     1.0	235.0	2387.9	404.8	0.000	0.0	0.0	31240.82	190664.92	134141.389	48332.25	7203.35	6656.03	71.53
OliveGIS	30set19	19:24:39	D:\wx_medgold\wx_agmerra_andalusia\agmerra_1426_213_ESP.txt	-3.6250	36.8750	1	4748	12	30	1992	2611.6	0.7	8394.4	8949.3	   120.0	     1.0	165.9	2015.8	376.5	0.000	0.0	0.0	20698.99	103884.15	43019.767	15004.48	5250.74	6254.77	67.11
OliveGIS	30set19	19:24:49	D:\wx_medgold\wx_agmerra_andalusia\agmerra_1427_207_ESP.txt	-3.3750	38.3750	1	4748	12	30	1992	2612.4	1.3	8050.5	9070.8	   122.0	     1.0	217.0	2089.2	502.0	0.000	0.0	0.0	19587.91	101955.07	41486.036	14095.14	4629.78	5787.74	61.17
OliveGIS	30set19	19:24:58	D:\wx_medgold\wx_agmerra_andalusia\agmerra_1427_208_ESP.txt	-3.3750	38.1250	1	4748	12	30	1992	2621.8	0.8	7989.9	8990.3	   119.0	     1.0	187.0	1934.0	460.5	0.000	0.0	0.0	17532.44	86263.84	35610.533	10361.00	4537.14	5801.14	61.81
OliveGIS	30set19	19:25:09	D:\wx_medgold\wx_agmerra_andalusia\agmerra_1427_209_ESP.txt	-3.3750	37.8750	1	4748	12	30	1992	2619.9	0.4	7625.4	8566.0	   118.0	     1.0	168.4	1887.1	408.9	0.000	0.0	0.0	16018.09	81544.70	34769.154	10843.86	4644.59	5609.75	62.62
OliveGIS	30set19	19:25:17	D:\wx_medgold\wx_agmerra_andalusia\agmerra_1427_210_ESP.txt	-3.3750	37.6250	1	4748	12	30	1992	2613.2	1.0	8720.3	9468.1	   128.0	     1.0	231.8	2345.5	446.2	0.000	0.0	0.0	34601.49	193673.58	134035.544	46960.09	7759.44	7182.05	72.16
OliveGIS	30set19	19:25:25	D:\wx_medgold\wx_agmerra_andalusia\agmerra_1427_211_ESP.txt	-3.3750	37.3750	1	4748	12	30	1992	1870.1	22.5	3387.9	4099.2	   158.0	     1.0	636.8	3035.1	290.3	0.000	0.0	0.0	8490.02	64414.61	58118.532	7796.32	1307.77	1652.84	38.16
OliveGIS	30set19	19:25:31	D:\wx_medgold\wx_agmerra_andalusia\agmerra_1427_212_ESP.txt	-3.3750	37.1250	1	4748	12	30	1992	2035.3	10.6	7121.1	7690.6	   150.0	     1.0	509.2	2995.0	641.7	0.000	0.0	0.0	21358.03	173050.20	174836.874	17780.97	4129.40	4092.03	51.09
OliveGIS	30set19	19:25:39	D:\wx_medgold\wx_agmerra_andalusia\agmerra_1427_213_ESP.txt	-3.3750	36.8750	1	4748	12	30	1992	2534.3	3.0	6984.1	7322.1	   136.0	     1.0	343.7	2480.1	578.5	0.000	0.0	0.0	24135.57	139299.96	152091.113	32371.71	5692.41	5397.78	70.61
OliveGIS	30set19	19:25:47	D:\wx_medgold\wx_agmerra_andalusia\agmerra_1428_207_ESP.txt	-3.1250	38.3750	1	4748	12	30	1992	2606.1	2.2	8790.0	9658.3	   129.0	     1.0	266.6	2305.5	499.6	0.000	0.0	0.0	27203.08	160093.37	128123.386	37074.64	6633.79	6452.79	63.87
OliveGIS	30set19	19:25:55	D:\wx_medgold\wx_agmerra_andalusia\agmerra_1428_208_ESP.txt	-3.1250	38.1250	1	4748	12	30	1992	2609.4	1.7	8426.7	9225.4	   127.0	     1.0	232.6	2235.8	480.4	0.000	0.0	0.0	24571.27	149160.81	92465.089	28719.99	6298.18	6277.74	65.09
OliveGIS	30set19	19:26:03	D:\wx_medgold\wx_agmerra_andalusia\agmerra_1428_209_ESP.txt	-3.1250	37.8750	1	4748	12	30	1992	2614.4	1.0	8142.6	8930.3	   125.0	     1.0	204.0	2156.5	414.9	0.000	0.0	0.0	21873.04	129584.21	60455.501	19312.51	5366.95	5871.48	63.11
OliveGIS	30set19	19:26:12	D:\wx_medgold\wx_agmerra_andalusia\agmerra_1428_210_ESP.txt	-3.1250	37.6250	1	4748	12	30	1992	2606.1	1.5	7889.6	8398.1	   132.0	     1.0	270.9	2490.9	420.4	0.000	0.0	0.0	30155.91	170660.31	137459.216	43525.97	6793.49	6319.12	70.89
OliveGIS	30set19	19:26:18	D:\wx_medgold\wx_agmerra_andalusia\agmerra_1428_211_ESP.txt	-3.1250	37.3750	1	4748	12	30	1992	1849.0	20.9	5639.9	6740.5	   160.0	     1.0	635.6	3078.4	293.4	0.000	0.0	0.0	10466.61	74454.38	85004.717	10174.67	1738.43	2239.73	31.30
OliveGIS	30set19	19:26:25	D:\wx_medgold\wx_agmerra_andalusia\agmerra_1428_212_ESP.txt	-3.1250	37.1250	1	4748	12	30	1992	2080.7	6.5	2890.1	5182.9	   148.0	     1.0	459.6	3018.5	475.0	0.000	0.0	0.0	14706.62	95467.02	131908.013	18126.04	3017.37	3025.45	55.81
OliveGIS	30set19	19:26:32	D:\wx_medgold\wx_agmerra_andalusia\agmerra_1428_213_ESP.txt	-3.1250	36.8750	1	4748	12	30	1992	2599.1	1.8	7177.2	7487.9	   135.0	     1.0	301.4	2472.6	391.6	0.000	0.0	0.0	26333.28	154101.37	162366.143	41594.27	6531.66	5810.85	73.01
OliveGIS	30set19	19:26:40	D:\wx_medgold\wx_agmerra_andalusia\agmerra_1429_207_ESP.txt	-2.8750	38.3750	1	4748	12	30	1992	2504.2	7.8	7455.7	8033.8	   135.0	     1.0	391.1	2455.7	457.1	0.000	0.0	0.0	21632.51	130274.22	162178.204	28882.98	5099.93	5157.48	62.28
OliveGIS	30set19	19:26:47	D:\wx_medgold\wx_agmerra_andalusia\agmerra_1429_208_ESP.txt	-2.8750	38.1250	1	4748	12	30	1992	2490.5	7.3	7190.6	7670.4	   136.0	     1.0	378.8	2469.1	498.3	0.000	0.0	0.0	20034.87	108132.11	128334.387	32583.86	4594.92	4868.97	61.51
OliveGIS	30set19	19:26:54	D:\wx_medgold\wx_agmerra_andalusia\agmerra_1429_209_ESP.txt	-2.8750	37.8750	1	4748	12	30	1992	2428.6	5.2	7147.5	7540.6	   137.0	     1.0	359.4	2639.6	515.5	0.000	0.0	0.0	22030.88	117317.11	143811.800	32508.52	4927.38	5115.57	65.84
OliveGIS	30set19	19:27:01	D:\wx_medgold\wx_agmerra_andalusia\agmerra_1429_210_ESP.txt	-2.8750	37.6250	1	4748	12	30	1992	2336.6	4.8	2715.4	3861.9	   139.0	     1.0	380.5	2770.4	394.4	0.000	0.0	0.0	12344.09	64254.77	94400.958	23843.19	2631.20	2722.49	67.67
OliveGIS	30set19	19:27:07	D:\wx_medgold\wx_agmerra_andalusia\agmerra_1429_211_ESP.txt	-2.8750	37.3750	1	4748	12	30	1992	1357.0	74.9	0.2	0.4	   189.0	     1.0	988.7	3314.7	452.7	0.000	0.0	0.0	1.88	12.21	62.921	55.62	0.19	0.21	43.52
OliveGIS	30set19	19:27:12	D:\wx_medgold\wx_agmerra_andalusia\agmerra_1429_212_ESP.txt	-2.8750	37.1250	1	4748	12	30	1992	1603.4	25.9	4939.9	7403.9	   176.0	     1.0	699.8	3386.1	464.5	0.000	0.0	0.0	6262.59	49638.94	55459.960	3774.07	986.07	1248.42	16.06
OliveGIS	30set19	19:27:18	D:\wx_medgold\wx_agmerra_andalusia\agmerra_1429_213_ESP.txt	-2.8750	36.8750	1	4748	12	30	1992	2615.3	0.3	8138.7	8629.7	   118.0	     1.0	126.9	2045.8	439.3	0.000	0.0	0.0	21900.20	108608.53	46421.590	18470.14	5731.88	6404.57	70.96
OliveGIS	30set19	19:27:26	D:\wx_medgold\wx_agmerra_andalusia\agmerra_1430_207_ESP.txt	-2.6250	38.3750	1	4748	12	30	1992	2354.0	10.3	4523.1	5609.7	   139.0	     1.0	438.2	2608.7	487.7	0.000	0.0	0.0	16313.45	91715.45	123674.278	22917.87	3587.26	3732.76	64.49
OliveGIS	30set19	19:27:33	D:\wx_medgold\wx_agmerra_andalusia\agmerra_1430_208_ESP.txt	-2.6250	38.1250	1	4748	12	30	1992	2288.8	11.0	4618.7	5773.3	   141.0	     1.0	444.9	2700.3	577.7	0.000	0.0	0.0	15975.37	84671.91	133095.517	23145.40	3477.61	3738.71	62.50
OliveGIS	30set19	19:27:39	D:\wx_medgold\wx_agmerra_andalusia\agmerra_1430_209_ESP.txt	-2.6250	37.8750	1	4748	12	30	1992	2262.0	7.3	2340.6	3614.2	   141.0	     1.0	411.7	2839.9	519.6	0.000	0.0	0.0	12442.85	72931.04	115492.563	28665.34	2744.73	2594.68	68.74
OliveGIS	30set19	19:27:46	D:\wx_medgold\wx_agmerra_andalusia\agmerra_1430_210_ESP.txt	-2.6250	37.6250	1	4748	12	30	1992	2294.2	5.0	4649.8	5673.7	   140.0	     1.0	388.3	2847.4	381.0	0.000	0.0	0.0	18272.39	102756.68	139796.687	24947.33	3886.16	3825.17	65.14
OliveGIS	30set19	19:27:52	D:\wx_medgold\wx_agmerra_andalusia\agmerra_1430_211_ESP.txt	-2.6250	37.3750	1	4748	12	30	1992	1384.2	61.4	9.9	19.1	   187.0	     1.0	931.3	3343.5	402.8	0.000	0.0	0.0	55.72	370.28	501.131	114.46	6.99	8.29	38.89
OliveGIS	30set19	19:27:57	D:\wx_medgold\wx_agmerra_andalusia\agmerra_1430_212_ESP.txt	-2.6250	37.1250	1	4748	12	30	1992	1686.0	14.5	1632.0	2745.6	   170.0	     1.0	598.7	3450.1	389.6	0.000	0.0	0.0	9421.50	70533.36	96641.893	15123.59	1647.42	1475.91	50.00
OliveGIS	30set19	19:28:04	D:\wx_medgold\wx_agmerra_andalusia\agmerra_1430_213_ESP.txt	-2.6250	36.8750	1	4748	12	30	1992	2629.0	0.1	8176.8	8654.5	   116.0	     1.0	95.3	1933.9	342.7	0.000	0.0	0.0	19291.69	97636.85	42268.173	13807.33	5544.31	6250.70	69.06
OliveGIS	30set19	19:28:12	D:\wx_medgold\wx_agmerra_andalusia\agmerra_1431_209_ESP.txt	-2.3750	37.8750	1	4748	12	30	1992	1901.9	19.8	3057.5	3531.7	   156.0	     1.0	578.9	3130.5	480.2	0.000	0.0	0.0	9401.92	63887.08	87510.659	10974.55	1662.70	1789.11	47.82
OliveGIS	30set19	19:28:17	D:\wx_medgold\wx_agmerra_andalusia\agmerra_1431_210_ESP.txt	-2.3750	37.6250	1	4748	12	30	1992	2026.8	11.3	7607.7	8271.8	   150.0	     1.0	493.0	3068.1	426.8	0.000	0.0	0.0	15557.58	103675.29	123030.706	14995.21	2946.17	3332.35	38.73
OliveGIS	30set19	19:28:23	D:\wx_medgold\wx_agmerra_andalusia\agmerra_1431_211_ESP.txt	-2.3750	37.3750	1	4748	12	30	1992	1965.8	10.7	3098.5	4375.3	   152.0	     1.0	491.4	3194.3	347.9	0.000	0.0	0.0	12257.86	86048.65	111007.064	16608.36	2327.46	2368.77	51.69
OliveGIS	30set19	19:28:29	D:\wx_medgold\wx_agmerra_andalusia\agmerra_1431_212_ESP.txt	-2.3750	37.1250	1	4748	12	30	1992	2315.3	0.8	7176.0	7391.8	   140.0	     1.0	252.4	3098.5	379.6	0.000	0.0	0.0	30913.33	185994.45	227179.904	67104.24	6780.02	5520.05	71.98
OliveGIS	30set19	19:28:38	D:\wx_medgold\wx_agmerra_andalusia\agmerra_1431_213_ESP.txt	-2.3750	36.8750	1	4748	12	30	1992	2626.5	0.0	8443.3	8930.6	   115.0	     1.0	84.3	1804.7	257.8	0.000	0.0	0.0	19239.51	99425.57	43445.473	14071.25	5834.17	6445.45	69.20
OliveGIS	30set19	19:28:46	D:\wx_medgold\wx_agmerra_andalusia\agmerra_1432_209_ESP.txt	-2.1250	37.8750	1	4748	12	30	1992	2002.1	12.3	3786.5	5536.3	   151.0	     1.0	498.8	3112.7	467.6	0.000	0.0	0.0	15540.88	108555.18	134191.112	17572.49	3025.69	2996.61	51.79
OliveGIS	30set19	19:28:52	D:\wx_medgold\wx_agmerra_andalusia\agmerra_1432_210_ESP.txt	-2.1250	37.6250	1	4748	12	30	1992	2237.8	4.8	2781.4	4459.7	   143.0	     1.0	370.0	2993.2	421.5	0.000	0.0	0.0	17276.83	103109.94	141167.511	30795.97	3587.51	3175.97	67.98
OliveGIS	30set19	19:28:59	D:\wx_medgold\wx_agmerra_andalusia\agmerra_1432_211_ESP.txt	-2.1250	37.3750	1	4748	12	30	1992	2200.7	3.2	2857.4	4627.9	   145.0	     1.0	338.6	3119.9	343.9	0.000	0.0	0.0	19607.27	122614.65	158723.489	39918.86	4111.00	3347.15	69.35
OliveGIS	30set19	19:29:06	D:\wx_medgold\wx_agmerra_andalusia\agmerra_1432_212_ESP.txt	-2.1250	37.1250	1	4748	12	30	1992	2546.8	0.0	7626.3	7784.9	   134.0	     1.0	141.7	2994.9	322.5	0.000	0.0	0.0	41650.11	245127.34	250575.939	184603.17	9760.46	6684.50	81.29
OliveGIS	30set19	19:29:16	D:\wx_medgold\wx_agmerra_andalusia\agmerra_1432_213_ESP.txt	-2.1250	36.8750	1	4748	12	30	1992	2636.1	0.0	9773.4	10220.8	   109.0	     1.0	44.3	1607.4	261.0	0.000	0.0	0.0	19783.68	103753.39	44427.266	13465.83	6239.24	7116.72	67.00
OliveGIS	30set19	19:29:24	D:\wx_medgold\wx_agmerra_andalusia\agmerra_1433_211_ESP.txt	-1.8750	37.3750	1	4748	12	30	1992	2620.0	0.9	8337.2	8843.2	   121.0	     1.0	157.3	1967.9	354.3	0.000	0.0	0.0	23832.39	123259.24	54773.936	20762.39	6536.87	6716.62	72.55
OliveGIS	30set19	19:29:33	D:\wx_medgold\wx_agmerra_andalusia\agmerra_1433_212_ESP.txt	-1.8750	37.1250	1	4748	12	30	1992	2622.6	0.0	8509.1	8870.0	   114.0	     1.0	59.3	1776.4	306.3	0.000	0.0	0.0	22854.53	114723.17	51897.327	18280.72	6744.68	6884.81	74.24
