Model	Date	Time	WxFile	Long	Lat	JdStart	DysToOut	Month	Day	Year	dd	ddbZero	FruWgt	fruNum	Bloomday	BloomYr	DDBSum	ChillHD	PrcpYrSum	TempIncr	ddbMinus10	ddbMinus83	OFEgDays	OFLrDays	OFPuDays	OFAdDays	OfPupSum	DamFrSum	PrcntAtkd
OliveGIS	30set19	19:09:59	D:\wx_medgold\wx_agmerra_andalusia\agmerra_1411_210_ESP.txt	-7.3750	37.6250	1	5114	12	31	1993	2635.3	0.0	8934.2	9310.0	   103.0	     1.0	66.4	2469.5	516.9	0.000	0.0	0.0	39358.10	212721.54	113319.967	37917.70	9678.06	7749.09	79.47
OliveGIS	30set19	19:10:09	D:\wx_medgold\wx_agmerra_andalusia\agmerra_1411_211_ESP.txt	-7.3750	37.3750	1	5114	12	31	1993	2638.5	0.0	8811.3	9123.8	   103.0	     1.0	72.2	2384.2	518.1	0.000	0.0	0.0	38305.45	208168.28	113825.544	38515.58	9590.68	7642.16	79.69
OliveGIS	30set19	19:10:16	D:\wx_medgold\wx_agmerra_andalusia\agmerra_1412_209_ESP.txt	-7.1250	37.8750	1	5114	12	31	1993	2626.3	0.1	7172.5	7456.8	   111.0	     1.0	93.9	2731.0	566.2	0.000	0.0	0.0	37855.43	228828.64	187935.153	71143.16	9590.18	6239.09	79.90
OliveGIS	30set19	19:10:24	D:\wx_medgold\wx_agmerra_andalusia\agmerra_1412_210_ESP.txt	-7.1250	37.6250	1	5114	12	31	1993	2632.7	0.0	8455.6	8813.8	   105.0	     1.0	72.0	2489.6	562.9	0.000	0.0	0.0	36840.42	202852.60	110630.300	33378.05	9044.37	7218.81	78.29
OliveGIS	30set19	19:10:31	D:\wx_medgold\wx_agmerra_andalusia\agmerra_1412_211_ESP.txt	-7.1250	37.3750	1	5114	12	31	1993	2639.9	0.0	8827.9	9205.2	   103.0	     1.0	78.3	2333.6	532.2	0.000	0.0	0.0	35960.77	192330.44	99998.719	30566.59	8884.83	7545.52	78.04
OliveGIS	30set19	19:10:39	D:\wx_medgold\wx_agmerra_andalusia\agmerra_1413_208_ESP.txt	-6.8750	38.1250	1	5114	12	31	1993	2625.1	0.9	7123.6	7402.1	   121.0	     1.0	168.4	2771.2	597.7	0.000	0.0	0.0	33591.36	209994.86	242164.454	55068.81	8201.33	5750.58	73.92
OliveGIS	30set19	19:10:46	D:\wx_medgold\wx_agmerra_andalusia\agmerra_1413_209_ESP.txt	-6.8750	37.8750	1	5114	12	31	1993	2636.3	0.2	7667.4	8056.0	   108.0	     1.0	104.6	2540.9	639.6	0.000	0.0	0.0	34833.90	209215.75	132814.168	38359.48	8907.52	6521.86	77.40
OliveGIS	30set19	19:10:54	D:\wx_medgold\wx_agmerra_andalusia\agmerra_1413_210_ESP.txt	-6.8750	37.6250	1	5114	12	31	1993	2635.9	0.1	9550.0	10116.6	    99.0	     1.0	80.3	2255.0	633.0	0.000	0.0	0.0	32983.54	168416.17	75957.846	22525.27	8086.98	7912.77	74.86
OliveGIS	30set19	19:11:02	D:\wx_medgold\wx_agmerra_andalusia\agmerra_1413_211_ESP.txt	-6.8750	37.3750	1	5114	12	31	1993	2640.3	0.0	9657.5	10239.4	    99.0	     1.0	80.1	2062.9	540.2	0.000	0.0	0.0	30252.38	160332.59	74733.353	21672.37	8310.93	7945.06	74.11
OliveGIS	30set19	19:11:12	D:\wx_medgold\wx_agmerra_andalusia\agmerra_1414_209_ESP.txt	-6.6250	37.8750	1	5114	12	31	1993	2634.7	0.5	7162.9	7496.2	   111.0	     1.0	124.6	2626.0	648.7	0.000	0.0	0.0	35258.22	212012.66	160384.816	50369.23	8539.22	6085.29	77.52
OliveGIS	30set19	19:11:20	D:\wx_medgold\wx_agmerra_andalusia\agmerra_1414_210_ESP.txt	-6.6250	37.6250	1	5114	12	31	1993	2640.2	0.1	8987.1	9537.4	   100.0	     1.0	88.0	2288.3	632.5	0.000	0.0	0.0	32501.48	168837.32	79583.819	23377.34	7859.01	7497.80	75.13
OliveGIS	30set19	19:11:28	D:\wx_medgold\wx_agmerra_andalusia\agmerra_1414_211_ESP.txt	-6.6250	37.3750	1	5114	12	31	1993	2636.0	0.0	9292.1	9944.5	    99.0	     1.0	89.8	2011.4	554.4	0.000	0.0	0.0	27983.11	147382.39	67527.517	19552.94	7721.45	7606.39	73.24
OliveGIS	30set19	19:11:36	D:\wx_medgold\wx_agmerra_andalusia\agmerra_1414_212_ESP.txt	-6.6250	37.1250	1	5114	12	31	1993	2645.9	0.0	9842.4	10354.4	    92.0	     1.0	25.6	1935.9	462.4	0.000	0.0	0.0	32201.34	163953.53	78296.173	24922.09	9175.43	8400.16	77.54
OliveGIS	30set19	19:11:44	D:\wx_medgold\wx_agmerra_andalusia\agmerra_1415_209_ESP.txt	-6.3750	37.8750	1	5114	12	31	1993	2634.4	0.9	6855.2	7200.5	   114.0	     1.0	144.3	2558.3	508.4	0.000	0.0	0.0	32496.54	191327.56	120489.124	41843.27	6964.39	5690.32	75.47
OliveGIS	30set19	19:11:51	D:\wx_medgold\wx_agmerra_andalusia\agmerra_1415_210_ESP.txt	-6.3750	37.6250	1	5114	12	31	1993	2633.1	0.3	8455.8	9033.3	   101.0	     1.0	102.5	2250.9	484.0	0.000	0.0	0.0	25618.11	126862.64	52755.638	14431.89	5947.27	6680.77	70.65
OliveGIS	30set19	19:12:00	D:\wx_medgold\wx_agmerra_andalusia\agmerra_1415_211_ESP.txt	-6.3750	37.3750	1	5114	12	31	1993	2645.0	0.0	9441.2	10229.9	    97.0	     1.0	77.1	1807.7	434.6	0.000	0.0	0.0	21470.94	110295.16	46714.760	12601.87	6080.71	7137.09	66.72
OliveGIS	30set19	19:12:09	D:\wx_medgold\wx_agmerra_andalusia\agmerra_1415_212_ESP.txt	-6.3750	37.1250	1	5114	12	31	1993	2650.4	0.0	9933.4	10598.8	    91.0	     1.0	30.7	1677.0	397.3	0.000	0.0	0.0	25703.39	132645.22	60350.716	18195.83	7797.61	7994.20	72.28
OliveGIS	30set19	19:12:18	D:\wx_medgold\wx_agmerra_andalusia\agmerra_1415_213_ESP.txt	-6.3750	36.8750	1	5114	12	31	1993	2635.0	0.0	9877.2	10374.1	    96.0	     1.0	43.9	1971.2	431.0	0.000	0.0	0.0	31923.03	171043.18	85182.438	26925.57	9552.08	8354.40	76.98
OliveGIS	30set19	19:12:26	D:\wx_medgold\wx_agmerra_andalusia\agmerra_1416_209_ESP.txt	-6.1250	37.8750	1	5114	12	31	1993	2631.3	1.1	6845.9	7207.1	   114.0	     1.0	150.3	2480.3	507.7	0.000	0.0	0.0	31067.23	172891.68	109120.333	36693.53	6819.50	5636.76	74.95
OliveGIS	30set19	19:12:33	D:\wx_medgold\wx_agmerra_andalusia\agmerra_1416_210_ESP.txt	-6.1250	37.6250	1	5114	12	31	1993	2643.6	0.3	8459.8	9075.4	   101.0	     1.0	106.7	2190.0	479.2	0.000	0.0	0.0	24738.13	123268.51	51085.562	14386.64	5970.55	6695.19	70.30
OliveGIS	30set19	19:12:42	D:\wx_medgold\wx_agmerra_andalusia\agmerra_1416_211_ESP.txt	-6.1250	37.3750	1	5114	12	31	1993	2647.8	0.1	9364.9	10244.0	    97.0	     1.0	91.1	1730.7	425.5	0.000	0.0	0.0	18980.97	99093.47	41793.536	10991.11	5567.44	6801.16	63.49
OliveGIS	30set19	19:12:51	D:\wx_medgold\wx_agmerra_andalusia\agmerra_1416_212_ESP.txt	-6.1250	37.1250	1	5114	12	31	1993	2658.0	0.0	9437.4	10208.8	    93.0	     1.0	57.2	1619.6	411.5	0.000	0.0	0.0	20357.54	107702.14	47392.213	13481.31	6378.15	7171.13	67.10
OliveGIS	30set19	19:13:00	D:\wx_medgold\wx_agmerra_andalusia\agmerra_1416_213_ESP.txt	-6.1250	36.8750	1	5114	12	31	1993	2650.3	0.1	9694.0	10380.9	    98.0	     1.0	82.7	1802.0	462.7	0.000	0.0	0.0	24881.95	131259.93	58706.209	16187.09	7169.97	7585.03	70.01
OliveGIS	30set19	19:13:09	D:\wx_medgold\wx_agmerra_andalusia\agmerra_1416_214_ESP.txt	-6.1250	36.6250	1	5114	12	31	1993	2645.4	0.0	9886.6	10282.0	    98.0	     1.0	48.9	2088.0	424.8	0.000	0.0	0.0	33916.49	180377.44	92715.567	28134.23	9677.82	8364.83	77.66
OliveGIS	30set19	19:13:18	D:\wx_medgold\wx_agmerra_andalusia\agmerra_1416_215_ESP.txt	-6.1250	36.3750	1	5114	12	31	1993	2653.2	0.0	8775.0	9325.8	   101.0	     1.0	84.0	1815.0	476.0	0.000	0.0	0.0	20356.86	105723.98	44469.533	12000.78	5750.94	6600.76	67.36
OliveGIS	30set19	19:13:26	D:\wx_medgold\wx_agmerra_andalusia\agmerra_1417_208_ESP.txt	-5.8750	38.1250	1	5114	12	31	1993	2624.4	2.0	6945.1	7361.1	   125.0	     1.0	192.1	2554.6	443.4	0.000	0.0	0.0	26822.38	163053.05	142829.166	32005.53	6212.42	5338.74	69.28
OliveGIS	30set19	19:13:34	D:\wx_medgold\wx_agmerra_andalusia\agmerra_1417_209_ESP.txt	-5.8750	37.8750	1	5114	12	31	1993	2628.2	0.9	7080.2	7535.9	   112.0	     1.0	138.6	2383.7	414.8	0.000	0.0	0.0	24591.14	132689.30	59228.299	16904.31	5357.77	5486.04	69.97
OliveGIS	30set19	19:13:42	D:\wx_medgold\wx_agmerra_andalusia\agmerra_1417_210_ESP.txt	-5.8750	37.6250	1	5114	12	31	1993	2635.4	0.2	8684.5	9390.4	   100.0	     1.0	101.5	2099.8	380.2	0.000	0.0	0.0	20912.95	105175.97	41135.265	10920.53	5238.34	6418.67	65.41
OliveGIS	30set19	19:13:50	D:\wx_medgold\wx_agmerra_andalusia\agmerra_1417_211_ESP.txt	-5.8750	37.3750	1	5114	12	31	1993	2645.6	0.0	9073.2	9968.5	    94.0	     1.0	67.1	1629.2	348.7	0.000	0.0	0.0	13989.13	75202.30	30690.863	7769.71	4438.31	5813.43	55.85
OliveGIS	30set19	19:14:00	D:\wx_medgold\wx_agmerra_andalusia\agmerra_1417_212_ESP.txt	-5.8750	37.1250	1	5114	12	31	1993	2647.0	0.0	10000.1	10858.9	    91.0	     1.0	50.3	1619.2	336.6	0.000	0.0	0.0	17643.01	95764.66	40130.485	10593.91	5688.52	6882.78	60.79
OliveGIS	30set19	19:14:11	D:\wx_medgold\wx_agmerra_andalusia\agmerra_1417_213_ESP.txt	-5.8750	36.8750	1	5114	12	31	1993	2642.4	0.0	9543.6	10200.6	    96.0	     1.0	63.5	1863.2	448.0	0.000	0.0	0.0	23483.55	122245.75	53207.071	14580.28	6633.07	7340.47	68.83
OliveGIS	30set19	19:14:19	D:\wx_medgold\wx_agmerra_andalusia\agmerra_1417_214_ESP.txt	-5.8750	36.6250	1	5114	12	31	1993	2645.5	0.0	9650.2	10094.3	    95.0	     1.0	31.6	2019.1	490.4	0.000	0.0	0.0	30688.48	157640.64	74119.740	22935.63	8538.69	8074.52	76.31
OliveGIS	30set19	19:14:27	D:\wx_medgold\wx_agmerra_andalusia\agmerra_1417_215_ESP.txt	-5.8750	36.3750	1	5114	12	31	1993	2653.6	0.0	9728.6	9951.3	    97.0	     1.0	32.4	2305.5	719.1	0.000	0.0	0.0	39804.85	211832.60	119830.639	41928.75	11315.69	8545.89	81.67
OliveGIS	30set19	19:14:34	D:\wx_medgold\wx_agmerra_andalusia\agmerra_1418_208_ESP.txt	-5.6250	38.1250	1	5114	12	31	1993	2628.5	1.9	6606.7	7069.9	   124.0	     1.0	182.1	2464.2	449.9	0.000	0.0	0.0	24726.38	149536.93	96641.300	27934.60	5564.66	5055.42	68.31
OliveGIS	30set19	19:14:42	D:\wx_medgold\wx_agmerra_andalusia\agmerra_1418_209_ESP.txt	-5.6250	37.8750	1	5114	12	31	1993	2642.1	0.8	7533.4	8070.2	   111.0	     1.0	134.8	2286.4	412.0	0.000	0.0	0.0	23803.87	120828.93	50282.579	14377.03	5132.64	5787.67	68.67
OliveGIS	30set19	19:14:50	D:\wx_medgold\wx_agmerra_andalusia\agmerra_1418_210_ESP.txt	-5.6250	37.6250	1	5114	12	31	1993	2642.7	0.2	8611.4	9318.1	   100.0	     1.0	103.2	2045.7	379.7	0.000	0.0	0.0	19404.60	98191.58	37884.126	9974.29	4885.02	6180.12	63.40
OliveGIS	30set19	19:14:59	D:\wx_medgold\wx_agmerra_andalusia\agmerra_1418_211_ESP.txt	-5.6250	37.3750	1	5114	12	31	1993	2649.1	0.0	9129.9	9983.5	    96.0	     1.0	76.3	1714.5	347.9	0.000	0.0	0.0	14274.38	74842.79	30190.045	7577.30	4271.92	5819.78	55.70
OliveGIS	30set19	19:15:07	D:\wx_medgold\wx_agmerra_andalusia\agmerra_1418_212_ESP.txt	-5.6250	37.1250	1	5114	12	31	1993	2635.4	0.0	9429.8	10147.3	    96.0	     1.0	68.9	1895.1	345.0	0.000	0.0	0.0	18878.03	96581.91	39365.966	9932.40	5208.86	6608.91	62.29
OliveGIS	30set19	19:15:16	D:\wx_medgold\wx_agmerra_andalusia\agmerra_1418_213_ESP.txt	-5.6250	36.8750	1	5114	12	31	1993	2643.3	0.1	8220.6	8638.9	   102.0	     1.0	87.9	2216.1	471.9	0.000	0.0	0.0	26532.03	135730.91	59579.893	17593.69	6472.87	6674.99	73.40
OliveGIS	30set19	19:15:24	D:\wx_medgold\wx_agmerra_andalusia\agmerra_1418_214_ESP.txt	-5.6250	36.6250	1	5114	12	31	1993	2641.1	0.0	8994.3	9287.1	   100.0	     1.0	45.9	2327.6	517.6	0.000	0.0	0.0	35720.93	186816.24	95642.716	33171.77	9382.63	7792.61	79.89
OliveGIS	30set19	19:15:32	D:\wx_medgold\wx_agmerra_andalusia\agmerra_1418_215_ESP.txt	-5.6250	36.3750	1	5114	12	31	1993	2638.1	0.0	8390.3	8529.5	   100.0	     1.0	43.0	2517.6	855.3	0.000	0.0	0.0	42300.19	221600.97	130744.936	57011.21	11410.38	7723.52	85.48
OliveGIS	30set19	19:15:39	D:\wx_medgold\wx_agmerra_andalusia\agmerra_1418_216_ESP.txt	-5.6250	36.1250	1	5114	12	31	1993	2656.0	0.0	9569.2	9684.8	    96.0	     1.0	7.7	2474.5	614.0	0.000	0.0	0.0	52925.90	279249.89	180683.474	88543.65	15104.92	8982.67	87.34
OliveGIS	30set19	19:15:46	D:\wx_medgold\wx_agmerra_andalusia\agmerra_1419_207_ESP.txt	-5.3750	38.3750	1	5114	12	31	1993	2617.8	3.0	5803.9	6262.6	   130.0	     1.0	253.6	2482.9	410.8	0.000	0.0	0.0	22143.57	135753.27	141329.682	32698.29	5238.27	4519.59	68.72
OliveGIS	30set19	19:15:53	D:\wx_medgold\wx_agmerra_andalusia\agmerra_1419_208_ESP.txt	-5.3750	38.1250	1	5114	12	31	1993	2621.9	2.0	6387.8	6965.2	   125.0	     1.0	181.9	2375.8	420.6	0.000	0.0	0.0	22628.43	130938.10	67048.540	21902.00	4995.19	4916.33	67.70
OliveGIS	30set19	19:16:01	D:\wx_medgold\wx_agmerra_andalusia\agmerra_1419_209_ESP.txt	-5.3750	37.8750	1	5114	12	31	1993	2642.1	0.3	8171.3	9051.2	   101.0	     1.0	100.2	1946.0	420.0	0.000	0.0	0.0	16593.38	84127.78	32876.870	8632.15	4376.57	5775.04	60.91
OliveGIS	30set19	19:16:10	D:\wx_medgold\wx_agmerra_andalusia\agmerra_1419_210_ESP.txt	-5.3750	37.6250	1	5114	12	31	1993	2632.1	0.0	8889.0	9828.2	    96.0	     1.0	78.3	1738.3	386.5	0.000	0.0	0.0	11813.06	63058.76	24936.436	6242.52	3678.57	5205.76	50.65
OliveGIS	30set19	19:16:19	D:\wx_medgold\wx_agmerra_andalusia\agmerra_1419_211_ESP.txt	-5.3750	37.3750	1	5114	12	31	1993	2648.8	0.0	9288.0	10048.6	    96.0	     1.0	68.7	1770.1	368.2	0.000	0.0	0.0	16860.63	88250.29	36686.380	9444.19	5001.89	6365.36	60.44
OliveGIS	30set19	19:16:27	D:\wx_medgold\wx_agmerra_andalusia\agmerra_1419_212_ESP.txt	-5.3750	37.1250	1	5114	12	31	1993	2633.3	0.0	9001.2	9547.4	    99.0	     1.0	73.2	2149.1	379.0	0.000	0.0	0.0	23564.43	118629.95	48488.354	13358.75	6003.72	6898.42	68.94
OliveGIS	30set19	19:16:35	D:\wx_medgold\wx_agmerra_andalusia\agmerra_1419_213_ESP.txt	-5.3750	36.8750	1	5114	12	31	1993	2407.5	1.5	5791.6	5878.9	   133.0	     1.0	198.9	3118.5	523.9	0.000	0.0	0.0	27986.77	164682.97	189023.298	84132.63	6243.27	4507.83	74.74
OliveGIS	30set19	19:16:43	D:\wx_medgold\wx_agmerra_andalusia\agmerra_1419_214_ESP.txt	-5.3750	36.6250	1	5114	12	31	1993	2420.5	0.2	6183.8	6285.1	   129.0	     1.0	112.2	3302.1	565.4	0.000	0.0	0.0	38533.32	219764.22	228405.440	143260.09	8610.41	5436.08	82.89
OliveGIS	30set19	19:16:50	D:\wx_medgold\wx_agmerra_andalusia\agmerra_1419_215_ESP.txt	-5.3750	36.3750	1	5114	12	31	1993	2641.3	0.0	8328.9	8511.0	   101.0	     1.0	44.3	2384.2	832.1	0.000	0.0	0.0	38907.82	202194.12	113644.847	51737.09	10598.88	7598.39	84.43
OliveGIS	30set19	19:16:57	D:\wx_medgold\wx_agmerra_andalusia\agmerra_1420_206_ESP.txt	-5.1250	38.6250	1	5114	12	31	1993	2613.4	2.5	6322.2	6953.5	   128.0	     1.0	212.9	2441.3	408.2	0.000	0.0	0.0	22867.64	144615.30	110406.186	27882.77	5585.38	4852.77	66.73
OliveGIS	30set19	19:17:05	D:\wx_medgold\wx_agmerra_andalusia\agmerra_1420_207_ESP.txt	-5.1250	38.3750	1	5114	12	31	1993	2610.2	3.3	5711.0	6140.3	   132.0	     1.0	286.7	2528.1	424.8	0.000	0.0	0.0	21529.35	130320.56	152808.195	37993.23	5046.38	4419.77	68.67
OliveGIS	30set19	19:17:13	D:\wx_medgold\wx_agmerra_andalusia\agmerra_1420_208_ESP.txt	-5.1250	38.1250	1	5114	12	31	1993	2621.3	2.0	6305.1	6905.9	   124.0	     1.0	182.2	2340.5	419.5	0.000	0.0	0.0	21762.25	121843.22	56902.285	18106.03	4604.98	4810.13	66.78
OliveGIS	30set19	19:17:21	D:\wx_medgold\wx_agmerra_andalusia\agmerra_1420_209_ESP.txt	-5.1250	37.8750	1	5114	12	31	1993	2628.0	0.3	8298.1	9241.3	   100.0	     1.0	101.8	1915.5	409.9	0.000	0.0	0.0	14483.65	73994.61	28724.954	7280.39	3972.63	5495.77	56.97
OliveGIS	30set19	19:17:31	D:\wx_medgold\wx_agmerra_andalusia\agmerra_1420_210_ESP.txt	-5.1250	37.6250	1	5114	12	31	1993	2640.8	0.0	9135.1	10120.9	    97.0	     1.0	83.2	1767.0	386.9	0.000	0.0	0.0	12356.27	64464.60	25184.631	6289.75	3666.40	5362.79	50.56
OliveGIS	30set19	19:17:39	D:\wx_medgold\wx_agmerra_andalusia\agmerra_1420_211_ESP.txt	-5.1250	37.3750	1	5114	12	31	1993	2640.1	0.0	9475.2	10270.7	    97.0	     1.0	75.0	1837.5	379.5	0.000	0.0	0.0	17408.28	90051.41	36629.148	9302.02	4963.59	6449.79	60.03
OliveGIS	30set19	19:17:48	D:\wx_medgold\wx_agmerra_andalusia\agmerra_1420_212_ESP.txt	-5.1250	37.1250	1	5114	12	31	1993	2636.7	0.1	8362.6	8872.9	   101.0	     1.0	80.4	2164.4	371.5	0.000	0.0	0.0	22139.17	109743.12	44042.889	13059.55	5334.22	6322.61	67.90
OliveGIS	30set19	19:17:55	D:\wx_medgold\wx_agmerra_andalusia\agmerra_1420_213_ESP.txt	-5.1250	36.8750	1	5114	12	31	1993	2421.0	1.1	5837.4	5922.4	   134.0	     1.0	191.3	3083.6	515.0	0.000	0.0	0.0	28551.78	164696.83	196781.335	67506.51	6352.49	4650.15	76.35
OliveGIS	30set19	19:18:03	D:\wx_medgold\wx_agmerra_andalusia\agmerra_1420_214_ESP.txt	-5.1250	36.6250	1	5114	12	31	1993	2513.9	0.0	6647.7	6722.4	   126.0	     1.0	74.6	3223.5	524.8	0.000	0.0	0.0	40903.23	229141.00	233849.157	156380.96	9560.38	5973.69	84.55
OliveGIS	30set19	19:18:11	D:\wx_medgold\wx_agmerra_andalusia\agmerra_1421_206_ESP.txt	-4.8750	38.6250	1	5114	12	31	1993	2613.8	2.0	6609.1	7277.7	   128.0	     1.0	204.8	2415.8	413.1	0.000	0.0	0.0	24294.52	148803.65	97805.206	32980.86	5767.87	5226.03	68.54
OliveGIS	30set19	19:18:19	D:\wx_medgold\wx_agmerra_andalusia\agmerra_1421_207_ESP.txt	-4.8750	38.3750	1	5114	12	31	1993	2467.2	4.2	5622.2	5944.2	   138.0	     1.0	323.0	2695.0	399.6	0.000	0.0	0.0	19452.83	119037.36	150488.818	35981.30	4270.23	3868.37	63.60
OliveGIS	30set19	19:18:26	D:\wx_medgold\wx_agmerra_andalusia\agmerra_1421_208_ESP.txt	-4.8750	38.1250	1	5114	12	31	1993	2616.2	2.5	6610.0	7124.6	   128.0	     1.0	208.5	2444.3	350.3	0.000	0.0	0.0	23300.23	138693.97	96577.116	30866.11	5354.34	5066.65	67.69
OliveGIS	30set19	19:18:35	D:\wx_medgold\wx_agmerra_andalusia\agmerra_1421_209_ESP.txt	-4.8750	37.8750	1	5114	12	31	1993	2635.4	0.5	7795.2	8647.8	   103.0	     1.0	109.8	2001.0	442.8	0.000	0.0	0.0	15041.12	75334.99	28403.294	7477.36	3813.62	5251.30	58.04
OliveGIS	30set19	19:18:45	D:\wx_medgold\wx_agmerra_andalusia\agmerra_1421_210_ESP.txt	-4.8750	37.6250	1	5114	12	31	1993	2636.1	0.1	8355.7	9249.0	   100.0	     1.0	93.9	1923.9	418.5	0.000	0.0	0.0	15191.57	78070.40	30137.104	7717.42	4080.99	5550.67	57.50
OliveGIS	30set19	19:18:53	D:\wx_medgold\wx_agmerra_andalusia\agmerra_1421_211_ESP.txt	-4.8750	37.3750	1	5114	12	31	1993	2630.0	0.2	7346.5	7828.8	   107.0	     1.0	99.9	2258.9	432.1	0.000	0.0	0.0	20790.95	103946.53	42467.224	13486.95	4792.68	5584.19	68.35
OliveGIS	30set19	19:19:03	D:\wx_medgold\wx_agmerra_andalusia\agmerra_1421_212_ESP.txt	-4.8750	37.1250	1	5114	12	31	1993	2630.1	0.3	6709.3	6986.2	   112.0	     1.0	104.7	2473.0	408.6	0.000	0.0	0.0	25346.27	142351.34	72162.309	28206.45	5639.45	5297.78	72.38
OliveGIS	30set19	19:19:12	D:\wx_medgold\wx_agmerra_andalusia\agmerra_1421_213_ESP.txt	-4.8750	36.8750	1	5114	12	31	1993	2634.6	0.3	6742.6	6906.6	   116.0	     1.0	115.0	2567.6	482.4	0.000	0.0	0.0	29438.75	170910.39	111316.882	40300.46	6785.78	5544.73	76.26
OliveGIS	30set19	19:19:20	D:\wx_medgold\wx_agmerra_andalusia\agmerra_1421_214_ESP.txt	-4.8750	36.6250	1	5114	12	31	1993	2641.3	0.0	8580.3	8770.3	   101.0	     1.0	22.3	2430.5	476.0	0.000	0.0	0.0	42140.14	214273.45	117338.382	61394.93	11119.44	7924.47	85.06
OliveGIS	30set19	19:19:28	D:\wx_medgold\wx_agmerra_andalusia\agmerra_1422_207_ESP.txt	-4.6250	38.3750	1	5114	12	31	1993	2439.8	4.7	5718.5	6047.3	   140.0	     1.0	333.8	2730.8	403.7	0.000	0.0	0.0	17836.64	109958.37	138646.940	28121.58	3830.78	3643.00	58.98
OliveGIS	30set19	19:19:36	D:\wx_medgold\wx_agmerra_andalusia\agmerra_1422_208_ESP.txt	-4.6250	38.1250	1	5114	12	31	1993	2617.8	2.7	6612.7	7160.9	   128.0	     1.0	212.7	2409.9	341.7	0.000	0.0	0.0	21811.19	129583.69	90039.540	27079.22	5128.58	4953.95	65.91
OliveGIS	30set19	19:19:46	D:\wx_medgold\wx_agmerra_andalusia\agmerra_1422_209_ESP.txt	-4.6250	37.8750	1	5114	12	31	1993	2637.7	0.6	7654.4	8536.3	   104.0	     1.0	114.8	1981.0	418.6	0.000	0.0	0.0	13903.59	69618.92	25925.228	7153.80	3502.43	4965.74	55.61
OliveGIS	30set19	19:19:56	D:\wx_medgold\wx_agmerra_andalusia\agmerra_1422_210_ESP.txt	-4.6250	37.6250	1	5114	12	31	1993	2642.9	0.2	8115.3	8988.1	   102.0	     1.0	103.7	2020.5	408.4	0.000	0.0	0.0	17275.91	87829.16	34164.898	9664.32	4476.01	5799.71	61.43
OliveGIS	30set19	19:20:05	D:\wx_medgold\wx_agmerra_andalusia\agmerra_1422_211_ESP.txt	-4.6250	37.3750	1	5114	12	31	1993	2632.6	0.4	7203.0	7667.0	   110.0	     1.0	111.3	2326.8	419.1	0.000	0.0	0.0	22914.94	116677.15	48604.667	17525.19	5010.01	5569.61	69.55
OliveGIS	30set19	19:20:15	D:\wx_medgold\wx_agmerra_andalusia\agmerra_1422_212_ESP.txt	-4.6250	37.1250	1	5114	12	31	1993	2624.0	0.4	6676.2	6978.7	   113.0	     1.0	112.2	2452.8	414.2	0.000	0.0	0.0	24825.89	138413.97	72117.202	31456.13	5626.61	5267.32	72.08
OliveGIS	30set19	19:20:24	D:\wx_medgold\wx_agmerra_andalusia\agmerra_1422_213_ESP.txt	-4.6250	36.8750	1	5114	12	31	1993	2628.4	0.1	6899.7	7107.3	   113.0	     1.0	104.9	2463.7	462.9	0.000	0.0	0.0	29534.85	165872.36	95693.664	36437.36	7181.91	5814.43	77.87
OliveGIS	30set19	19:20:33	D:\wx_medgold\wx_agmerra_andalusia\agmerra_1422_214_ESP.txt	-4.6250	36.6250	1	5114	12	31	1993	2651.6	0.0	9377.8	9621.4	    98.0	     1.0	9.3	2213.3	400.8	0.000	0.0	0.0	41999.92	212219.72	115181.963	53956.89	11791.95	8555.78	84.21
OliveGIS	30set19	19:20:42	D:\wx_medgold\wx_agmerra_andalusia\agmerra_1423_208_ESP.txt	-4.3750	38.1250	1	5114	12	31	1993	2615.3	2.4	6609.7	7168.9	   128.0	     1.0	206.6	2402.3	357.9	0.000	0.0	0.0	22772.20	134998.01	89594.513	32068.10	5408.79	5112.53	67.98
OliveGIS	30set19	19:20:51	D:\wx_medgold\wx_agmerra_andalusia\agmerra_1423_209_ESP.txt	-4.3750	37.8750	1	5114	12	31	1993	2633.3	0.5	7840.6	8817.0	   102.0	     1.0	103.7	1841.2	388.4	0.000	0.0	0.0	11576.22	59052.26	21785.595	5832.86	3146.63	4712.67	51.10
OliveGIS	30set19	19:21:02	D:\wx_medgold\wx_agmerra_andalusia\agmerra_1423_210_ESP.txt	-4.3750	37.6250	1	5114	12	31	1993	2632.5	0.3	7472.7	8341.4	   106.0	     1.0	103.3	2004.5	371.3	0.000	0.0	0.0	14846.92	74875.73	28717.193	8037.91	3829.99	5127.51	58.85
OliveGIS	30set19	19:21:11	D:\wx_medgold\wx_agmerra_andalusia\agmerra_1423_211_ESP.txt	-4.3750	37.3750	1	5114	12	31	1993	2629.5	0.7	6545.7	6958.4	   123.0	     1.0	144.3	2427.6	376.0	0.000	0.0	0.0	25040.06	144651.87	78000.287	28145.45	5651.56	5252.36	71.96
OliveGIS	30set19	19:21:20	D:\wx_medgold\wx_agmerra_andalusia\agmerra_1423_212_ESP.txt	-4.3750	37.1250	1	5114	12	31	1993	2628.7	0.7	6674.2	6992.6	   122.0	     1.0	131.1	2428.1	377.5	0.000	0.0	0.0	26492.18	150047.67	83349.216	34005.63	6051.09	5410.69	73.62
OliveGIS	30set19	19:21:29	D:\wx_medgold\wx_agmerra_andalusia\agmerra_1423_213_ESP.txt	-4.3750	36.8750	1	5114	12	31	1993	2629.5	0.4	6921.9	7182.9	   121.0	     1.0	126.2	2386.9	431.7	0.000	0.0	0.0	24910.31	143662.15	73987.103	25922.70	5619.47	5262.90	70.23
OliveGIS	30set19	19:21:38	D:\wx_medgold\wx_agmerra_andalusia\agmerra_1424_207_ESP.txt	-4.1250	38.3750	1	5114	12	31	1993	2510.0	4.3	5651.4	6070.5	   138.0	     1.0	328.6	2625.1	366.7	0.000	0.0	0.0	19722.41	120010.42	144333.288	31408.81	4347.15	4039.12	64.68
OliveGIS	30set19	19:21:46	D:\wx_medgold\wx_agmerra_andalusia\agmerra_1424_208_ESP.txt	-4.1250	38.1250	1	5114	12	31	1993	2619.2	2.7	6586.6	7169.1	   129.0	     1.0	218.4	2391.5	335.1	0.000	0.0	0.0	22229.11	129378.45	93713.100	31297.15	5275.50	5055.05	67.24
OliveGIS	30set19	19:21:55	D:\wx_medgold\wx_agmerra_andalusia\agmerra_1424_209_ESP.txt	-4.1250	37.8750	1	5114	12	31	1993	2641.1	0.6	7337.1	8255.3	   107.0	     1.0	118.0	1930.0	373.0	0.000	0.0	0.0	13284.23	67539.21	25364.134	6441.16	3421.33	4783.43	55.33
OliveGIS	30set19	19:22:05	D:\wx_medgold\wx_agmerra_andalusia\agmerra_1424_210_ESP.txt	-4.1250	37.6250	1	5114	12	31	1993	2631.9	0.5	6571.1	7293.3	   113.0	     1.0	130.1	2194.7	368.1	0.000	0.0	0.0	16001.10	79281.54	30461.069	9905.56	3552.98	4665.94	61.38
OliveGIS	30set19	19:22:12	D:\wx_medgold\wx_agmerra_andalusia\agmerra_1424_211_ESP.txt	-4.1250	37.3750	1	5114	12	31	1993	2622.3	1.2	6267.9	6609.7	   130.0	     1.0	197.4	2606.0	369.9	0.000	0.0	0.0	25685.89	149763.39	136455.147	64729.01	5941.01	5070.17	72.57
OliveGIS	30set19	19:22:21	D:\wx_medgold\wx_agmerra_andalusia\agmerra_1424_212_ESP.txt	-4.1250	37.1250	1	5114	12	31	1993	2622.0	0.9	6373.0	6670.1	   125.0	     1.0	152.3	2482.7	373.3	0.000	0.0	0.0	27225.59	156237.44	100752.800	50080.55	6110.12	5284.97	75.02
OliveGIS	30set19	19:22:32	D:\wx_medgold\wx_agmerra_andalusia\agmerra_1424_213_ESP.txt	-4.1250	36.8750	1	5114	12	31	1993	2628.6	0.4	6815.9	7033.6	   123.0	     1.0	129.7	2457.3	416.8	0.000	0.0	0.0	28977.18	160117.71	94866.415	42722.38	6464.98	5502.34	74.75
OliveGIS	30set19	19:22:41	D:\wx_medgold\wx_agmerra_andalusia\agmerra_1425_207_ESP.txt	-3.8750	38.3750	1	5114	12	31	1993	2622.2	2.7	5865.1	6470.9	   131.0	     1.0	225.8	2403.3	394.0	0.000	0.0	0.0	22728.17	136176.80	107847.929	37319.93	5428.19	4823.18	70.79
OliveGIS	30set19	19:22:51	D:\wx_medgold\wx_agmerra_andalusia\agmerra_1425_208_ESP.txt	-3.8750	38.1250	1	5114	12	31	1993	2626.6	1.7	6116.5	6822.8	   124.0	     1.0	173.1	2198.8	366.2	0.000	0.0	0.0	20421.90	106297.00	46355.767	18631.43	4420.00	4861.35	68.37
OliveGIS	30set19	19:23:00	D:\wx_medgold\wx_agmerra_andalusia\agmerra_1425_209_ESP.txt	-3.8750	37.8750	1	5114	12	31	1993	2623.9	0.8	6976.8	8063.2	   110.0	     1.0	129.8	1850.5	365.1	0.000	0.0	0.0	10023.40	51637.79	18309.758	4884.39	2636.72	4042.79	48.00
OliveGIS	30set19	19:23:10	D:\wx_medgold\wx_agmerra_andalusia\agmerra_1425_210_ESP.txt	-3.8750	37.6250	1	5114	12	31	1993	2627.4	0.8	6112.9	6918.0	   125.0	     1.0	154.6	2201.3	379.4	0.000	0.0	0.0	17561.50	90025.18	36355.208	16105.31	3764.33	4615.40	64.14
OliveGIS	30set19	19:23:19	D:\wx_medgold\wx_agmerra_andalusia\agmerra_1425_211_ESP.txt	-3.8750	37.3750	1	5114	12	31	1993	2592.7	2.2	5711.1	6074.3	   135.0	     1.0	268.5	2616.5	281.6	0.000	0.0	0.0	22156.96	130099.42	135154.431	44093.08	4964.34	4463.29	69.97
OliveGIS	30set19	19:23:28	D:\wx_medgold\wx_agmerra_andalusia\agmerra_1425_212_ESP.txt	-3.8750	37.1250	1	5114	12	31	1993	2624.5	1.3	6598.8	6986.7	   129.0	     1.0	180.6	2436.6	277.2	0.000	0.0	0.0	25826.56	151100.36	104728.773	42863.71	6138.53	5320.02	72.30
OliveGIS	30set19	19:23:37	D:\wx_medgold\wx_agmerra_andalusia\agmerra_1425_213_ESP.txt	-3.8750	36.8750	1	5114	12	31	1993	2628.3	0.5	6492.4	6992.3	   121.0	     1.0	146.2	2122.8	363.8	0.000	0.0	0.0	15685.99	77164.98	28916.614	10620.19	3386.66	4484.95	61.57
OliveGIS	30set19	19:23:47	D:\wx_medgold\wx_agmerra_andalusia\agmerra_1426_207_ESP.txt	-3.6250	38.3750	1	5114	12	31	1993	2618.6	2.9	5841.4	6423.4	   132.0	     1.0	238.3	2423.0	385.8	0.000	0.0	0.0	23297.10	139655.76	116404.907	41526.22	5514.70	4864.62	71.68
OliveGIS	30set19	19:23:56	D:\wx_medgold\wx_agmerra_andalusia\agmerra_1426_208_ESP.txt	-3.6250	38.1250	1	5114	12	31	1993	2621.2	2.0	6230.2	6919.9	   127.0	     1.0	185.7	2277.8	350.8	0.000	0.0	0.0	20735.14	121201.25	62704.318	24631.46	4963.35	4864.48	67.25
OliveGIS	30set19	19:24:05	D:\wx_medgold\wx_agmerra_andalusia\agmerra_1426_209_ESP.txt	-3.6250	37.8750	1	5114	12	31	1993	2629.7	1.1	6247.4	7207.2	   118.0	     1.0	146.2	1962.9	355.1	0.000	0.0	0.0	10740.08	53644.31	19051.715	5961.48	2524.66	3808.63	50.66
OliveGIS	30set19	19:24:14	D:\wx_medgold\wx_agmerra_andalusia\agmerra_1426_210_ESP.txt	-3.6250	37.6250	1	5114	12	31	1993	2621.2	1.4	6228.5	6913.6	   130.0	     1.0	183.6	2378.3	363.2	0.000	0.0	0.0	25568.97	150031.76	84537.873	37695.10	5898.75	5284.31	72.90
OliveGIS	30set19	19:24:22	D:\wx_medgold\wx_agmerra_andalusia\agmerra_1426_211_ESP.txt	-3.6250	37.3750	1	5114	12	31	1993	2432.2	3.7	5934.2	6256.0	   142.0	     1.0	323.4	2770.4	275.8	0.000	0.0	0.0	16468.71	90194.70	110513.838	37979.41	3362.33	3676.73	57.22
OliveGIS	30set19	19:24:30	D:\wx_medgold\wx_agmerra_andalusia\agmerra_1426_212_ESP.txt	-3.6250	37.1250	1	5114	12	31	1993	2606.5	2.2	5889.9	6185.6	   134.0	     1.0	253.6	2564.0	314.3	0.000	0.0	0.0	22521.99	128658.33	138441.595	37249.61	4960.04	4539.51	69.63
OliveGIS	30set19	19:24:40	D:\wx_medgold\wx_agmerra_andalusia\agmerra_1426_213_ESP.txt	-3.6250	36.8750	1	5114	12	31	1993	2619.8	0.8	6419.9	6864.8	   125.0	     1.0	164.6	2232.0	359.4	0.000	0.0	0.0	20321.87	107131.88	45241.369	20964.15	4312.63	4801.12	67.11
OliveGIS	30set19	19:24:50	D:\wx_medgold\wx_agmerra_andalusia\agmerra_1427_207_ESP.txt	-3.3750	38.3750	1	5114	12	31	1993	2622.5	2.3	6471.7	7169.5	   129.0	     1.0	210.8	2313.7	398.8	0.000	0.0	0.0	22762.20	132109.81	91783.215	33424.68	5489.96	5072.24	67.57
OliveGIS	30set19	19:24:58	D:\wx_medgold\wx_agmerra_andalusia\agmerra_1427_208_ESP.txt	-3.3750	38.1250	1	5114	12	31	1993	2628.9	1.7	6057.0	6775.8	   125.0	     1.0	175.1	2183.5	368.5	0.000	0.0	0.0	20034.63	110919.12	51443.736	17820.74	4372.00	4677.18	66.42
OliveGIS	30set19	19:25:09	D:\wx_medgold\wx_agmerra_andalusia\agmerra_1427_209_ESP.txt	-3.3750	37.8750	1	5114	12	31	1993	2628.2	1.2	6260.2	7043.6	   121.0	     1.0	153.2	2118.0	328.3	0.000	0.0	0.0	16505.34	84871.04	34652.777	10835.06	3692.22	4497.06	61.38
OliveGIS	30set19	19:25:18	D:\wx_medgold\wx_agmerra_andalusia\agmerra_1427_210_ESP.txt	-3.3750	37.6250	1	5114	12	31	1993	2617.7	2.0	5649.0	6090.8	   135.0	     1.0	241.9	2608.7	337.2	0.000	0.0	0.0	24036.46	141379.20	138110.458	59011.85	5526.44	4673.78	72.53
OliveGIS	30set19	19:25:25	D:\wx_medgold\wx_agmerra_andalusia\agmerra_1427_211_ESP.txt	-3.3750	37.3750	1	5114	12	31	1993	1759.9	20.5	3041.7	3980.5	   168.0	     1.0	621.1	3294.7	212.1	0.000	0.0	0.0	5746.56	40696.92	63028.892	4901.51	1059.12	1202.15	28.14
OliveGIS	30set19	19:25:31	D:\wx_medgold\wx_agmerra_andalusia\agmerra_1427_212_ESP.txt	-3.3750	37.1250	1	5114	12	31	1993	1922.6	11.4	2447.0	3981.1	   162.0	     1.0	503.5	3264.9	512.5	0.000	0.0	0.0	10608.29	69714.33	145337.600	22631.67	2129.45	2071.99	48.92
OliveGIS	30set19	19:25:39	D:\wx_medgold\wx_agmerra_andalusia\agmerra_1427_213_ESP.txt	-3.3750	36.8750	1	5114	12	31	1993	2422.5	3.7	6231.4	6538.3	   145.0	     1.0	348.6	2688.9	459.3	0.000	0.0	0.0	13940.32	78603.51	100109.858	24602.74	2966.23	3394.93	50.72
OliveGIS	30set19	19:25:47	D:\wx_medgold\wx_agmerra_andalusia\agmerra_1428_207_ESP.txt	-3.1250	38.3750	1	5114	12	31	1993	2586.5	3.1	5913.1	6406.8	   136.0	     1.0	287.1	2541.0	393.9	0.000	0.0	0.0	23859.05	142492.80	159354.698	60017.79	5571.24	4793.70	71.45
OliveGIS	30set19	19:25:56	D:\wx_medgold\wx_agmerra_andalusia\agmerra_1428_208_ESP.txt	-3.1250	38.1250	1	5114	12	31	1993	2620.6	2.6	6084.5	6599.9	   134.0	     1.0	249.0	2481.3	381.8	0.000	0.0	0.0	25141.30	151188.13	154446.030	59513.40	5928.21	5025.95	72.13
OliveGIS	30set19	19:26:04	D:\wx_medgold\wx_agmerra_andalusia\agmerra_1428_209_ESP.txt	-3.1250	37.8750	1	5114	12	31	1993	2616.6	1.8	6177.8	6756.0	   129.0	     1.0	189.2	2377.4	336.1	0.000	0.0	0.0	26054.57	149989.40	96637.098	39641.95	6064.76	5217.67	73.50
OliveGIS	30set19	19:26:12	D:\wx_medgold\wx_agmerra_andalusia\agmerra_1428_210_ESP.txt	-3.1250	37.6250	1	5114	12	31	1993	2523.8	2.5	6069.2	6451.0	   140.0	     1.0	266.0	2706.3	328.3	0.000	0.0	0.0	22611.93	126204.68	146456.799	45546.63	4912.03	4503.96	67.65
OliveGIS	30set19	19:26:18	D:\wx_medgold\wx_agmerra_andalusia\agmerra_1428_211_ESP.txt	-3.1250	37.3750	1	5114	12	31	1993	1749.7	19.3	6403.7	8458.4	   168.0	     1.0	613.6	3301.4	207.0	0.000	0.0	0.0	10486.24	74643.39	109308.527	8736.18	1945.36	2177.71	23.97
OliveGIS	30set19	19:26:25	D:\wx_medgold\wx_agmerra_andalusia\agmerra_1428_212_ESP.txt	-3.1250	37.1250	1	5114	12	31	1993	1972.7	7.8	6622.6	7456.7	   157.0	     1.0	448.6	3243.6	362.1	0.000	0.0	0.0	13899.98	90615.16	138575.097	19050.50	2786.05	2953.10	37.91
OliveGIS	30set19	19:26:32	D:\wx_medgold\wx_agmerra_andalusia\agmerra_1428_213_ESP.txt	-3.1250	36.8750	1	5114	12	31	1993	2487.8	2.6	6239.4	6518.1	   142.0	     1.0	301.2	2668.3	304.9	0.000	0.0	0.0	18181.41	110286.07	136805.002	38589.70	3906.78	3842.56	57.54
OliveGIS	30set19	19:26:40	D:\wx_medgold\wx_agmerra_andalusia\agmerra_1429_207_ESP.txt	-2.8750	38.3750	1	5114	12	31	1993	2330.7	7.4	6492.9	6929.8	   146.0	     1.0	379.3	2798.5	381.4	0.000	0.0	0.0	23173.36	149983.77	181973.442	34150.01	4830.60	4290.25	60.59
OliveGIS	30set19	19:26:47	D:\wx_medgold\wx_agmerra_andalusia\agmerra_1429_208_ESP.txt	-2.8750	38.1250	1	5114	12	31	1993	2319.5	6.7	6556.4	6987.6	   147.0	     1.0	366.4	2820.4	410.8	0.000	0.0	0.0	19305.61	112583.10	155388.905	24127.57	4252.33	4034.55	56.39
OliveGIS	30set19	19:26:54	D:\wx_medgold\wx_agmerra_andalusia\agmerra_1429_209_ESP.txt	-2.8750	37.8750	1	5114	12	31	1993	2282.7	4.6	6507.9	6933.5	   148.0	     1.0	339.0	2980.6	409.9	0.000	0.0	0.0	20885.82	129942.10	193696.274	29606.58	4750.87	4040.45	56.90
OliveGIS	30set19	19:27:01	D:\wx_medgold\wx_agmerra_andalusia\agmerra_1429_210_ESP.txt	-2.8750	37.6250	1	5114	12	31	1993	2197.0	5.3	3604.6	4797.2	   150.0	     1.0	365.4	3083.1	326.2	0.000	0.0	0.0	16840.94	115531.41	153323.905	18798.56	3476.40	2839.19	57.84
OliveGIS	30set19	19:27:07	D:\wx_medgold\wx_agmerra_andalusia\agmerra_1429_211_ESP.txt	-2.8750	37.3750	1	5114	12	31	1993	1257.0	70.2	0.2	0.4	   187.0	     1.0	986.2	3514.5	317.5	0.000	0.0	0.1	0.77	5.71	8.435	30.32	0.11	0.10	25.45
OliveGIS	30set19	19:27:12	D:\wx_medgold\wx_agmerra_andalusia\agmerra_1429_212_ESP.txt	-2.8750	37.1250	1	5114	12	31	1993	1478.9	24.8	1468.3	2538.9	   176.0	     1.0	698.9	3611.7	342.4	0.000	0.0	0.0	5433.02	41711.63	46624.531	8387.90	811.30	808.10	26.64
OliveGIS	30set19	19:27:18	D:\wx_medgold\wx_agmerra_andalusia\agmerra_1429_213_ESP.txt	-2.8750	36.8750	1	5114	12	31	1993	2626.7	0.3	6700.3	7098.4	   122.0	     1.0	127.9	2245.5	329.5	0.000	0.0	0.0	21525.70	112924.16	48466.673	20310.17	4589.90	4974.39	67.23
OliveGIS	30set19	19:27:27	D:\wx_medgold\wx_agmerra_andalusia\agmerra_1430_207_ESP.txt	-2.6250	38.3750	1	5114	12	31	1993	2194.2	9.2	6938.9	7423.5	   151.0	     1.0	421.4	2921.7	403.0	0.000	0.0	0.0	21181.02	146851.51	201267.761	18990.82	4325.56	3908.56	51.44
OliveGIS	30set19	19:27:33	D:\wx_medgold\wx_agmerra_andalusia\agmerra_1430_208_ESP.txt	-2.6250	38.1250	1	5114	12	31	1993	2135.1	9.4	6680.6	7197.4	   152.0	     1.0	427.5	3017.2	457.1	0.000	0.0	0.0	19504.54	131923.50	202343.450	18398.41	4100.84	3684.79	49.92
OliveGIS	30set19	19:27:39	D:\wx_medgold\wx_agmerra_andalusia\agmerra_1430_209_ESP.txt	-2.6250	37.8750	1	5114	12	31	1993	2131.3	6.1	3353.1	4677.0	   152.0	     1.0	385.0	3125.9	408.0	0.000	0.0	0.0	14834.50	103784.32	147001.545	17888.20	2978.46	2549.19	53.05
OliveGIS	30set19	19:27:46	D:\wx_medgold\wx_agmerra_andalusia\agmerra_1430_210_ESP.txt	-2.6250	37.6250	1	5114	12	31	1993	2170.0	5.5	6752.3	7208.9	   151.0	     1.0	369.3	3093.1	318.0	0.000	0.0	0.0	26194.74	182420.91	223868.625	30119.18	5159.42	4331.27	58.56
OliveGIS	30set19	19:27:52	D:\wx_medgold\wx_agmerra_andalusia\agmerra_1430_211_ESP.txt	-2.6250	37.3750	1	5114	12	31	1993	1291.0	56.2	10.0	22.2	   184.0	     1.0	921.3	3573.6	301.9	0.000	0.0	0.0	39.50	281.72	434.799	93.52	6.17	5.92	23.63
OliveGIS	30set19	19:27:57	D:\wx_medgold\wx_agmerra_andalusia\agmerra_1430_212_ESP.txt	-2.6250	37.1250	1	5114	12	31	1993	1561.5	14.7	3788.2	6039.4	   171.0	     1.0	588.2	3679.0	294.4	0.000	0.0	0.0	9866.28	75645.98	102197.398	10448.42	1578.35	1738.38	26.89
OliveGIS	30set19	19:28:04	D:\wx_medgold\wx_agmerra_andalusia\agmerra_1430_213_ESP.txt	-2.6250	36.8750	1	5114	12	31	1993	2629.7	0.0	7434.9	7862.3	   113.0	     1.0	94.2	2077.7	256.5	0.000	0.0	0.0	19067.85	96424.60	38028.073	12759.29	4441.23	5363.80	65.41
OliveGIS	30set19	19:28:12	D:\wx_medgold\wx_agmerra_andalusia\agmerra_1431_209_ESP.txt	-2.3750	37.8750	1	5114	12	31	1993	1753.9	17.2	5159.7	6879.2	   167.0	     1.0	566.4	3401.6	376.6	0.000	0.0	0.0	10900.71	78381.92	116602.248	7871.81	1997.11	2130.09	29.41
OliveGIS	30set19	19:28:18	D:\wx_medgold\wx_agmerra_andalusia\agmerra_1431_210_ESP.txt	-2.3750	37.6250	1	5114	12	31	1993	1876.4	11.3	5525.5	6678.7	   160.0	     1.0	488.5	3341.9	348.2	0.000	0.0	0.0	17015.44	106914.68	175655.203	17744.40	3418.77	3259.28	45.83
OliveGIS	30set19	19:28:23	D:\wx_medgold\wx_agmerra_andalusia\agmerra_1431_211_ESP.txt	-2.3750	37.3750	1	5114	12	31	1993	1841.6	11.7	4404.4	5449.1	   161.0	     1.0	492.4	3418.5	268.3	0.000	0.0	0.0	13004.73	84912.85	151397.037	11647.37	2683.25	2494.22	43.53
OliveGIS	30set19	19:28:29	D:\wx_medgold\wx_agmerra_andalusia\agmerra_1431_212_ESP.txt	-2.3750	37.1250	1	5114	12	31	1993	2164.7	1.9	6312.7	6683.4	   149.0	     1.0	251.5	3350.1	297.9	0.000	0.0	0.0	34090.96	225297.94	265592.731	82812.32	6843.81	4922.23	71.16
OliveGIS	30set19	19:28:38	D:\wx_medgold\wx_agmerra_andalusia\agmerra_1431_213_ESP.txt	-2.3750	36.8750	1	5114	12	31	1993	2631.6	0.0	7339.4	7762.1	   111.0	     1.0	78.4	1967.1	214.6	0.000	0.0	0.0	17150.18	87713.98	35349.285	10442.91	4483.41	5379.22	66.07
OliveGIS	30set19	19:28:46	D:\wx_medgold\wx_agmerra_andalusia\agmerra_1432_209_ESP.txt	-2.1250	37.8750	1	5114	12	31	1993	1864.3	11.8	7192.4	8707.0	   160.0	     1.0	486.3	3365.0	367.8	0.000	0.0	0.0	24649.48	171790.80	206672.805	27020.67	4034.66	4125.14	45.35
OliveGIS	30set19	19:28:53	D:\wx_medgold\wx_agmerra_andalusia\agmerra_1432_210_ESP.txt	-2.1250	37.6250	1	5114	12	31	1993	2093.1	6.3	3554.1	4890.3	   152.0	     1.0	365.2	3209.1	352.5	0.000	0.0	0.0	18994.42	131923.49	152002.444	28841.40	3593.02	3091.59	61.10
OliveGIS	30set19	19:29:00	D:\wx_medgold\wx_agmerra_andalusia\agmerra_1432_211_ESP.txt	-2.1250	37.3750	1	5114	12	31	1993	2079.0	4.6	3477.0	4760.4	   152.0	     1.0	337.6	3306.0	274.8	0.000	0.0	0.0	21018.34	142409.22	162185.360	41408.41	3948.74	3241.25	65.71
OliveGIS	30set19	19:29:06	D:\wx_medgold\wx_agmerra_andalusia\agmerra_1432_212_ESP.txt	-2.1250	37.1250	1	5114	12	31	1993	2401.7	0.1	6562.0	6695.4	   138.0	     1.0	135.1	3209.3	253.9	0.000	0.0	0.0	36970.60	210738.50	247043.732	134444.40	8119.76	5563.27	80.09
OliveGIS	30set19	19:29:16	D:\wx_medgold\wx_agmerra_andalusia\agmerra_1432_213_ESP.txt	-2.1250	36.8750	1	5114	12	31	1993	2643.3	0.0	8629.0	8997.2	   103.0	     1.0	37.2	1711.2	206.4	0.000	0.0	0.0	17358.83	90039.09	37169.664	11779.77	5092.65	6143.79	65.00
OliveGIS	30set19	19:29:24	D:\wx_medgold\wx_agmerra_andalusia\agmerra_1433_211_ESP.txt	-1.8750	37.3750	1	5114	12	31	1993	2628.7	0.6	6949.6	7383.6	   125.0	     1.0	147.3	2106.5	287.4	0.000	0.0	0.0	24299.75	128410.81	59886.184	31063.13	5679.74	5595.25	72.44
OliveGIS	30set19	19:29:33	D:\wx_medgold\wx_agmerra_andalusia\agmerra_1433_212_ESP.txt	-1.8750	37.1250	1	5114	12	31	1993	2635.5	0.0	7772.7	8078.7	   111.0	     1.0	52.8	1916.7	244.2	0.000	0.0	0.0	21408.45	113347.03	51191.905	15690.80	6030.20	6107.91	72.09
