Model	Date	Time	WxFile	Long	Lat	JdStart	DysToOut	Month	Day	Year	dd	ddbZero	FruWgt	fruNum	Bloomday	BloomYr	DDBSum	ChillHD	PrcpYrSum	TempIncr	ddbMinus10	ddbMinus83	OFEgDays	OFLrDays	OFPuDays	OFAdDays	OfPupSum	DamFrSum	PrcntAtkd
OliveGIS	30set19	19:10:01	D:\wx_medgold\wx_agmerra_andalusia\agmerra_1411_210_ESP.txt	-7.3750	37.6250	1	9131	12	30	2004	2657.7	0.0	8363.3	9027.2	   110.0	     1.0	49.5	1992.2	393.0	0.000	0.0	0.0	17445.56	87819.72	33244.714	8278.71	4269.66	5563.62	59.12
OliveGIS	30set19	19:10:12	D:\wx_medgold\wx_agmerra_andalusia\agmerra_1411_211_ESP.txt	-7.3750	37.3750	1	9131	12	30	2004	2671.9	0.0	8365.5	8952.6	   110.0	     1.0	49.5	2024.4	380.7	0.000	0.0	0.0	18674.72	93731.15	36348.571	8452.66	4597.22	5786.81	61.58
OliveGIS	30set19	19:10:19	D:\wx_medgold\wx_agmerra_andalusia\agmerra_1412_209_ESP.txt	-7.1250	37.8750	1	9131	12	30	2004	2643.0	0.1	6753.1	7156.1	   117.0	     1.0	65.7	2275.6	430.5	0.000	0.0	0.0	18731.86	90226.03	36664.527	12429.15	4325.87	5098.30	68.25
OliveGIS	30set19	19:10:26	D:\wx_medgold\wx_agmerra_andalusia\agmerra_1412_210_ESP.txt	-7.1250	37.6250	1	9131	12	30	2004	2656.4	0.0	7750.5	8360.3	   113.0	     1.0	53.7	2054.4	429.6	0.000	0.0	0.0	16729.96	83854.74	32574.312	8046.72	4133.61	5273.44	60.35
OliveGIS	30set19	19:10:34	D:\wx_medgold\wx_agmerra_andalusia\agmerra_1412_211_ESP.txt	-7.1250	37.3750	1	9131	12	30	2004	2657.7	0.0	8004.0	8612.8	   111.0	     1.0	53.1	2021.5	389.8	0.000	0.0	0.0	18066.55	91621.07	36202.876	8584.76	4587.39	5640.66	62.66
OliveGIS	30set19	19:10:41	D:\wx_medgold\wx_agmerra_andalusia\agmerra_1413_208_ESP.txt	-6.8750	38.1250	1	9131	12	30	2004	2648.6	0.3	6618.1	7033.7	   126.0	     1.0	95.8	2363.1	492.5	0.000	0.0	0.0	18049.29	85801.33	34349.699	11786.90	4107.29	4967.69	67.45
OliveGIS	30set19	19:10:49	D:\wx_medgold\wx_agmerra_andalusia\agmerra_1413_209_ESP.txt	-6.8750	37.8750	1	9131	12	30	2004	2649.0	0.1	7106.1	7574.1	   116.0	     1.0	67.8	2196.9	559.0	0.000	0.0	0.0	17404.62	84498.96	33630.747	9681.02	4072.56	5094.94	64.45
OliveGIS	30set19	19:10:56	D:\wx_medgold\wx_agmerra_andalusia\agmerra_1413_210_ESP.txt	-6.8750	37.6250	1	9131	12	30	2004	2675.4	0.0	8501.6	9251.1	   108.0	     1.0	51.5	1932.0	569.8	0.000	0.0	0.0	15063.57	76488.68	27842.726	5665.26	3750.91	5238.84	53.93
OliveGIS	30set19	19:11:07	D:\wx_medgold\wx_agmerra_andalusia\agmerra_1413_211_ESP.txt	-6.8750	37.3750	1	9131	12	30	2004	2657.4	0.0	8437.3	9155.7	   107.0	     1.0	47.7	1886.5	431.7	0.000	0.0	0.0	14828.64	75697.10	27972.214	5803.45	3872.24	5289.22	55.33
OliveGIS	30set19	19:11:15	D:\wx_medgold\wx_agmerra_andalusia\agmerra_1414_209_ESP.txt	-6.6250	37.8750	1	9131	12	30	2004	2651.2	0.2	6535.1	6933.3	   119.0	     1.0	79.0	2316.8	567.9	0.000	0.0	0.0	17110.12	81177.61	31841.168	11095.36	3890.16	4827.24	66.63
OliveGIS	30set19	19:11:22	D:\wx_medgold\wx_agmerra_andalusia\agmerra_1414_210_ESP.txt	-6.6250	37.6250	1	9131	12	30	2004	2663.1	0.0	7862.1	8547.9	   111.0	     1.0	56.6	2008.7	565.7	0.000	0.0	0.0	15084.13	76884.43	29456.571	6669.01	3852.95	5127.27	57.21
OliveGIS	30set19	19:11:31	D:\wx_medgold\wx_agmerra_andalusia\agmerra_1414_211_ESP.txt	-6.6250	37.3750	1	9131	12	30	2004	2667.5	0.0	8096.9	8834.0	   109.0	     1.0	53.9	1882.2	447.4	0.000	0.0	0.0	13811.58	71285.40	26875.517	5516.51	3681.46	5043.22	54.41
OliveGIS	30set19	19:11:39	D:\wx_medgold\wx_agmerra_andalusia\agmerra_1414_212_ESP.txt	-6.6250	37.1250	1	9131	12	30	2004	2684.0	0.0	9558.9	10234.5	    96.0	     1.0	14.0	1691.6	371.5	0.000	0.0	0.0	23215.86	121783.46	51439.986	14672.96	6744.67	7276.08	67.90
OliveGIS	30set19	19:11:46	D:\wx_medgold\wx_agmerra_andalusia\agmerra_1415_209_ESP.txt	-6.3750	37.8750	1	9131	12	30	2004	2644.0	0.3	6533.4	6979.2	   123.0	     1.0	91.1	2281.2	467.6	0.000	0.0	0.0	15601.51	74714.45	28945.897	8508.96	3607.12	4663.97	64.17
OliveGIS	30set19	19:11:54	D:\wx_medgold\wx_agmerra_andalusia\agmerra_1415_210_ESP.txt	-6.3750	37.6250	1	9131	12	30	2004	2648.6	0.1	7459.7	8169.2	   113.0	     1.0	64.4	1982.5	456.1	0.000	0.0	0.0	12648.30	65516.53	24519.236	4891.50	3344.00	4583.36	53.67
OliveGIS	30set19	19:12:03	D:\wx_medgold\wx_agmerra_andalusia\agmerra_1415_211_ESP.txt	-6.3750	37.3750	1	9131	12	30	2004	2668.5	0.0	8940.5	10068.7	   103.0	     1.0	40.9	1675.1	398.0	0.000	0.0	0.0	10188.87	51640.16	14686.675	3689.86	2577.65	4451.73	42.26
OliveGIS	30set19	19:12:12	D:\wx_medgold\wx_agmerra_andalusia\agmerra_1415_212_ESP.txt	-6.3750	37.1250	1	9131	12	30	2004	2686.5	0.0	10152.9	11171.7	    93.0	     1.0	15.3	1434.6	358.0	0.000	0.0	0.0	16675.28	86094.85	34399.552	9964.49	4906.10	6646.06	56.81
OliveGIS	30set19	19:12:21	D:\wx_medgold\wx_agmerra_andalusia\agmerra_1415_213_ESP.txt	-6.3750	36.8750	1	9131	12	30	2004	2675.3	0.0	8842.6	9594.7	    98.0	     1.0	17.1	1585.9	336.7	0.000	0.0	0.0	19080.10	101844.35	42428.597	12058.06	5766.06	6533.15	65.02
OliveGIS	30set19	19:12:28	D:\wx_medgold\wx_agmerra_andalusia\agmerra_1416_209_ESP.txt	-6.1250	37.8750	1	9131	12	30	2004	2640.6	0.3	6572.0	7018.3	   123.0	     1.0	95.2	2279.0	468.4	0.000	0.0	0.0	15308.95	73314.31	28123.808	7923.96	3514.02	4622.39	63.26
OliveGIS	30set19	19:12:36	D:\wx_medgold\wx_agmerra_andalusia\agmerra_1416_210_ESP.txt	-6.1250	37.6250	1	9131	12	30	2004	2660.0	0.1	7516.0	8234.0	   113.0	     1.0	66.0	1943.3	450.5	0.000	0.0	0.0	12326.73	63611.14	23662.681	4772.98	3251.05	4571.74	52.89
OliveGIS	30set19	19:12:45	D:\wx_medgold\wx_agmerra_andalusia\agmerra_1416_211_ESP.txt	-6.1250	37.3750	1	9131	12	30	2004	2672.3	0.0	8977.5	10190.1	   104.0	     1.0	49.3	1630.5	386.1	0.000	0.0	0.0	9101.97	46390.76	14164.406	3696.38	2415.18	4263.56	39.87
OliveGIS	30set19	19:12:54	D:\wx_medgold\wx_agmerra_andalusia\agmerra_1416_212_ESP.txt	-6.1250	37.1250	1	9131	12	30	2004	2680.0	0.0	9347.7	10475.2	    97.0	     1.0	27.9	1419.8	364.3	0.000	0.0	0.0	10572.08	54736.10	20556.118	5996.58	3092.61	4991.17	45.43
OliveGIS	30set19	19:13:03	D:\wx_medgold\wx_agmerra_andalusia\agmerra_1416_213_ESP.txt	-6.1250	36.8750	1	9131	12	30	2004	2669.4	0.0	9393.8	10487.7	   101.0	     1.0	37.6	1528.0	367.8	0.000	0.0	0.0	12223.29	63711.29	20675.359	5686.39	3360.46	5315.74	48.47
OliveGIS	30set19	19:13:12	D:\wx_medgold\wx_agmerra_andalusia\agmerra_1416_214_ESP.txt	-6.1250	36.6250	1	9131	12	30	2004	2662.0	0.0	2023.7	2180.4	    99.0	     1.0	21.4	1723.1	340.0	0.000	0.0	0.0	5282.49	27122.69	11756.868	3782.10	1542.09	1626.75	71.12
OliveGIS	30set19	19:13:21	D:\wx_medgold\wx_agmerra_andalusia\agmerra_1416_215_ESP.txt	-6.1250	36.3750	1	9131	12	30	2004	2660.1	0.0	2844.8	3192.5	    95.0	     1.0	21.8	1438.2	329.8	0.000	0.0	0.0	4533.42	24346.80	10403.382	3235.03	1497.11	1932.31	57.63
OliveGIS	30set19	19:13:29	D:\wx_medgold\wx_agmerra_andalusia\agmerra_1417_208_ESP.txt	-5.8750	38.1250	1	9131	12	30	2004	2631.2	0.8	6862.0	7476.5	   135.0	     1.0	130.1	2302.5	408.3	0.000	0.0	0.0	16717.98	80035.32	30673.292	11716.03	3798.15	4974.99	63.82
OliveGIS	30set19	19:13:36	D:\wx_medgold\wx_agmerra_andalusia\agmerra_1417_209_ESP.txt	-5.8750	37.8750	1	9131	12	30	2004	2649.9	0.4	6499.1	7065.8	   120.0	     1.0	91.7	2154.3	419.1	0.000	0.0	0.0	12791.09	61661.68	23475.846	5629.91	3054.99	4310.47	58.20
OliveGIS	30set19	19:13:44	D:\wx_medgold\wx_agmerra_andalusia\agmerra_1417_210_ESP.txt	-5.8750	37.6250	1	9131	12	30	2004	2660.5	0.2	7698.5	8626.9	   111.0	     1.0	63.7	1828.5	395.3	0.000	0.0	0.0	9282.72	47469.15	15745.501	3267.26	2484.72	3955.82	43.55
OliveGIS	30set19	19:13:53	D:\wx_medgold\wx_agmerra_andalusia\agmerra_1417_211_ESP.txt	-5.8750	37.3750	1	9131	12	30	2004	2670.8	0.0	8677.3	9936.2	   100.0	     1.0	42.9	1523.3	371.6	0.000	0.0	0.0	6938.45	32809.47	11922.050	3268.63	1800.71	3521.74	33.65
OliveGIS	30set19	19:14:05	D:\wx_medgold\wx_agmerra_andalusia\agmerra_1417_212_ESP.txt	-5.8750	37.1250	1	9131	12	30	2004	2678.1	0.0	9221.5	10417.7	    97.0	     1.0	32.2	1427.7	356.6	0.000	0.0	0.0	9550.69	49770.39	19145.336	5400.54	2883.81	4680.14	42.69
OliveGIS	30set19	19:14:14	D:\wx_medgold\wx_agmerra_andalusia\agmerra_1417_213_ESP.txt	-5.8750	36.8750	1	9131	12	30	2004	2661.3	0.0	9010.4	9904.5	   103.0	     1.0	39.6	1703.9	340.3	0.000	0.0	0.0	14023.99	74402.05	27025.768	6473.48	4087.58	5599.10	54.09
OliveGIS	30set19	19:14:22	D:\wx_medgold\wx_agmerra_andalusia\agmerra_1417_214_ESP.txt	-5.8750	36.6250	1	9131	12	30	2004	2667.1	0.0	2012.1	2152.8	    99.0	     1.0	22.1	1813.0	376.2	0.000	0.0	0.0	5497.10	27580.62	11959.328	3807.65	1537.14	1630.48	71.92
OliveGIS	30set19	19:14:29	D:\wx_medgold\wx_agmerra_andalusia\agmerra_1417_215_ESP.txt	-5.8750	36.3750	1	9131	12	30	2004	2687.7	0.0	9409.5	9841.3	   100.0	     1.0	15.3	1985.7	468.1	0.000	0.0	0.0	22742.15	118786.64	52071.918	14422.08	6491.76	7065.42	68.41
OliveGIS	30set19	19:14:37	D:\wx_medgold\wx_agmerra_andalusia\agmerra_1418_208_ESP.txt	-5.6250	38.1250	1	9131	12	30	2004	2640.5	0.9	6576.3	7216.8	   133.0	     1.0	125.9	2212.5	414.6	0.000	0.0	0.0	15738.44	76738.17	29660.214	9294.62	3677.14	4808.82	63.67
OliveGIS	30set19	19:14:45	D:\wx_medgold\wx_agmerra_andalusia\agmerra_1418_209_ESP.txt	-5.6250	37.8750	1	9131	12	30	2004	2641.6	0.5	6542.3	7157.0	   118.0	     1.0	87.4	2046.0	420.8	0.000	0.0	0.0	11270.28	56475.25	21590.763	4689.21	2895.51	4086.37	54.51
OliveGIS	30set19	19:14:53	D:\wx_medgold\wx_agmerra_andalusia\agmerra_1418_210_ESP.txt	-5.6250	37.6250	1	9131	12	30	2004	2656.6	0.2	7646.0	8573.1	   109.0	     1.0	63.1	1763.4	384.3	0.000	0.0	0.0	8613.61	43845.33	13895.664	3118.28	2290.11	3772.00	41.96
OliveGIS	30set19	19:15:02	D:\wx_medgold\wx_agmerra_andalusia\agmerra_1418_211_ESP.txt	-5.6250	37.3750	1	9131	12	30	2004	2660.9	0.1	8776.0	9960.6	   101.0	     1.0	48.3	1570.5	371.0	0.000	0.0	0.0	8240.04	41086.11	13049.392	3614.47	2170.63	4000.07	38.35
OliveGIS	30set19	19:15:10	D:\wx_medgold\wx_agmerra_andalusia\agmerra_1418_212_ESP.txt	-5.6250	37.1250	1	9131	12	30	2004	2676.0	0.1	8958.6	9914.0	   102.0	     1.0	44.1	1719.4	373.0	0.000	0.0	0.0	9929.18	52281.02	16929.114	3658.25	2827.25	4463.44	42.67
OliveGIS	30set19	19:15:18	D:\wx_medgold\wx_agmerra_andalusia\agmerra_1418_213_ESP.txt	-5.6250	36.8750	1	9131	12	30	2004	2654.6	0.0	6889.2	7316.1	   113.0	     1.0	57.2	2081.8	369.9	0.000	0.0	0.0	16421.66	83164.92	34563.087	9445.41	4407.24	5137.18	66.87
OliveGIS	30set19	19:15:26	D:\wx_medgold\wx_agmerra_andalusia\agmerra_1418_214_ESP.txt	-5.6250	36.6250	1	9131	12	30	2004	2665.6	0.0	8807.6	9168.9	   107.0	     1.0	30.6	2170.0	406.1	0.000	0.0	0.0	26757.43	131268.47	56649.089	17824.09	6920.04	7157.65	74.12
OliveGIS	30set19	19:15:34	D:\wx_medgold\wx_agmerra_andalusia\agmerra_1418_215_ESP.txt	-5.6250	36.3750	1	9131	12	30	2004	2678.1	0.0	8544.3	8794.4	   105.0	     1.0	20.6	2204.8	570.8	0.000	0.0	0.0	29926.98	145830.03	66262.765	23018.27	7815.15	7259.83	78.39
OliveGIS	30set19	19:15:41	D:\wx_medgold\wx_agmerra_andalusia\agmerra_1418_216_ESP.txt	-5.6250	36.1250	1	9131	12	30	2004	2686.5	0.0	8843.4	9075.7	    95.0	     1.0	2.4	2101.5	399.5	0.000	0.0	0.0	35555.74	185155.52	99657.306	38986.66	10589.41	7802.37	81.99
OliveGIS	30set19	19:15:48	D:\wx_medgold\wx_agmerra_andalusia\agmerra_1419_207_ESP.txt	-5.3750	38.3750	1	9131	12	30	2004	2630.5	1.6	6462.6	7226.8	   140.0	     1.0	172.7	2241.4	403.1	0.000	0.0	0.0	13119.29	61737.88	22516.188	11101.70	2852.14	4279.53	56.66
OliveGIS	30set19	19:15:56	D:\wx_medgold\wx_agmerra_andalusia\agmerra_1419_208_ESP.txt	-5.3750	38.1250	1	9131	12	30	2004	2632.3	1.2	6692.5	7571.4	   135.0	     1.0	140.5	2122.3	421.8	0.000	0.0	0.0	11761.61	56452.45	21406.930	6444.85	2736.75	4182.40	52.77
OliveGIS	30set19	19:16:04	D:\wx_medgold\wx_agmerra_andalusia\agmerra_1419_209_ESP.txt	-5.3750	37.8750	1	9131	12	30	2004	2656.3	0.3	7191.9	8286.3	   112.0	     1.0	65.8	1721.0	467.4	0.000	0.0	0.0	7579.03	39384.40	12400.964	2905.36	2115.79	3499.71	40.05
OliveGIS	30set19	19:16:13	D:\wx_medgold\wx_agmerra_andalusia\agmerra_1419_210_ESP.txt	-5.3750	37.6250	1	9131	12	30	2004	2663.8	0.1	8210.0	9553.1	   100.0	     1.0	49.1	1442.2	419.1	0.000	0.0	0.0	4718.98	24168.13	8774.964	2565.06	1373.04	2760.34	27.23
OliveGIS	30set19	19:16:22	D:\wx_medgold\wx_agmerra_andalusia\agmerra_1419_211_ESP.txt	-5.3750	37.3750	1	9131	12	30	2004	2669.9	0.1	8368.5	9420.6	   106.0	     1.0	51.4	1632.4	406.9	0.000	0.0	0.0	7752.85	38429.15	10915.508	2739.95	1960.77	3589.51	36.15
OliveGIS	30set19	19:16:30	D:\wx_medgold\wx_agmerra_andalusia\agmerra_1419_212_ESP.txt	-5.3750	37.1250	1	9131	12	30	2004	2656.5	0.2	6829.2	7378.4	   113.0	     1.0	57.3	2015.1	427.8	0.000	0.0	0.0	13593.94	68908.95	27693.335	6728.26	3686.02	4718.37	61.02
OliveGIS	30set19	19:16:38	D:\wx_medgold\wx_agmerra_andalusia\agmerra_1419_213_ESP.txt	-5.3750	36.8750	1	9131	12	30	2004	2587.9	1.1	6085.9	6191.2	   146.0	     1.0	182.0	2931.9	452.4	0.000	0.0	0.0	29530.09	169438.41	137743.885	60573.67	6316.78	5128.18	79.22
OliveGIS	30set19	19:16:45	D:\wx_medgold\wx_agmerra_andalusia\agmerra_1419_214_ESP.txt	-5.3750	36.6250	1	9131	12	30	2004	2603.4	0.1	6210.2	6259.4	   141.0	     1.0	110.6	3055.6	486.2	0.000	0.0	0.0	34253.93	196989.47	162408.650	89284.41	8027.88	5442.04	83.07
OliveGIS	30set19	19:16:53	D:\wx_medgold\wx_agmerra_andalusia\agmerra_1419_215_ESP.txt	-5.3750	36.3750	1	9131	12	30	2004	2674.3	0.0	7061.7	7234.7	   111.0	     1.0	26.3	2310.8	548.8	0.000	0.0	0.0	24904.57	121016.70	54894.784	22245.52	6388.61	5959.94	78.37
OliveGIS	30set19	19:17:00	D:\wx_medgold\wx_agmerra_andalusia\agmerra_1420_206_ESP.txt	-5.1250	38.6250	1	9131	12	30	2004	2631.8	1.3	6425.6	7264.5	   139.0	     1.0	167.2	2222.7	427.0	0.000	0.0	0.0	15286.04	75168.78	29106.385	11192.42	3542.18	4686.01	61.81
OliveGIS	30set19	19:17:08	D:\wx_medgold\wx_agmerra_andalusia\agmerra_1420_207_ESP.txt	-5.1250	38.3750	1	9131	12	30	2004	2624.9	1.6	6662.7	7348.2	   141.0	     1.0	179.2	2305.8	403.4	0.000	0.0	0.0	14188.05	66767.92	24342.377	11527.94	3056.22	4469.21	58.32
OliveGIS	30set19	19:17:16	D:\wx_medgold\wx_agmerra_andalusia\agmerra_1420_208_ESP.txt	-5.1250	38.1250	1	9131	12	30	2004	2637.5	1.3	6662.4	7508.2	   134.0	     1.0	141.1	2117.7	422.2	0.000	0.0	0.0	11794.67	56598.82	21448.115	6073.38	2746.04	4180.23	53.13
OliveGIS	30set19	19:17:24	D:\wx_medgold\wx_agmerra_andalusia\agmerra_1420_209_ESP.txt	-5.1250	37.8750	1	9131	12	30	2004	2649.8	0.3	7300.9	8415.4	   111.0	     1.0	67.2	1687.2	457.4	0.000	0.0	0.0	7105.06	37110.10	11270.949	2769.02	1981.84	3354.05	37.89
OliveGIS	30set19	19:17:34	D:\wx_medgold\wx_agmerra_andalusia\agmerra_1420_210_ESP.txt	-5.1250	37.6250	1	9131	12	30	2004	2666.8	0.2	8798.8	10218.1	   102.0	     1.0	52.5	1483.9	419.6	0.000	0.0	0.0	4490.76	20048.97	8291.022	2153.75	1189.82	2495.34	22.81
OliveGIS	30set19	19:17:42	D:\wx_medgold\wx_agmerra_andalusia\agmerra_1420_211_ESP.txt	-5.1250	37.3750	1	9131	12	30	2004	2662.8	0.2	8073.7	9036.8	   108.0	     1.0	55.8	1692.8	411.1	0.000	0.0	0.0	9276.96	49245.11	16493.532	3565.99	2708.78	4135.02	43.59
OliveGIS	30set19	19:17:51	D:\wx_medgold\wx_agmerra_andalusia\agmerra_1420_212_ESP.txt	-5.1250	37.1250	1	9131	12	30	2004	2666.7	0.2	6637.0	7123.4	   115.0	     1.0	60.8	2050.1	417.9	0.000	0.0	0.0	13381.32	66881.43	26653.956	6716.13	3538.43	4590.92	61.29
OliveGIS	30set19	19:17:58	D:\wx_medgold\wx_agmerra_andalusia\agmerra_1420_213_ESP.txt	-5.1250	36.8750	1	9131	12	30	2004	2596.1	0.7	6216.5	6289.0	   146.0	     1.0	169.5	2921.8	441.8	0.000	0.0	0.0	29215.81	159453.94	140188.755	57642.17	6356.57	5231.56	79.21
OliveGIS	30set19	19:18:06	D:\wx_medgold\wx_agmerra_andalusia\agmerra_1420_214_ESP.txt	-5.1250	36.6250	1	9131	12	30	2004	2645.7	0.0	6203.4	6186.8	   136.0	     1.0	66.0	3006.0	456.8	0.000	0.0	0.0	34451.49	198199.11	146459.868	102328.26	8315.77	5519.94	84.14
OliveGIS	30set19	19:18:14	D:\wx_medgold\wx_agmerra_andalusia\agmerra_1421_206_ESP.txt	-4.8750	38.6250	1	9131	12	30	2004	2627.7	1.0	6390.8	7404.3	   136.0	     1.0	153.1	2090.4	508.6	0.000	0.0	0.0	11189.84	54492.34	20768.957	6472.51	2656.81	4038.73	52.23
OliveGIS	30set19	19:18:21	D:\wx_medgold\wx_agmerra_andalusia\agmerra_1421_207_ESP.txt	-4.8750	38.3750	1	9131	12	30	2004	2620.0	2.3	6986.3	7576.3	   147.0	     1.0	217.8	2440.3	447.0	0.000	0.0	0.0	17350.58	87681.56	38839.718	15030.97	3670.57	4715.51	59.81
OliveGIS	30set19	19:18:29	D:\wx_medgold\wx_agmerra_andalusia\agmerra_1421_208_ESP.txt	-4.8750	38.1250	1	9131	12	30	2004	2631.9	1.8	6864.7	7676.9	   138.0	     1.0	167.7	2169.6	423.9	0.000	0.0	0.0	13241.24	62765.04	22764.854	7931.98	2912.13	4466.46	55.66
OliveGIS	30set19	19:18:38	D:\wx_medgold\wx_agmerra_andalusia\agmerra_1421_209_ESP.txt	-4.8750	37.8750	1	9131	12	30	2004	2652.6	0.6	6737.2	7723.6	   116.0	     1.0	85.4	1782.1	529.0	0.000	0.0	0.0	7719.03	40216.17	13117.719	2731.15	2186.47	3398.51	41.73
OliveGIS	30set19	19:18:48	D:\wx_medgold\wx_agmerra_andalusia\agmerra_1421_210_ESP.txt	-4.8750	37.6250	1	9131	12	30	2004	2661.9	0.4	7418.0	8560.2	   111.0	     1.0	70.6	1672.1	492.6	0.000	0.0	0.0	7154.64	37494.64	11307.212	2758.29	1979.20	3379.56	37.40
OliveGIS	30set19	19:18:57	D:\wx_medgold\wx_agmerra_andalusia\agmerra_1421_211_ESP.txt	-4.8750	37.3750	1	9131	12	30	2004	2646.1	0.5	6508.3	7074.6	   117.0	     1.0	78.5	2028.7	478.2	0.000	0.0	0.0	13437.32	67575.37	27025.855	6836.71	3566.77	4577.79	61.73
OliveGIS	30set19	19:19:06	D:\wx_medgold\wx_agmerra_andalusia\agmerra_1421_212_ESP.txt	-4.8750	37.1250	1	9131	12	30	2004	2653.6	0.5	6533.4	6895.6	   123.0	     1.0	80.9	2274.4	464.4	0.000	0.0	0.0	15798.10	74576.03	28646.236	10109.90	3656.26	4742.09	65.70
OliveGIS	30set19	19:19:15	D:\wx_medgold\wx_agmerra_andalusia\agmerra_1421_213_ESP.txt	-4.8750	36.8750	1	9131	12	30	2004	2660.8	0.1	6363.5	6587.1	   120.0	     1.0	67.7	2369.8	525.3	0.000	0.0	0.0	17839.39	85915.60	35360.718	15253.80	4278.17	4915.24	70.88
OliveGIS	30set19	19:19:23	D:\wx_medgold\wx_agmerra_andalusia\agmerra_1421_214_ESP.txt	-4.8750	36.6250	1	9131	12	30	2004	2688.0	0.0	2962.1	3021.0	   105.0	     1.0	12.7	2202.8	525.0	0.000	0.0	0.0	11425.04	53784.22	24376.514	18069.56	2849.58	2585.34	80.76
OliveGIS	30set19	19:19:30	D:\wx_medgold\wx_agmerra_andalusia\agmerra_1422_207_ESP.txt	-4.6250	38.3750	1	9131	12	30	2004	2615.2	2.5	6615.1	7105.4	   148.0	     1.0	235.1	2494.3	450.0	0.000	0.0	0.0	19893.78	118282.53	56108.011	18781.21	4038.48	4829.67	65.15
OliveGIS	30set19	19:19:39	D:\wx_medgold\wx_agmerra_andalusia\agmerra_1422_208_ESP.txt	-4.6250	38.1250	1	9131	12	30	2004	2630.4	2.0	6947.3	7736.1	   137.0	     1.0	171.1	2166.3	412.0	0.000	0.0	0.0	13136.85	62087.99	22373.354	7112.44	2881.75	4461.53	55.19
OliveGIS	30set19	19:19:50	D:\wx_medgold\wx_agmerra_andalusia\agmerra_1422_209_ESP.txt	-4.6250	37.8750	1	9131	12	30	2004	2647.9	0.7	6826.2	7810.0	   116.0	     1.0	89.6	1774.7	506.6	0.000	0.0	0.0	7532.19	39331.11	12776.996	2625.45	2148.86	3345.42	40.71
OliveGIS	30set19	19:19:59	D:\wx_medgold\wx_agmerra_andalusia\agmerra_1422_210_ESP.txt	-4.6250	37.6250	1	9131	12	30	2004	2658.7	0.5	7207.2	8239.7	   114.0	     1.0	78.7	1752.4	483.1	0.000	0.0	0.0	7878.45	42559.34	14144.234	2856.23	2350.62	3560.06	40.94
OliveGIS	30set19	19:20:09	D:\wx_medgold\wx_agmerra_andalusia\agmerra_1422_211_ESP.txt	-4.6250	37.3750	1	9131	12	30	2004	2648.8	0.7	6419.9	6917.5	   120.0	     1.0	87.0	2100.0	474.5	0.000	0.0	0.0	14340.19	69992.97	27793.602	7786.33	3635.23	4630.83	64.14
OliveGIS	30set19	19:20:18	D:\wx_medgold\wx_agmerra_andalusia\agmerra_1422_212_ESP.txt	-4.6250	37.1250	1	9131	12	30	2004	2660.2	0.6	6617.1	6964.9	   124.0	     1.0	84.6	2265.5	475.3	0.000	0.0	0.0	16999.25	82986.68	32709.299	11070.58	4150.51	4961.35	67.86
OliveGIS	30set19	19:20:27	D:\wx_medgold\wx_agmerra_andalusia\agmerra_1422_213_ESP.txt	-4.6250	36.8750	1	9131	12	30	2004	2651.5	0.0	6515.9	6734.1	   118.0	     1.0	58.1	2300.8	505.6	0.000	0.0	0.0	18683.98	90692.87	37831.255	15138.25	4593.08	5086.89	72.17
OliveGIS	30set19	19:20:36	D:\wx_medgold\wx_agmerra_andalusia\agmerra_1422_214_ESP.txt	-4.6250	36.6250	1	9131	12	30	2004	2698.7	0.0	2125.2	2179.4	    98.0	     1.0	5.7	1978.0	429.2	0.000	0.0	0.0	8760.74	42799.27	20850.257	9393.00	2385.09	1915.59	82.62
OliveGIS	30set19	19:20:45	D:\wx_medgold\wx_agmerra_andalusia\agmerra_1423_208_ESP.txt	-4.3750	38.1250	1	9131	12	30	2004	2633.9	2.1	6978.8	7869.3	   135.0	     1.0	163.7	2092.0	463.1	0.000	0.0	0.0	11853.24	56211.08	20756.962	6057.08	2674.86	4260.94	51.73
OliveGIS	30set19	19:20:55	D:\wx_medgold\wx_agmerra_andalusia\agmerra_1423_209_ESP.txt	-4.3750	37.8750	1	9131	12	30	2004	2649.7	0.6	7114.8	8538.1	   113.0	     1.0	78.4	1544.0	491.9	0.000	0.0	0.0	5030.87	24790.41	6999.501	2026.09	1255.93	2581.00	28.56
OliveGIS	30set19	19:21:05	D:\wx_medgold\wx_agmerra_andalusia\agmerra_1423_210_ESP.txt	-4.3750	37.6250	1	9131	12	30	2004	2655.2	0.5	6832.9	8027.3	   115.0	     1.0	76.8	1673.3	471.2	0.000	0.0	0.0	6729.48	34345.70	10259.671	2660.10	1814.46	3113.96	36.83
OliveGIS	30set19	19:21:14	D:\wx_medgold\wx_agmerra_andalusia\agmerra_1423_211_ESP.txt	-4.3750	37.3750	1	9131	12	30	2004	2634.5	0.9	6502.1	7132.2	   127.0	     1.0	107.0	2113.1	486.0	0.000	0.0	0.0	13322.71	65036.08	25368.805	7676.51	3321.53	4490.83	60.40
OliveGIS	30set19	19:21:23	D:\wx_medgold\wx_agmerra_andalusia\agmerra_1423_212_ESP.txt	-4.3750	37.1250	1	9131	12	30	2004	2642.1	0.6	6463.9	6966.6	   126.0	     1.0	94.9	2171.3	494.6	0.000	0.0	0.0	13122.72	63189.61	24093.036	7551.92	3138.18	4363.90	60.04
OliveGIS	30set19	19:21:32	D:\wx_medgold\wx_agmerra_andalusia\agmerra_1423_213_ESP.txt	-4.3750	36.8750	1	9131	12	30	2004	2648.2	0.0	6342.9	6674.7	   118.0	     1.0	70.0	2140.5	565.9	0.000	0.0	0.0	12879.27	63328.88	24836.430	7958.49	3277.42	4325.24	61.88
OliveGIS	30set19	19:21:41	D:\wx_medgold\wx_agmerra_andalusia\agmerra_1424_207_ESP.txt	-4.1250	38.3750	1	9131	12	30	2004	2618.3	3.3	7038.5	7744.6	   146.0	     1.0	222.9	2306.6	463.0	0.000	0.0	0.0	12541.04	67309.23	23685.187	10961.27	2653.85	3937.70	48.78
OliveGIS	30set19	19:21:49	D:\wx_medgold\wx_agmerra_andalusia\agmerra_1424_208_ESP.txt	-4.1250	38.1250	1	9131	12	30	2004	2637.0	2.5	6966.2	7870.4	   135.0	     1.0	170.8	2067.2	430.8	0.000	0.0	0.0	11373.80	53939.93	19845.434	5582.41	2586.40	4171.01	50.62
OliveGIS	30set19	19:21:59	D:\wx_medgold\wx_agmerra_andalusia\agmerra_1424_209_ESP.txt	-4.1250	37.8750	1	9131	12	30	2004	2645.2	0.8	7674.5	9110.5	   114.0	     1.0	88.8	1597.8	462.7	0.000	0.0	0.0	6502.12	33212.57	9517.584	2452.75	1746.54	3147.35	32.72
OliveGIS	30set19	19:22:07	D:\wx_medgold\wx_agmerra_andalusia\agmerra_1424_210_ESP.txt	-4.1250	37.6250	1	9131	12	30	2004	2638.5	0.9	6391.8	7269.7	   118.0	     1.0	97.3	1878.4	463.5	0.000	0.0	0.0	9595.52	48889.55	18390.261	3662.06	2602.28	3753.58	49.32
OliveGIS	30set19	19:22:15	D:\wx_medgold\wx_agmerra_andalusia\agmerra_1424_211_ESP.txt	-4.1250	37.3750	1	9131	12	30	2004	2644.0	1.3	6705.2	7183.6	   137.0	     1.0	133.7	2314.5	478.4	0.000	0.0	0.0	15107.69	71408.25	26773.272	13328.39	3458.58	4696.75	62.38
OliveGIS	30set19	19:22:24	D:\wx_medgold\wx_agmerra_andalusia\agmerra_1424_212_ESP.txt	-4.1250	37.1250	1	9131	12	30	2004	2645.0	0.8	6832.9	7281.2	   130.0	     1.0	108.7	2242.1	482.8	0.000	0.0	0.0	15808.35	76233.06	28923.761	11197.80	3733.30	4882.65	64.08
OliveGIS	30set19	19:22:35	D:\wx_medgold\wx_agmerra_andalusia\agmerra_1424_213_ESP.txt	-4.1250	36.8750	1	9131	12	30	2004	2650.8	0.0	6516.8	6788.6	   120.0	     1.0	71.6	2192.0	537.2	0.000	0.0	0.0	15889.21	77512.76	30901.076	12108.45	3945.61	4802.78	67.49
OliveGIS	30set19	19:22:44	D:\wx_medgold\wx_agmerra_andalusia\agmerra_1425_207_ESP.txt	-3.8750	38.3750	1	9131	12	30	2004	2626.6	2.0	6654.3	7631.7	   138.0	     1.0	168.2	2075.2	504.0	0.000	0.0	0.0	10872.39	51511.95	19085.042	5714.11	2476.64	4017.44	50.36
OliveGIS	30set19	19:22:54	D:\wx_medgold\wx_agmerra_andalusia\agmerra_1425_208_ESP.txt	-3.8750	38.1250	1	9131	12	30	2004	2647.2	1.5	6943.2	8227.1	   122.0	     1.0	129.0	1826.3	472.5	0.000	0.0	0.0	8190.60	42040.24	15227.959	2815.73	2246.43	3511.12	40.53
OliveGIS	30set19	19:23:04	D:\wx_medgold\wx_agmerra_andalusia\agmerra_1425_209_ESP.txt	-3.8750	37.8750	1	9131	12	30	2004	2656.3	0.8	6845.3	8703.3	   116.0	     1.0	92.0	1472.5	469.7	0.000	0.0	0.0	3617.93	18900.09	5465.862	1566.75	1037.17	2080.45	22.27
OliveGIS	30set19	19:23:13	D:\wx_medgold\wx_agmerra_andalusia\agmerra_1425_210_ESP.txt	-3.8750	37.6250	1	9131	12	30	2004	2641.4	1.0	6954.7	8281.5	   126.0	     1.0	110.3	1813.9	498.5	0.000	0.0	0.0	7894.62	40792.87	15102.016	2696.57	2213.92	3413.48	39.22
OliveGIS	30set19	19:23:22	D:\wx_medgold\wx_agmerra_andalusia\agmerra_1425_211_ESP.txt	-3.8750	37.3750	1	9131	12	30	2004	2626.4	1.8	6701.7	7258.6	   140.0	     1.0	159.6	2308.1	396.7	0.000	0.0	0.0	13592.43	63372.92	22750.360	11329.80	2944.26	4368.04	57.78
OliveGIS	30set19	19:23:31	D:\wx_medgold\wx_agmerra_andalusia\agmerra_1425_212_ESP.txt	-3.8750	37.1250	1	9131	12	30	2004	2645.1	1.0	6906.8	7485.8	   134.0	     1.0	125.0	2172.1	395.2	0.000	0.0	0.0	13661.87	65343.54	23587.961	7986.79	3101.44	4532.36	57.97
OliveGIS	30set19	19:23:41	D:\wx_medgold\wx_agmerra_andalusia\agmerra_1425_213_ESP.txt	-3.8750	36.8750	1	9131	12	30	2004	2656.6	0.1	6156.0	7009.2	   120.0	     1.0	89.3	1717.3	509.5	0.000	0.0	0.0	8019.79	42734.15	16975.713	4120.75	2533.60	3592.62	48.81
OliveGIS	30set19	19:23:50	D:\wx_medgold\wx_agmerra_andalusia\agmerra_1426_207_ESP.txt	-3.6250	38.3750	1	9131	12	30	2004	2624.0	2.2	6570.3	7514.9	   139.0	     1.0	177.2	2078.1	480.1	0.000	0.0	0.0	10547.95	49507.20	17996.813	5812.13	2340.68	3890.01	49.67
OliveGIS	30set19	19:23:59	D:\wx_medgold\wx_agmerra_andalusia\agmerra_1426_208_ESP.txt	-3.6250	38.1250	1	9131	12	30	2004	2647.3	1.7	7226.7	8509.5	   127.0	     1.0	140.2	1864.5	439.0	0.000	0.0	0.0	9520.82	48816.60	19133.709	3875.28	2582.59	3947.37	44.07
OliveGIS	30set19	19:24:08	D:\wx_medgold\wx_agmerra_andalusia\agmerra_1426_209_ESP.txt	-3.6250	37.8750	1	9131	12	30	2004	2643.2	1.0	6690.5	8418.9	   118.0	     1.0	106.2	1593.0	450.7	0.000	0.0	0.0	5063.20	27685.15	8757.961	1940.16	1560.66	2648.44	29.68
OliveGIS	30set19	19:24:17	D:\wx_medgold\wx_agmerra_andalusia\agmerra_1426_210_ESP.txt	-3.6250	37.6250	1	9131	12	30	2004	2643.9	1.4	6538.3	7603.3	   134.0	     1.0	137.3	1985.8	474.2	0.000	0.0	0.0	10984.30	55010.90	21496.485	5996.32	2864.71	4170.44	52.38
OliveGIS	30set19	19:24:25	D:\wx_medgold\wx_agmerra_andalusia\agmerra_1426_211_ESP.txt	-3.6250	37.3750	1	9131	12	30	2004	2619.6	2.6	7007.6	7447.9	   145.0	     1.0	199.4	2460.1	396.4	0.000	0.0	0.0	19123.52	94832.91	43964.994	20955.46	3789.11	4848.80	62.64
OliveGIS	30set19	19:24:33	D:\wx_medgold\wx_agmerra_andalusia\agmerra_1426_212_ESP.txt	-3.6250	37.1250	1	9131	12	30	2004	2629.8	1.4	6679.5	7104.4	   139.0	     1.0	153.4	2362.5	476.4	0.000	0.0	0.0	14472.94	68547.02	25112.619	14359.54	3124.33	4442.24	59.95
OliveGIS	30set19	19:24:43	D:\wx_medgold\wx_agmerra_andalusia\agmerra_1426_213_ESP.txt	-3.6250	36.8750	1	9131	12	30	2004	2647.8	0.2	6362.6	7117.6	   126.0	     1.0	104.9	1875.1	501.4	0.000	0.0	0.0	10202.94	51984.68	20794.940	6831.54	2881.12	4065.79	54.65
OliveGIS	30set19	19:24:53	D:\wx_medgold\wx_agmerra_andalusia\agmerra_1427_207_ESP.txt	-3.3750	38.3750	1	9131	12	30	2004	2641.2	1.8	6799.6	7833.1	   135.0	     1.0	160.5	1982.3	509.1	0.000	0.0	0.0	10077.57	50013.23	19187.433	4770.80	2582.16	4003.74	48.71
OliveGIS	30set19	19:25:04	D:\wx_medgold\wx_agmerra_andalusia\agmerra_1427_208_ESP.txt	-3.3750	38.1250	1	9131	12	30	2004	2640.9	1.4	7052.8	8371.0	   122.0	     1.0	129.2	1781.7	473.3	0.000	0.0	0.0	8758.46	44899.29	16718.760	3131.39	2439.56	3720.58	42.37
OliveGIS	30set19	19:25:12	D:\wx_medgold\wx_agmerra_andalusia\agmerra_1427_209_ESP.txt	-3.3750	37.8750	1	9131	12	30	2004	2647.0	0.9	6974.2	8374.7	   120.0	     1.0	112.5	1710.6	427.0	0.000	0.0	0.0	7400.01	39008.52	13801.598	2709.03	2235.46	3386.38	38.41
OliveGIS	30set19	19:25:21	D:\wx_medgold\wx_agmerra_andalusia\agmerra_1427_210_ESP.txt	-3.3750	37.6250	1	9131	12	30	2004	2630.0	1.5	6536.7	7278.2	   138.0	     1.0	155.6	2156.4	450.3	0.000	0.0	0.0	14318.12	68660.86	26100.485	12488.78	3288.45	4596.86	60.67
OliveGIS	30set19	19:25:27	D:\wx_medgold\wx_agmerra_andalusia\agmerra_1427_211_ESP.txt	-3.3750	37.3750	1	9131	12	30	2004	2212.6	14.1	3919.0	5701.0	   165.0	     1.0	522.4	2733.2	242.7	0.000	0.0	0.0	14408.07	88427.20	124230.664	8595.17	2479.33	3053.13	52.42
OliveGIS	30set19	19:25:34	D:\wx_medgold\wx_agmerra_andalusia\agmerra_1427_212_ESP.txt	-3.3750	37.1250	1	9131	12	30	2004	2345.9	8.5	7438.1	7652.2	   162.0	     1.0	426.8	2728.7	716.8	0.000	0.0	0.0	21461.30	142977.92	200569.400	18056.78	4387.74	4677.60	59.79
OliveGIS	30set19	19:25:42	D:\wx_medgold\wx_agmerra_andalusia\agmerra_1427_213_ESP.txt	-3.3750	36.8750	1	9131	12	30	2004	2598.0	2.3	6844.3	7003.1	   151.0	     1.0	299.2	2623.9	702.8	0.000	0.0	0.0	22642.45	150880.27	157790.940	25004.00	5186.94	4921.03	67.54
OliveGIS	30set19	19:25:50	D:\wx_medgold\wx_agmerra_andalusia\agmerra_1428_207_ESP.txt	-3.1250	38.3750	1	9131	12	30	2004	2626.4	2.4	6623.7	7398.0	   140.0	     1.0	185.9	2143.9	496.0	0.000	0.0	0.0	12034.63	56834.19	19963.256	7624.80	2622.97	4132.72	53.70
OliveGIS	30set19	19:25:58	D:\wx_medgold\wx_agmerra_andalusia\agmerra_1428_208_ESP.txt	-3.1250	38.1250	1	9131	12	30	2004	2638.3	2.1	6912.2	7812.7	   136.0	     1.0	163.0	2056.3	494.0	0.000	0.0	0.0	13280.24	63353.45	23760.704	7579.96	3039.91	4579.47	56.17
OliveGIS	30set19	19:26:07	D:\wx_medgold\wx_agmerra_andalusia\agmerra_1428_209_ESP.txt	-3.1250	37.8750	1	9131	12	30	2004	2643.7	1.5	6948.7	7997.3	   132.0	     1.0	140.5	1948.0	429.3	0.000	0.0	0.0	11269.84	56729.78	22560.979	5891.58	2998.87	4351.74	51.98
OliveGIS	30set19	19:26:15	D:\wx_medgold\wx_agmerra_andalusia\agmerra_1428_210_ESP.txt	-3.1250	37.6250	1	9131	12	30	2004	2633.5	1.9	6691.3	7343.4	   141.0	     1.0	171.7	2250.4	424.0	0.000	0.0	0.0	14764.31	70251.59	25855.628	14157.88	3268.12	4609.24	60.22
OliveGIS	30set19	19:26:21	D:\wx_medgold\wx_agmerra_andalusia\agmerra_1428_211_ESP.txt	-3.1250	37.3750	1	9131	12	30	2004	2229.0	13.1	3697.1	5380.7	   165.0	     1.0	512.3	2721.3	238.6	0.000	0.0	0.0	14452.11	90590.55	136356.560	10150.26	2652.32	3027.80	55.16
OliveGIS	30set19	19:26:27	D:\wx_medgold\wx_agmerra_andalusia\agmerra_1428_212_ESP.txt	-3.1250	37.1250	1	9131	12	30	2004	2440.2	5.6	2220.3	3726.3	   158.0	     1.0	373.8	2724.1	503.4	0.000	0.0	0.0	14218.14	86099.51	163556.208	19362.69	3099.72	2841.27	73.41
OliveGIS	30set19	19:26:36	D:\wx_medgold\wx_agmerra_andalusia\agmerra_1428_213_ESP.txt	-3.1250	36.8750	1	9131	12	30	2004	2628.3	1.4	7042.5	7245.8	   147.0	     1.0	201.7	2547.2	448.2	0.000	0.0	0.0	22315.97	144641.18	80173.057	25139.01	5130.79	5039.73	66.65
OliveGIS	30set19	19:26:43	D:\wx_medgold\wx_agmerra_andalusia\agmerra_1429_207_ESP.txt	-2.8750	38.3750	1	9131	12	30	2004	2611.3	5.0	7017.8	7504.2	   150.0	     1.0	269.0	2375.8	485.2	0.000	0.0	0.0	20661.97	131569.72	60615.202	23254.46	4253.72	4983.51	63.71
OliveGIS	30set19	19:26:50	D:\wx_medgold\wx_agmerra_andalusia\agmerra_1429_208_ESP.txt	-2.8750	38.1250	1	9131	12	30	2004	2619.6	4.6	7033.5	7531.7	   150.0	     1.0	257.0	2381.3	541.4	0.000	0.0	0.0	21241.54	134402.24	64758.556	22875.53	4517.28	5133.26	65.30
OliveGIS	30set19	19:26:57	D:\wx_medgold\wx_agmerra_andalusia\agmerra_1429_209_ESP.txt	-2.8750	37.8750	1	9131	12	30	2004	2616.2	4.1	6790.0	7156.1	   150.0	     1.0	263.6	2489.1	535.2	0.000	0.0	0.0	22146.57	135906.65	93458.274	33316.01	5231.15	5228.84	69.63
OliveGIS	30set19	19:27:03	D:\wx_medgold\wx_agmerra_andalusia\agmerra_1429_210_ESP.txt	-2.8750	37.6250	1	9131	12	30	2004	2592.0	4.4	6628.8	6898.3	   151.0	     1.0	307.1	2604.4	389.4	0.000	0.0	0.0	23430.98	145871.13	153087.495	39278.72	5154.94	4982.87	69.26
OliveGIS	30set19	19:27:09	D:\wx_medgold\wx_agmerra_andalusia\agmerra_1429_211_ESP.txt	-2.8750	37.3750	1	9131	12	30	2004	1561.6	47.6	19.2	30.1	   183.0	     1.0	838.6	3167.4	370.1	0.000	0.0	0.1	140.62	986.99	671.126	166.17	17.53	18.94	58.27
OliveGIS	30set19	19:27:13	D:\wx_medgold\wx_agmerra_andalusia\agmerra_1429_212_ESP.txt	-2.8750	37.1250	1	9131	12	30	2004	1810.9	16.1	4928.0	6030.8	   175.0	     1.0	596.8	3187.4	423.8	0.000	0.0	0.0	21684.16	135582.26	141173.938	9646.43	3156.90	3220.12	51.69
OliveGIS	30set19	19:27:22	D:\wx_medgold\wx_agmerra_andalusia\agmerra_1429_213_ESP.txt	-2.8750	36.8750	1	9131	12	30	2004	2657.5	0.0	6981.1	7463.6	   118.0	     1.0	75.8	1939.4	403.8	0.000	0.0	0.0	12833.44	64743.09	26042.942	7305.28	3518.81	4657.86	59.50
OliveGIS	30set19	19:27:29	D:\wx_medgold\wx_agmerra_andalusia\agmerra_1430_207_ESP.txt	-2.6250	38.3750	1	9131	12	30	2004	2559.1	7.7	7168.0	7538.7	   153.0	     1.0	375.6	2474.7	507.5	0.000	0.0	0.0	24744.79	164719.06	153087.480	32045.53	5485.30	5387.44	69.29
OliveGIS	30set19	19:27:35	D:\wx_medgold\wx_agmerra_andalusia\agmerra_1430_208_ESP.txt	-2.6250	38.1250	1	9131	12	30	2004	2503.2	7.6	7055.4	7383.6	   154.0	     1.0	378.0	2555.3	627.4	0.000	0.0	0.0	24525.46	163167.59	162369.573	35513.89	5307.44	5190.60	68.70
OliveGIS	30set19	19:27:42	D:\wx_medgold\wx_agmerra_andalusia\agmerra_1430_209_ESP.txt	-2.6250	37.8750	1	9131	12	30	2004	2514.3	5.2	2408.1	4177.1	   154.0	     1.0	332.6	2654.0	543.5	0.000	0.0	0.0	15703.82	94138.37	91240.054	20540.73	3468.66	3169.27	73.49
OliveGIS	30set19	19:27:49	D:\wx_medgold\wx_agmerra_andalusia\agmerra_1430_210_ESP.txt	-2.6250	37.6250	1	9131	12	30	2004	2575.6	4.5	6743.4	7001.6	   151.0	     1.0	310.1	2641.6	387.1	0.000	0.0	0.0	25772.41	155690.01	163997.343	41340.42	5750.68	5251.50	72.18
OliveGIS	30set19	19:27:54	D:\wx_medgold\wx_agmerra_andalusia\agmerra_1430_211_ESP.txt	-2.6250	37.3750	1	9131	12	30	2004	1625.8	37.2	138.5	202.8	   181.0	     1.0	777.7	3171.3	340.1	0.000	0.0	0.0	940.50	6385.54	4428.614	545.94	111.22	121.37	56.74
OliveGIS	30set19	19:27:59	D:\wx_medgold\wx_agmerra_andalusia\agmerra_1430_212_ESP.txt	-2.6250	37.1250	1	9131	12	30	2004	1944.0	9.3	3696.1	4120.5	   169.0	     1.0	494.5	3222.7	338.5	0.000	0.0	0.0	18108.49	116354.44	161122.839	15702.38	2904.09	2618.86	61.63
OliveGIS	30set19	19:28:07	D:\wx_medgold\wx_agmerra_andalusia\agmerra_1430_213_ESP.txt	-2.6250	36.8750	1	9131	12	30	2004	2669.3	0.0	7655.8	8291.4	   112.0	     1.0	50.7	1643.6	295.4	0.000	0.0	0.0	11154.20	59313.18	23712.057	5662.07	3483.16	4670.34	53.64
OliveGIS	30set19	19:28:14	D:\wx_medgold\wx_agmerra_andalusia\agmerra_1431_209_ESP.txt	-2.3750	37.8750	1	9131	12	30	2004	2114.8	12.3	7008.5	7336.6	   165.0	     1.0	489.7	2964.8	466.6	0.000	0.0	0.0	24441.30	176042.08	258161.943	16936.32	4379.11	4167.75	55.55
OliveGIS	30set19	19:28:20	D:\wx_medgold\wx_agmerra_andalusia\agmerra_1431_210_ESP.txt	-2.3750	37.6250	1	9131	12	30	2004	2256.6	8.2	8561.0	8729.4	   159.0	     1.0	413.4	2931.4	431.7	0.000	0.0	0.0	28165.03	194110.06	223403.147	30209.26	5644.67	5345.76	60.13
OliveGIS	30set19	19:28:26	D:\wx_medgold\wx_agmerra_andalusia\agmerra_1431_211_ESP.txt	-2.3750	37.3750	1	9131	12	30	2004	2200.9	7.1	7317.0	7474.6	   160.0	     1.0	403.4	3045.3	292.9	0.000	0.0	0.0	27865.83	192456.10	239921.388	23283.44	5935.46	4794.32	63.11
OliveGIS	30set19	19:28:32	D:\wx_medgold\wx_agmerra_andalusia\agmerra_1431_212_ESP.txt	-2.3750	37.1250	1	9131	12	30	2004	2548.8	1.1	6535.9	6569.2	   148.0	     1.0	193.2	2924.9	333.9	0.000	0.0	0.0	34238.66	194163.60	195439.515	96073.40	8060.12	5534.38	81.42
OliveGIS	30set19	19:28:42	D:\wx_medgold\wx_agmerra_andalusia\agmerra_1431_213_ESP.txt	-2.3750	36.8750	1	9131	12	30	2004	2671.8	0.0	7885.4	8461.9	   110.0	     1.0	41.4	1602.9	232.3	0.000	0.0	0.0	11802.79	62346.28	24727.974	5761.20	3594.91	4835.91	54.44
OliveGIS	30set19	19:28:48	D:\wx_medgold\wx_agmerra_andalusia\agmerra_1432_209_ESP.txt	-2.1250	37.8750	1	9131	12	30	2004	2239.7	8.5	7916.3	8068.9	   159.0	     1.0	418.0	2924.1	446.8	0.000	0.0	0.0	24881.13	176463.81	183997.600	20746.48	5027.10	4759.24	58.00
OliveGIS	30set19	19:28:55	D:\wx_medgold\wx_agmerra_andalusia\agmerra_1432_210_ESP.txt	-2.1250	37.6250	1	9131	12	30	2004	2480.7	4.1	6656.9	6775.0	   152.0	     1.0	307.3	2812.3	433.1	0.000	0.0	0.0	27361.14	167037.32	173438.005	37669.61	6256.92	5064.44	73.36
OliveGIS	30set19	19:29:02	D:\wx_medgold\wx_agmerra_andalusia\agmerra_1432_211_ESP.txt	-2.1250	37.3750	1	9131	12	30	2004	2445.0	2.7	6335.3	6402.4	   151.0	     1.0	271.2	2938.6	301.0	0.000	0.0	0.0	31975.89	183015.03	191133.017	55777.57	7489.97	5233.61	79.76
OliveGIS	30set19	19:29:09	D:\wx_medgold\wx_agmerra_andalusia\agmerra_1432_212_ESP.txt	-2.1250	37.1250	1	9131	12	30	2004	2648.8	0.1	7040.1	7051.3	   135.0	     1.0	83.5	2752.6	279.4	0.000	0.0	0.0	35407.59	193562.80	117982.373	102044.33	9155.19	6242.52	83.94
OliveGIS	30set19	19:29:19	D:\wx_medgold\wx_agmerra_andalusia\agmerra_1432_213_ESP.txt	-2.1250	36.8750	1	9131	12	30	2004	2682.4	0.0	9473.1	10110.5	    99.0	     1.0	16.9	1234.7	229.8	0.000	0.0	0.0	14384.80	77245.86	30360.751	7681.09	4578.55	5986.64	56.62
OliveGIS	30set19	19:29:28	D:\wx_medgold\wx_agmerra_andalusia\agmerra_1433_211_ESP.txt	-1.8750	37.3750	1	9131	12	30	2004	2658.9	0.4	7315.9	7971.8	   117.0	     1.0	96.0	1776.5	348.7	0.000	0.0	0.0	13198.05	66347.18	26648.879	6850.98	3593.72	4869.66	58.29
OliveGIS	30set19	19:29:37	D:\wx_medgold\wx_agmerra_andalusia\agmerra_1433_212_ESP.txt	-1.8750	37.1250	1	9131	12	30	2004	2676.5	0.0	9130.1	9761.1	   107.0	     1.0	25.6	1401.2	288.5	0.000	0.0	0.0	15525.85	83524.28	34691.805	8648.53	4908.70	6083.72	59.63
