Model	Date	Time	WxFile	Long	Lat	JdStart	DysToOut	Month	Day	Year	dd	ddbZero	FruWgt	fruNum	Bloomday	BloomYr	DDBSum	ChillHD	PrcpYrSum	TempIncr	ddbMinus10	ddbMinus83	OFEgDays	OFLrDays	OFPuDays	OFAdDays	OfPupSum	DamFrSum	PrcntAtkd
OliveGIS	30set19	19:10:00	D:\wx_medgold\wx_agmerra_andalusia\agmerra_1411_210_ESP.txt	-7.3750	37.6250	1	6940	12	31	1998	2655.1	0.0	7846.1	8249.9	    92.0	     1.0	33.2	2037.1	356.5	0.000	0.0	0.0	19422.17	95658.41	41011.414	12099.40	5448.50	6077.41	70.04
OliveGIS	30set19	19:10:10	D:\wx_medgold\wx_agmerra_andalusia\agmerra_1411_211_ESP.txt	-7.3750	37.3750	1	6940	12	31	1998	2650.7	0.0	8136.4	8511.0	    91.0	     1.0	29.5	1922.9	338.5	0.000	0.0	0.0	19757.49	97886.23	42041.050	12579.85	5613.23	6263.22	69.95
OliveGIS	30set19	19:10:18	D:\wx_medgold\wx_agmerra_andalusia\agmerra_1412_209_ESP.txt	-7.1250	37.8750	1	6940	12	31	1998	2633.0	0.0	7286.1	7681.7	    99.0	     1.0	46.8	2348.0	398.1	0.000	0.0	0.0	21973.07	107925.27	47803.316	17376.10	5722.21	5965.04	74.01
OliveGIS	30set19	19:10:25	D:\wx_medgold\wx_agmerra_andalusia\agmerra_1412_210_ESP.txt	-7.1250	37.6250	1	6940	12	31	1998	2653.6	0.0	7905.9	8312.2	    94.0	     1.0	37.9	2097.8	384.1	0.000	0.0	0.0	19189.93	95269.41	40816.073	12992.04	5475.04	6102.10	69.63
OliveGIS	30set19	19:10:32	D:\wx_medgold\wx_agmerra_andalusia\agmerra_1412_211_ESP.txt	-7.1250	37.3750	1	6940	12	31	1998	2648.2	0.0	7807.7	8199.8	    92.0	     1.0	33.9	1915.8	340.5	0.000	0.0	0.0	18632.13	92826.64	40129.188	11977.60	5407.21	6016.38	69.74
OliveGIS	30set19	19:10:40	D:\wx_medgold\wx_agmerra_andalusia\agmerra_1413_208_ESP.txt	-6.8750	38.1250	1	6940	12	31	1998	2630.4	0.0	7200.5	7588.9	   112.0	     1.0	69.6	2477.2	468.5	0.000	0.0	0.0	21743.03	111517.57	47806.049	16585.29	5272.72	5633.50	70.76
OliveGIS	30set19	19:10:47	D:\wx_medgold\wx_agmerra_andalusia\agmerra_1413_209_ESP.txt	-6.8750	37.8750	1	6940	12	31	1998	2645.4	0.0	7815.5	8240.9	    96.0	     1.0	43.6	2224.6	496.3	0.000	0.0	0.0	19074.45	94100.05	40414.152	12295.95	5389.93	6028.27	69.53
OliveGIS	30set19	19:10:55	D:\wx_medgold\wx_agmerra_andalusia\agmerra_1413_210_ESP.txt	-6.8750	37.6250	1	6940	12	31	1998	2653.3	0.0	8259.6	8731.8	    91.0	     1.0	32.3	1876.4	501.5	0.000	0.0	0.0	16901.05	86346.86	36473.236	10513.52	5101.91	6015.45	65.56
OliveGIS	30set19	19:11:03	D:\wx_medgold\wx_agmerra_andalusia\agmerra_1413_211_ESP.txt	-6.8750	37.3750	1	6940	12	31	1998	2652.4	0.0	8608.3	9116.2	    89.0	     1.0	27.8	1633.0	391.1	0.000	0.0	0.0	17751.98	92942.80	40278.171	12394.93	5666.77	6405.86	66.90
OliveGIS	30set19	19:11:13	D:\wx_medgold\wx_agmerra_andalusia\agmerra_1414_209_ESP.txt	-6.6250	37.8750	1	6940	12	31	1998	2631.5	0.0	7285.0	7663.1	   103.0	     1.0	53.9	2354.3	512.6	0.000	0.0	0.0	19300.14	94867.90	40380.814	13246.71	5020.31	5660.34	70.37
OliveGIS	30set19	19:11:21	D:\wx_medgold\wx_agmerra_andalusia\agmerra_1414_210_ESP.txt	-6.6250	37.6250	1	6940	12	31	1998	2649.4	0.0	7810.1	8257.1	    93.0	     1.0	37.6	1962.6	504.1	0.000	0.0	0.0	16347.34	82600.80	34769.823	10151.31	4823.32	5709.27	65.83
OliveGIS	30set19	19:11:29	D:\wx_medgold\wx_agmerra_andalusia\agmerra_1414_211_ESP.txt	-6.6250	37.3750	1	6940	12	31	1998	2643.5	0.0	8281.2	8823.1	    90.0	     1.0	33.8	1628.8	397.2	0.000	0.0	0.0	16582.41	87417.47	37977.932	11868.24	5398.04	6126.58	66.24
OliveGIS	30set19	19:11:37	D:\wx_medgold\wx_agmerra_andalusia\agmerra_1414_212_ESP.txt	-6.6250	37.1250	1	6940	12	31	1998	2672.9	0.0	9291.2	9720.3	    80.0	     1.0	4.3	1322.9	339.2	0.000	0.0	0.0	24278.01	123518.77	57355.357	18630.28	7479.34	7484.54	73.54
OliveGIS	30set19	19:11:45	D:\wx_medgold\wx_agmerra_andalusia\agmerra_1415_209_ESP.txt	-6.3750	37.8750	1	6940	12	31	1998	2630.8	0.0	7174.2	7557.2	   108.0	     1.0	63.8	2345.8	461.5	0.000	0.0	0.0	16645.50	82521.64	34148.382	9914.14	4362.99	5263.43	66.43
OliveGIS	30set19	19:11:53	D:\wx_medgold\wx_agmerra_andalusia\agmerra_1415_210_ESP.txt	-6.3750	37.6250	1	6940	12	31	1998	2643.3	0.0	7998.9	8491.9	    94.0	     1.0	44.4	1952.5	446.4	0.000	0.0	0.0	14581.19	75360.33	31270.401	8694.36	4474.84	5538.62	62.29
OliveGIS	30set19	19:12:01	D:\wx_medgold\wx_agmerra_andalusia\agmerra_1415_211_ESP.txt	-6.3750	37.3750	1	6940	12	31	1998	2659.2	0.0	8631.2	9338.4	    87.0	     1.0	26.4	1506.9	400.2	0.000	0.0	0.0	13598.78	75485.77	31937.847	9686.52	4777.79	5843.76	59.54
OliveGIS	30set19	19:12:10	D:\wx_medgold\wx_agmerra_andalusia\agmerra_1415_212_ESP.txt	-6.3750	37.1250	1	6940	12	31	1998	2665.2	0.0	9139.3	9693.5	    79.0	     1.0	5.7	1199.8	368.4	0.000	0.0	0.0	18792.79	99012.17	44631.709	14180.98	6242.86	6853.46	67.74
OliveGIS	30set19	19:12:19	D:\wx_medgold\wx_agmerra_andalusia\agmerra_1415_213_ESP.txt	-6.3750	36.8750	1	6940	12	31	1998	2658.7	0.0	9453.7	9908.7	    83.0	     1.0	7.3	1413.9	363.5	0.000	0.0	0.0	23242.34	119435.00	54282.542	17262.68	7265.94	7466.22	72.03
OliveGIS	30set19	19:12:27	D:\wx_medgold\wx_agmerra_andalusia\agmerra_1416_209_ESP.txt	-6.1250	37.8750	1	6940	12	31	1998	2627.9	0.0	7440.1	7836.7	   109.0	     1.0	69.7	2320.4	466.8	0.000	0.0	0.0	16774.45	83437.64	34296.891	9850.78	4400.54	5384.70	65.52
OliveGIS	30set19	19:12:35	D:\wx_medgold\wx_agmerra_andalusia\agmerra_1416_210_ESP.txt	-6.1250	37.6250	1	6940	12	31	1998	2640.4	0.0	8145.2	8664.8	    94.0	     1.0	47.9	1901.0	444.5	0.000	0.0	0.0	13347.85	69811.84	28421.948	7627.15	4163.60	5358.47	59.16
OliveGIS	30set19	19:12:43	D:\wx_medgold\wx_agmerra_andalusia\agmerra_1416_211_ESP.txt	-6.1250	37.3750	1	6940	12	31	1998	2655.4	0.0	8698.5	9476.5	    87.0	     1.0	34.7	1474.0	392.5	0.000	0.0	0.0	12213.45	69518.15	29069.549	8655.65	4421.70	5610.58	56.28
OliveGIS	30set19	19:12:52	D:\wx_medgold\wx_agmerra_andalusia\agmerra_1416_212_ESP.txt	-6.1250	37.1250	1	6940	12	31	1998	2663.6	0.0	8977.9	9619.3	    81.0	     1.0	16.7	1221.8	374.8	0.000	0.0	0.0	15460.12	85879.99	38183.132	11996.29	5559.15	6387.97	63.37
OliveGIS	30set19	19:13:02	D:\wx_medgold\wx_agmerra_andalusia\agmerra_1416_213_ESP.txt	-6.1250	36.8750	1	6940	12	31	1998	2650.5	0.0	10109.0	10743.5	    86.0	     1.0	24.1	1382.5	374.5	0.000	0.0	0.0	17228.93	93912.86	39887.437	11778.42	5790.68	6976.02	62.08
OliveGIS	30set19	19:13:10	D:\wx_medgold\wx_agmerra_andalusia\agmerra_1416_214_ESP.txt	-6.1250	36.6250	1	6940	12	31	1998	2655.6	0.0	9827.1	10226.4	    84.0	     1.0	12.2	1660.3	361.5	0.000	0.0	0.0	24190.55	122895.37	54733.123	16429.62	7250.67	7646.53	71.48
OliveGIS	30set19	19:13:19	D:\wx_medgold\wx_agmerra_andalusia\agmerra_1416_215_ESP.txt	-6.1250	36.3750	1	6940	12	31	1998	2644.8	0.0	8910.5	9389.2	    91.0	     1.0	23.3	1555.3	324.0	0.000	0.0	0.0	17972.15	94209.10	40527.368	11937.54	5682.53	6520.04	66.46
OliveGIS	30set19	19:13:28	D:\wx_medgold\wx_agmerra_andalusia\agmerra_1417_208_ESP.txt	-5.8750	38.1250	1	6940	12	31	1998	2627.1	0.0	6411.7	6823.6	   118.0	     1.0	103.4	2405.2	395.5	0.000	0.0	0.0	16439.91	85420.08	34178.462	12545.23	3905.31	4607.41	64.66
OliveGIS	30set19	19:13:35	D:\wx_medgold\wx_agmerra_andalusia\agmerra_1417_209_ESP.txt	-5.8750	37.8750	1	6940	12	31	1998	2635.4	0.0	7378.9	7831.1	   107.0	     1.0	68.7	2220.6	420.5	0.000	0.0	0.0	12335.26	62918.76	24857.074	6428.25	3566.94	4754.80	57.93
OliveGIS	30set19	19:13:43	D:\wx_medgold\wx_agmerra_andalusia\agmerra_1417_210_ESP.txt	-5.8750	37.6250	1	6940	12	31	1998	2642.5	0.0	8052.1	8623.3	    92.0	     1.0	48.0	1820.0	390.0	0.000	0.0	0.0	12759.07	68279.68	28126.539	7780.06	4158.43	5306.32	58.76
OliveGIS	30set19	19:13:52	D:\wx_medgold\wx_agmerra_andalusia\agmerra_1417_211_ESP.txt	-5.8750	37.3750	1	6940	12	31	1998	2647.9	0.0	9468.1	10304.1	    86.0	     1.0	33.3	1524.3	376.3	0.000	0.0	0.0	12542.95	71501.98	29683.584	8621.25	4518.04	5886.43	54.63
OliveGIS	30set19	19:14:03	D:\wx_medgold\wx_agmerra_andalusia\agmerra_1417_212_ESP.txt	-5.8750	37.1250	1	6940	12	31	1998	2659.3	0.0	9349.4	10019.3	    83.0	     1.0	22.4	1431.3	368.2	0.000	0.0	0.0	14078.38	77405.41	32887.271	9484.29	4833.30	6126.01	58.65
OliveGIS	30set19	19:14:12	D:\wx_medgold\wx_agmerra_andalusia\agmerra_1417_213_ESP.txt	-5.8750	36.8750	1	6940	12	31	1998	2658.4	0.0	9511.3	10077.6	    87.0	     1.0	24.4	1599.1	326.1	0.000	0.0	0.0	16890.03	90508.82	38291.474	11013.47	5528.49	6626.31	62.82
OliveGIS	30set19	19:14:20	D:\wx_medgold\wx_agmerra_andalusia\agmerra_1417_214_ESP.txt	-5.8750	36.6250	1	6940	12	31	1998	2663.9	0.0	9285.8	9661.8	    83.0	     1.0	12.2	1726.1	369.1	0.000	0.0	0.0	21175.02	107483.34	46411.332	13355.92	6269.23	6996.13	69.05
OliveGIS	30set19	19:14:28	D:\wx_medgold\wx_agmerra_andalusia\agmerra_1417_215_ESP.txt	-5.8750	36.3750	1	6940	12	31	1998	2668.6	0.0	9592.6	9843.8	    86.0	     1.0	8.6	2121.1	408.5	0.000	0.0	0.0	31693.94	153469.22	70353.077	21959.66	8509.99	8057.25	77.86
OliveGIS	30set19	19:14:35	D:\wx_medgold\wx_agmerra_andalusia\agmerra_1418_208_ESP.txt	-5.6250	38.1250	1	6940	12	31	1998	2626.1	0.0	6629.6	7115.2	   116.0	     1.0	101.6	2338.4	406.1	0.000	0.0	0.0	14041.85	71447.00	28068.443	8940.94	3531.72	4567.14	61.47
OliveGIS	30set19	19:14:43	D:\wx_medgold\wx_agmerra_andalusia\agmerra_1418_209_ESP.txt	-5.6250	37.8750	1	6940	12	31	1998	2633.1	0.0	7591.8	8108.9	   103.0	     1.0	66.9	2124.4	420.4	0.000	0.0	0.0	12175.02	63025.69	24886.715	6874.04	3624.99	4857.45	57.23
OliveGIS	30set19	19:14:51	D:\wx_medgold\wx_agmerra_andalusia\agmerra_1418_210_ESP.txt	-5.6250	37.6250	1	6940	12	31	1998	2650.7	0.0	8263.3	8858.0	    91.0	     1.0	49.0	1771.2	387.0	0.000	0.0	0.0	12534.53	68251.84	28106.061	7837.72	4198.09	5379.74	57.75
OliveGIS	30set19	19:15:00	D:\wx_medgold\wx_agmerra_andalusia\agmerra_1418_211_ESP.txt	-5.6250	37.3750	1	6940	12	31	1998	2658.9	0.0	8828.9	9551.7	    87.0	     1.0	38.7	1634.2	380.0	0.000	0.0	0.0	12354.32	69937.26	29017.975	8476.04	4436.54	5659.38	56.24
OliveGIS	30set19	19:15:09	D:\wx_medgold\wx_agmerra_andalusia\agmerra_1418_212_ESP.txt	-5.6250	37.1250	1	6940	12	31	1998	2651.0	0.0	8901.2	9471.9	    87.0	     1.0	33.0	1814.1	380.7	0.000	0.0	0.0	15209.51	81292.89	33766.267	9381.07	4921.33	6067.51	61.14
OliveGIS	30set19	19:15:17	D:\wx_medgold\wx_agmerra_andalusia\agmerra_1418_213_ESP.txt	-5.6250	36.8750	1	6940	12	31	1998	2644.3	0.0	8006.2	8360.0	    94.0	     1.0	37.1	2086.6	350.6	0.000	0.0	0.0	18223.62	91599.88	39068.490	11430.62	5297.95	6016.58	68.67
OliveGIS	30set19	19:15:25	D:\wx_medgold\wx_agmerra_andalusia\agmerra_1418_214_ESP.txt	-5.6250	36.6250	1	6940	12	31	1998	2648.3	0.0	8590.4	8870.1	    88.0	     1.0	18.4	2093.9	414.3	0.000	0.0	0.0	26806.47	127054.20	55858.540	17576.85	7040.32	7127.22	76.39
OliveGIS	30set19	19:15:33	D:\wx_medgold\wx_agmerra_andalusia\agmerra_1418_215_ESP.txt	-5.6250	36.3750	1	6940	12	31	1998	2664.5	0.0	8219.3	8372.0	    90.0	     1.0	12.1	2322.3	517.0	0.000	0.0	0.0	31989.11	152235.49	69170.019	24721.55	7944.10	7152.34	80.80
OliveGIS	30set19	19:15:40	D:\wx_medgold\wx_agmerra_andalusia\agmerra_1418_216_ESP.txt	-5.6250	36.1250	1	6940	12	31	1998	2694.6	0.0	9228.9	9404.4	    83.0	     1.0	0.1	2286.9	349.1	0.000	0.0	0.0	45854.18	230565.09	129079.874	48701.46	12727.72	8482.96	85.48
OliveGIS	30set19	19:15:47	D:\wx_medgold\wx_agmerra_andalusia\agmerra_1419_207_ESP.txt	-5.3750	38.3750	1	6940	12	31	1998	2617.6	0.1	6079.2	6591.4	   127.0	     1.0	137.3	2425.6	369.0	0.000	0.0	0.0	14851.88	80878.81	32410.828	13422.52	3422.54	4127.88	60.30
OliveGIS	30set19	19:15:55	D:\wx_medgold\wx_agmerra_andalusia\agmerra_1419_208_ESP.txt	-5.3750	38.1250	1	6940	12	31	1998	2626.3	0.0	6479.8	7065.3	   118.0	     1.0	112.2	2264.1	387.0	0.000	0.0	0.0	10925.92	54823.00	21084.752	7085.54	2881.74	4101.97	55.51
OliveGIS	30set19	19:16:03	D:\wx_medgold\wx_agmerra_andalusia\agmerra_1419_209_ESP.txt	-5.3750	37.8750	1	6940	12	31	1998	2643.1	0.0	7809.8	8619.5	    94.0	     1.0	52.9	1765.5	404.8	0.000	0.0	0.0	9881.96	55414.97	22635.415	6786.03	3544.19	4765.44	52.70
OliveGIS	30set19	19:16:12	D:\wx_medgold\wx_agmerra_andalusia\agmerra_1419_210_ESP.txt	-5.3750	37.6250	1	6940	12	31	1998	2646.1	0.0	8861.5	9755.9	    87.0	     1.0	40.0	1465.7	364.5	0.000	0.0	0.0	9790.55	56497.38	23586.957	6667.67	3640.81	5039.77	49.36
OliveGIS	30set19	19:16:20	D:\wx_medgold\wx_agmerra_andalusia\agmerra_1419_211_ESP.txt	-5.3750	37.3750	1	6940	12	31	1998	2665.1	0.0	8639.0	9296.9	    89.0	     1.0	39.6	1657.1	380.4	0.000	0.0	0.0	12465.30	69805.42	28902.846	8284.24	4384.74	5588.53	57.01
OliveGIS	30set19	19:16:28	D:\wx_medgold\wx_agmerra_andalusia\agmerra_1419_212_ESP.txt	-5.3750	37.1250	1	6940	12	31	1998	2645.3	0.0	7837.0	8226.7	    93.0	     1.0	41.6	2111.1	398.2	0.000	0.0	0.0	15864.29	80722.04	33513.520	9315.90	4653.41	5601.38	64.91
OliveGIS	30set19	19:16:36	D:\wx_medgold\wx_agmerra_andalusia\agmerra_1419_213_ESP.txt	-5.3750	36.8750	1	6940	12	31	1998	2602.8	0.1	6029.7	6011.8	   129.0	     1.0	157.2	3188.3	385.9	0.000	0.0	0.0	31874.17	199343.41	166717.865	69461.05	6739.97	4961.27	77.98
OliveGIS	30set19	19:16:44	D:\wx_medgold\wx_agmerra_andalusia\agmerra_1419_214_ESP.txt	-5.3750	36.6250	1	6940	12	31	1998	2635.8	0.0	6057.0	6035.8	   118.0	     1.0	65.3	3220.5	437.8	0.000	0.0	0.0	38518.14	226881.49	165275.518	109145.65	8467.72	5417.36	84.23
OliveGIS	30set19	19:16:51	D:\wx_medgold\wx_agmerra_andalusia\agmerra_1419_215_ESP.txt	-5.3750	36.3750	1	6940	12	31	1998	2659.6	0.0	7639.7	7792.9	    93.0	     1.0	16.5	2178.5	446.6	0.000	0.0	0.0	26093.15	125987.16	57011.311	18544.84	6876.18	6465.55	78.67
OliveGIS	30set19	19:16:59	D:\wx_medgold\wx_agmerra_andalusia\agmerra_1420_206_ESP.txt	-5.1250	38.6250	1	6940	12	31	1998	2619.8	0.0	6055.3	6715.7	   123.0	     1.0	124.3	2279.9	374.3	0.000	0.0	0.0	11285.48	57168.85	22652.003	8843.51	2980.65	4051.39	58.00
OliveGIS	30set19	19:17:06	D:\wx_medgold\wx_agmerra_andalusia\agmerra_1420_207_ESP.txt	-5.1250	38.3750	1	6940	12	31	1998	2612.3	0.0	6113.5	6581.7	   127.0	     1.0	141.3	2465.3	369.8	0.000	0.0	0.0	15467.33	92757.49	41065.876	14753.68	3843.96	4171.59	60.91
OliveGIS	30set19	19:17:14	D:\wx_medgold\wx_agmerra_andalusia\agmerra_1420_208_ESP.txt	-5.1250	38.1250	1	6940	12	31	1998	2628.2	0.0	6581.3	7181.8	   116.0	     1.0	111.9	2221.5	385.0	0.000	0.0	0.0	10424.78	53049.23	20754.293	6614.12	2952.68	4133.39	54.95
OliveGIS	30set19	19:17:23	D:\wx_medgold\wx_agmerra_andalusia\agmerra_1420_209_ESP.txt	-5.1250	37.8750	1	6940	12	31	1998	2645.5	0.0	7787.0	8595.1	    93.0	     1.0	53.7	1716.6	394.7	0.000	0.0	0.0	9743.59	55371.45	22807.442	6941.76	3575.44	4750.46	52.63
OliveGIS	30set19	19:17:32	D:\wx_medgold\wx_agmerra_andalusia\agmerra_1420_210_ESP.txt	-5.1250	37.6250	1	6940	12	31	1998	2655.2	0.0	8435.1	9266.0	    88.0	     1.0	42.5	1514.7	357.0	0.000	0.0	0.0	9806.54	56260.63	23084.199	6556.86	3540.66	4914.00	50.54
OliveGIS	30set19	19:17:40	D:\wx_medgold\wx_agmerra_andalusia\agmerra_1420_211_ESP.txt	-5.1250	37.3750	1	6940	12	31	1998	2660.7	0.0	8462.0	9079.1	    90.0	     1.0	42.6	1753.4	379.8	0.000	0.0	0.0	12923.40	71567.34	29812.490	8573.72	4466.85	5603.93	58.59
OliveGIS	30set19	19:17:49	D:\wx_medgold\wx_agmerra_andalusia\agmerra_1420_212_ESP.txt	-5.1250	37.1250	1	6940	12	31	1998	2656.2	0.0	7934.3	8304.6	    94.0	     1.0	44.1	2133.1	393.9	0.000	0.0	0.0	16681.97	84471.25	35334.320	10214.03	4878.75	5772.82	66.03
OliveGIS	30set19	19:17:57	D:\wx_medgold\wx_agmerra_andalusia\agmerra_1420_213_ESP.txt	-5.1250	36.8750	1	6940	12	31	1998	2616.0	0.0	6051.5	6032.1	   128.0	     1.0	145.4	3184.6	388.0	0.000	0.0	0.0	33102.49	212053.66	168176.841	80983.87	6957.36	5030.30	78.53
OliveGIS	30set19	19:18:04	D:\wx_medgold\wx_agmerra_andalusia\agmerra_1420_214_ESP.txt	-5.1250	36.6250	1	6940	12	31	1998	2638.7	0.0	6629.8	6629.4	   113.0	     1.0	35.3	3159.3	412.0	0.000	0.0	0.0	40620.59	222210.51	149031.012	101593.34	9032.32	5983.44	85.21
OliveGIS	30set19	19:18:12	D:\wx_medgold\wx_agmerra_andalusia\agmerra_1421_206_ESP.txt	-4.8750	38.6250	1	6940	12	31	1998	2618.1	0.0	6045.9	6755.6	   119.0	     1.0	117.8	2217.2	397.2	0.000	0.0	0.0	9181.90	46944.22	18273.105	6554.08	2645.44	3754.53	53.25
OliveGIS	30set19	19:18:20	D:\wx_medgold\wx_agmerra_andalusia\agmerra_1421_207_ESP.txt	-4.8750	38.3750	1	6940	12	31	1998	2612.6	0.1	6118.2	6470.7	   133.0	     1.0	168.6	2664.9	370.2	0.000	0.0	0.0	21212.92	130152.37	76244.781	29457.28	4919.78	4613.84	68.23
OliveGIS	30set19	19:18:28	D:\wx_medgold\wx_agmerra_andalusia\agmerra_1421_208_ESP.txt	-4.8750	38.1250	1	6940	12	31	1998	2621.7	0.0	6258.0	6777.3	   121.0	     1.0	128.6	2340.2	345.3	0.000	0.0	0.0	13501.66	67448.73	25525.000	9377.57	3156.22	4221.49	59.83
OliveGIS	30set19	19:18:37	D:\wx_medgold\wx_agmerra_andalusia\agmerra_1421_209_ESP.txt	-4.8750	37.8750	1	6940	12	31	1998	2646.3	0.0	7840.0	8692.1	    97.0	     1.0	63.5	1786.5	406.9	0.000	0.0	0.0	9724.93	54733.44	22105.560	6540.08	3478.92	4741.90	51.88
OliveGIS	30set19	19:18:47	D:\wx_medgold\wx_agmerra_andalusia\agmerra_1421_210_ESP.txt	-4.8750	37.6250	1	6940	12	31	1998	2643.7	0.0	7826.8	8601.9	    93.0	     1.0	52.9	1698.6	373.4	0.000	0.0	0.0	9349.44	53346.23	21603.809	6129.11	3411.38	4582.89	50.90
OliveGIS	30set19	19:18:55	D:\wx_medgold\wx_agmerra_andalusia\agmerra_1421_211_ESP.txt	-4.8750	37.3750	1	6940	12	31	1998	2637.6	0.0	7688.7	8168.0	   100.0	     1.0	58.6	2092.4	375.0	0.000	0.0	0.0	13562.00	70102.25	28455.959	7549.23	4071.80	5183.42	60.74
OliveGIS	30set19	19:19:04	D:\wx_medgold\wx_agmerra_andalusia\agmerra_1421_212_ESP.txt	-4.8750	37.1250	1	6940	12	31	1998	2643.8	0.0	7670.4	7950.1	   107.0	     1.0	57.7	2381.0	385.1	0.000	0.0	0.0	20350.91	100513.08	40800.171	12632.36	5073.76	5839.27	69.91
OliveGIS	30set19	19:19:13	D:\wx_medgold\wx_agmerra_andalusia\agmerra_1421_213_ESP.txt	-4.8750	36.8750	1	6940	12	31	1998	2633.8	0.0	7635.5	7805.5	   110.0	     1.0	57.3	2530.7	419.4	0.000	0.0	0.0	26303.00	135892.70	60815.353	25148.47	6478.06	6216.33	75.61
OliveGIS	30set19	19:19:21	D:\wx_medgold\wx_agmerra_andalusia\agmerra_1421_214_ESP.txt	-4.8750	36.6250	1	6940	12	31	1998	2657.5	0.0	8080.2	8235.0	    92.0	     1.0	8.7	2243.8	423.2	0.000	0.0	0.0	27681.28	130334.90	57573.019	18350.67	6926.25	6774.83	78.29
OliveGIS	30set19	19:19:29	D:\wx_medgold\wx_agmerra_andalusia\agmerra_1422_207_ESP.txt	-4.6250	38.3750	1	6940	12	31	1998	2610.7	0.0	6075.9	6385.9	   133.0	     1.0	173.8	2689.1	368.9	0.000	0.0	0.0	23794.50	135931.91	79484.177	28628.80	5166.22	4779.22	71.65
OliveGIS	30set19	19:19:38	D:\wx_medgold\wx_agmerra_andalusia\agmerra_1422_208_ESP.txt	-4.6250	38.1250	1	6940	12	31	1998	2619.3	0.0	6491.1	7025.7	   119.0	     1.0	129.6	2294.0	336.8	0.000	0.0	0.0	12789.84	63506.59	23934.960	8309.10	3062.47	4249.33	58.07
OliveGIS	30set19	19:19:47	D:\wx_medgold\wx_agmerra_andalusia\agmerra_1422_209_ESP.txt	-4.6250	37.8750	1	6940	12	31	1998	2631.5	0.0	7806.4	8643.2	    96.0	     1.0	66.2	1773.2	386.2	0.000	0.0	0.0	9604.27	53702.25	21827.627	6474.32	3432.97	4665.93	51.61
OliveGIS	30set19	19:19:58	D:\wx_medgold\wx_agmerra_andalusia\agmerra_1422_210_ESP.txt	-4.6250	37.6250	1	6940	12	31	1998	2642.6	0.0	7790.5	8515.6	    94.0	     1.0	58.0	1813.5	369.1	0.000	0.0	0.0	11277.73	62182.70	25721.147	7522.44	3916.35	5040.90	56.56
OliveGIS	30set19	19:20:07	D:\wx_medgold\wx_agmerra_andalusia\agmerra_1422_211_ESP.txt	-4.6250	37.3750	1	6940	12	31	1998	2639.5	0.0	7465.0	7888.9	   104.0	     1.0	64.1	2204.9	384.4	0.000	0.0	0.0	14650.67	74475.56	30690.761	8514.00	4279.93	5263.87	63.61
OliveGIS	30set19	19:20:16	D:\wx_medgold\wx_agmerra_andalusia\agmerra_1422_212_ESP.txt	-4.6250	37.1250	1	6940	12	31	1998	2638.1	0.0	7637.7	7923.7	   107.0	     1.0	60.1	2355.5	394.0	0.000	0.0	0.0	19679.67	97106.41	38840.023	14122.15	4839.92	5700.75	68.67
OliveGIS	30set19	19:20:26	D:\wx_medgold\wx_agmerra_andalusia\agmerra_1422_213_ESP.txt	-4.6250	36.8750	1	6940	12	31	1998	2641.0	0.0	7659.5	7851.4	   108.0	     1.0	48.7	2435.0	395.5	0.000	0.0	0.0	24122.41	120278.78	51004.396	19067.56	6033.94	6172.02	74.80
OliveGIS	30set19	19:20:34	D:\wx_medgold\wx_agmerra_andalusia\agmerra_1422_214_ESP.txt	-4.6250	36.6250	1	6940	12	31	1998	2683.3	0.0	9245.0	9435.3	    88.0	     1.0	2.8	1989.4	345.2	0.000	0.0	0.0	32407.81	152541.46	70132.708	22659.28	8386.33	7885.25	79.36
OliveGIS	30set19	19:20:43	D:\wx_medgold\wx_agmerra_andalusia\agmerra_1423_208_ESP.txt	-4.3750	38.1250	1	6940	12	31	1998	2627.6	0.0	6526.1	7154.8	   117.0	     1.0	119.7	2239.9	340.9	0.000	0.0	0.0	11201.75	56588.39	22149.164	7963.86	3051.01	4237.43	56.67
OliveGIS	30set19	19:20:53	D:\wx_medgold\wx_agmerra_andalusia\agmerra_1423_209_ESP.txt	-4.3750	37.8750	1	6940	12	31	1998	2649.6	0.0	7386.2	8461.9	    93.0	     1.0	54.8	1486.0	368.7	0.000	0.0	0.0	6138.65	35795.38	14405.694	4245.83	2284.01	3522.76	39.42
OliveGIS	30set19	19:21:03	D:\wx_medgold\wx_agmerra_andalusia\agmerra_1423_210_ESP.txt	-4.3750	37.6250	1	6940	12	31	1998	2649.6	0.0	7614.6	8484.7	    94.0	     1.0	53.5	1709.8	358.4	0.000	0.0	0.0	10210.91	57914.09	23855.013	7217.42	3713.64	4838.60	54.28
OliveGIS	30set19	19:21:12	D:\wx_medgold\wx_agmerra_andalusia\agmerra_1423_211_ESP.txt	-4.3750	37.3750	1	6940	12	31	1998	2634.9	0.0	7590.5	8097.9	   111.0	     1.0	78.4	2224.8	357.4	0.000	0.0	0.0	13729.67	70081.91	28451.555	8652.69	4003.76	5151.44	60.61
OliveGIS	30set19	19:21:21	D:\wx_medgold\wx_agmerra_andalusia\agmerra_1423_212_ESP.txt	-4.3750	37.1250	1	6940	12	31	1998	2641.0	0.0	7339.9	7766.7	   109.0	     1.0	66.3	2192.7	350.0	0.000	0.0	0.0	15078.70	76023.24	31562.270	10302.64	4324.33	5281.26	64.70
OliveGIS	30set19	19:21:31	D:\wx_medgold\wx_agmerra_andalusia\agmerra_1423_213_ESP.txt	-4.3750	36.8750	1	6940	12	31	1998	2648.5	0.0	7724.0	8003.2	   110.0	     1.0	59.9	2298.8	406.3	0.000	0.0	0.0	19494.67	97259.55	40366.906	13357.24	5170.75	5899.81	69.94
OliveGIS	30set19	19:21:39	D:\wx_medgold\wx_agmerra_andalusia\agmerra_1424_207_ESP.txt	-4.1250	38.3750	1	6940	12	31	1998	2618.2	0.0	6345.5	6848.9	   131.0	     1.0	165.4	2541.5	356.5	0.000	0.0	0.0	20048.68	111472.16	61738.853	21402.40	4671.95	4799.97	67.11
OliveGIS	30set19	19:21:48	D:\wx_medgold\wx_agmerra_andalusia\agmerra_1424_208_ESP.txt	-4.1250	38.1250	1	6940	12	31	1998	2625.3	0.0	6626.5	7278.7	   116.0	     1.0	125.6	2221.9	328.7	0.000	0.0	0.0	11315.12	56597.90	22216.576	7710.86	3050.92	4283.05	56.26
OliveGIS	30set19	19:21:57	D:\wx_medgold\wx_agmerra_andalusia\agmerra_1424_209_ESP.txt	-4.1250	37.8750	1	6940	12	31	1998	2633.4	0.0	7584.8	8634.0	    94.0	     1.0	61.9	1576.6	363.0	0.000	0.0	0.0	7601.29	44097.33	17729.226	5245.79	2843.67	4060.15	44.89
OliveGIS	30set19	19:22:06	D:\wx_medgold\wx_agmerra_andalusia\agmerra_1424_210_ESP.txt	-4.1250	37.6250	1	6940	12	31	1998	2644.1	0.0	7105.6	7775.6	   104.0	     1.0	67.8	1992.3	368.6	0.000	0.0	0.0	11336.41	59477.35	23957.571	6731.41	3542.66	4686.96	57.43
OliveGIS	30set19	19:22:14	D:\wx_medgold\wx_agmerra_andalusia\agmerra_1424_211_ESP.txt	-4.1250	37.3750	1	6940	12	31	1998	2623.6	0.0	6301.4	6610.2	   116.0	     1.0	99.4	2547.1	358.2	0.000	0.0	0.0	19226.34	106599.83	46835.787	19498.62	4624.85	4782.98	69.13
OliveGIS	30set19	19:22:22	D:\wx_medgold\wx_agmerra_andalusia\agmerra_1424_212_ESP.txt	-4.1250	37.1250	1	6940	12	31	1998	2636.4	0.0	7449.5	7824.4	   112.0	     1.0	75.8	2335.1	343.8	0.000	0.0	0.0	18115.23	89691.12	36125.747	13320.93	4552.37	5499.47	67.04
OliveGIS	30set19	19:22:34	D:\wx_medgold\wx_agmerra_andalusia\agmerra_1424_213_ESP.txt	-4.1250	36.8750	1	6940	12	31	1998	2639.8	0.0	7408.2	7645.4	   111.0	     1.0	60.6	2392.7	399.1	0.000	0.0	0.0	20327.57	102770.25	42248.546	17861.02	5189.68	5713.46	71.04
OliveGIS	30set19	19:22:43	D:\wx_medgold\wx_agmerra_andalusia\agmerra_1425_207_ESP.txt	-3.8750	38.3750	1	6940	12	31	1998	2626.9	0.0	6189.4	6946.8	   123.0	     1.0	123.6	2224.2	369.3	0.000	0.0	0.0	9882.52	49652.77	19315.709	8176.77	2680.04	3888.87	53.56
OliveGIS	30set19	19:22:52	D:\wx_medgold\wx_agmerra_andalusia\agmerra_1425_208_ESP.txt	-3.8750	38.1250	1	6940	12	31	1998	2627.2	0.0	6843.5	7748.3	   111.0	     1.0	94.7	1942.9	342.6	0.000	0.0	0.0	9028.13	48417.17	18907.698	5386.16	2928.03	4154.45	51.25
OliveGIS	30set19	19:23:02	D:\wx_medgold\wx_agmerra_andalusia\agmerra_1425_209_ESP.txt	-3.8750	37.8750	1	6940	12	31	1998	2639.6	0.0	7409.6	8817.3	    96.0	     1.0	63.8	1463.4	368.5	0.000	0.0	0.0	4210.03	24307.31	10152.433	3064.22	1608.73	2652.45	28.21
OliveGIS	30set19	19:23:11	D:\wx_medgold\wx_agmerra_andalusia\agmerra_1425_210_ESP.txt	-3.8750	37.6250	1	6940	12	31	1998	2641.1	0.0	6778.8	7625.8	   110.0	     1.0	77.4	1961.3	395.2	0.000	0.0	0.0	9361.56	50175.13	19781.147	5874.21	3033.68	4219.42	52.57
OliveGIS	30set19	19:23:20	D:\wx_medgold\wx_agmerra_andalusia\agmerra_1425_211_ESP.txt	-3.8750	37.3750	1	6940	12	31	1998	2622.8	0.0	6383.2	6797.6	   119.0	     1.0	115.8	2424.3	271.0	0.000	0.0	0.0	17442.57	89181.10	35998.468	18284.18	4105.98	4780.68	67.27
OliveGIS	30set19	19:23:29	D:\wx_medgold\wx_agmerra_andalusia\agmerra_1425_212_ESP.txt	-3.8750	37.1250	1	6940	12	31	1998	2637.2	0.0	7690.2	8276.1	   112.0	     1.0	86.0	2160.4	255.6	0.000	0.0	0.0	14437.34	74183.45	30702.262	10921.52	4279.27	5382.90	61.86
OliveGIS	30set19	19:23:39	D:\wx_medgold\wx_agmerra_andalusia\agmerra_1425_213_ESP.txt	-3.8750	36.8750	1	6940	12	31	1998	2637.1	0.0	7079.9	7668.0	   107.0	     1.0	68.6	1896.3	361.9	0.000	0.0	0.0	11170.96	60542.64	25013.979	7778.41	3708.85	4732.10	59.00
OliveGIS	30set19	19:23:49	D:\wx_medgold\wx_agmerra_andalusia\agmerra_1426_207_ESP.txt	-3.6250	38.3750	1	6940	12	31	1998	2619.9	0.0	6077.4	6806.1	   125.0	     1.0	130.6	2276.6	361.6	0.000	0.0	0.0	10543.29	51731.48	19717.033	8758.19	2619.97	3850.43	54.33
OliveGIS	30set19	19:23:57	D:\wx_medgold\wx_agmerra_andalusia\agmerra_1426_208_ESP.txt	-3.6250	38.1250	1	6940	12	31	1998	2631.9	0.0	7552.7	8513.2	   113.0	     1.0	101.7	2048.1	329.6	0.000	0.0	0.0	10964.23	57229.54	22523.588	6642.41	3319.99	4691.78	52.61
OliveGIS	30set19	19:24:07	D:\wx_medgold\wx_agmerra_andalusia\agmerra_1426_209_ESP.txt	-3.6250	37.8750	1	6940	12	31	1998	2640.3	0.0	6941.8	8270.1	   103.0	     1.0	72.4	1612.7	363.5	0.000	0.0	0.0	5295.74	30016.17	11431.407	3566.96	1920.85	3075.34	35.14
OliveGIS	30set19	19:24:15	D:\wx_medgold\wx_agmerra_andalusia\agmerra_1426_210_ESP.txt	-3.6250	37.6250	1	6940	12	31	1998	2628.1	0.0	6751.3	7516.7	   114.0	     1.0	95.7	2158.4	385.6	0.000	0.0	0.0	10398.21	53767.42	21472.808	8604.52	3093.40	4268.68	54.17
OliveGIS	30set19	19:24:23	D:\wx_medgold\wx_agmerra_andalusia\agmerra_1426_211_ESP.txt	-3.6250	37.3750	1	6940	12	31	1998	2613.8	0.0	6123.0	6437.2	   127.0	     1.0	148.0	2600.1	274.4	0.000	0.0	0.0	21754.36	116240.69	66112.728	34243.43	4961.72	4846.30	71.86
OliveGIS	30set19	19:24:31	D:\wx_medgold\wx_agmerra_andalusia\agmerra_1426_212_ESP.txt	-3.6250	37.1250	1	6940	12	31	1998	2618.8	0.0	6106.8	6502.4	   116.0	     1.0	106.6	2383.2	309.8	0.000	0.0	0.0	16765.10	82847.32	34386.118	20461.14	4117.76	4749.13	69.77
OliveGIS	30set19	19:24:41	D:\wx_medgold\wx_agmerra_andalusia\agmerra_1426_213_ESP.txt	-3.6250	36.8750	1	6940	12	31	1998	2627.0	0.0	7518.3	8057.8	   111.0	     1.0	81.4	2088.3	352.4	0.000	0.0	0.0	12931.19	68038.20	28099.809	9734.40	4024.99	5093.93	60.42
OliveGIS	30set19	19:24:51	D:\wx_medgold\wx_agmerra_andalusia\agmerra_1427_207_ESP.txt	-3.3750	38.3750	1	6940	12	31	1998	2624.6	0.0	6273.4	7103.9	   118.0	     1.0	121.5	2115.6	390.8	0.000	0.0	0.0	8795.98	45891.95	18164.161	7266.52	2674.29	3800.06	51.08
OliveGIS	30set19	19:25:02	D:\wx_medgold\wx_agmerra_andalusia\agmerra_1427_208_ESP.txt	-3.3750	38.1250	1	6940	12	31	1998	2629.2	0.0	6859.8	7787.5	   111.0	     1.0	96.1	1949.5	363.5	0.000	0.0	0.0	10049.79	53493.37	21347.119	6239.35	3245.88	4423.14	54.08
OliveGIS	30set19	19:25:11	D:\wx_medgold\wx_agmerra_andalusia\agmerra_1427_209_ESP.txt	-3.3750	37.8750	1	6940	12	31	1998	2631.6	0.0	6740.2	7679.4	   109.0	     1.0	81.8	1791.8	313.3	0.000	0.0	0.0	8521.66	45549.77	17653.779	5325.81	2816.13	4043.95	50.30
OliveGIS	30set19	19:25:19	D:\wx_medgold\wx_agmerra_andalusia\agmerra_1427_210_ESP.txt	-3.3750	37.6250	1	6940	12	31	1998	2624.4	0.1	6410.3	6886.3	   119.0	     1.0	116.3	2408.7	326.5	0.000	0.0	0.0	18891.53	104071.86	45096.782	26638.41	4752.99	4961.02	69.01
OliveGIS	30set19	19:25:26	D:\wx_medgold\wx_agmerra_andalusia\agmerra_1427_211_ESP.txt	-3.3750	37.3750	1	6940	12	31	1998	2047.2	11.3	3378.6	4682.5	   163.0	     1.0	470.5	3314.7	184.8	0.000	0.0	0.0	8164.14	51613.69	124158.358	22370.01	1593.04	1902.98	39.04
OliveGIS	30set19	19:25:32	D:\wx_medgold\wx_agmerra_andalusia\agmerra_1427_212_ESP.txt	-3.3750	37.1250	1	6940	12	31	1998	2218.8	4.7	5740.6	5912.3	   156.0	     1.0	368.9	3251.6	453.3	0.000	0.0	0.0	16435.13	100687.44	155982.468	31560.36	3129.98	3248.37	53.37
OliveGIS	30set19	19:25:40	D:\wx_medgold\wx_agmerra_andalusia\agmerra_1427_213_ESP.txt	-3.3750	36.8750	1	6940	12	31	1998	2608.2	0.1	5745.6	5940.0	   138.0	     1.0	206.2	2766.7	481.6	0.000	0.0	0.0	23035.48	145885.76	157183.502	60610.48	5644.45	4626.18	73.53
OliveGIS	30set19	19:25:49	D:\wx_medgold\wx_agmerra_andalusia\agmerra_1428_207_ESP.txt	-3.1250	38.3750	1	6940	12	31	1998	2621.4	0.0	6034.4	6618.8	   126.0	     1.0	139.2	2374.2	383.3	0.000	0.0	0.0	16898.42	94175.68	38872.512	17492.87	4094.76	4492.86	65.04
OliveGIS	30set19	19:25:57	D:\wx_medgold\wx_agmerra_andalusia\agmerra_1428_208_ESP.txt	-3.1250	38.1250	1	6940	12	31	1998	2620.1	0.0	6341.6	6947.1	   118.0	     1.0	119.4	2300.6	383.7	0.000	0.0	0.0	15995.19	80709.11	31761.682	16180.09	3808.03	4673.62	64.54
OliveGIS	30set19	19:26:05	D:\wx_medgold\wx_agmerra_andalusia\agmerra_1428_209_ESP.txt	-3.1250	37.8750	1	6940	12	31	1998	2632.8	0.0	7331.2	8100.3	   115.0	     1.0	100.1	2128.1	319.6	0.000	0.0	0.0	12263.96	62999.51	25303.636	9374.15	3601.50	4835.64	56.92
OliveGIS	30set19	19:26:13	D:\wx_medgold\wx_agmerra_andalusia\agmerra_1428_210_ESP.txt	-3.1250	37.6250	1	6940	12	31	1998	2623.9	0.1	6310.8	6687.7	   124.0	     1.0	129.9	2501.4	317.9	0.000	0.0	0.0	20866.00	119702.00	67716.872	32228.30	5285.95	4949.40	70.78
OliveGIS	30set19	19:26:19	D:\wx_medgold\wx_agmerra_andalusia\agmerra_1428_211_ESP.txt	-3.1250	37.3750	1	6940	12	31	1998	2073.4	10.3	3059.7	4446.8	   161.0	     1.0	460.5	3304.9	184.7	0.000	0.0	0.0	9893.94	61722.79	142749.217	27870.57	1880.99	2115.94	45.70
OliveGIS	30set19	19:26:26	D:\wx_medgold\wx_agmerra_andalusia\agmerra_1428_212_ESP.txt	-3.1250	37.1250	1	6940	12	31	1998	2319.5	2.3	2095.0	3591.0	   150.0	     1.0	321.0	3179.0	342.2	0.000	0.0	0.0	11812.64	71036.20	89862.375	32447.59	2465.63	2352.98	63.68
OliveGIS	30set19	19:26:34	D:\wx_medgold\wx_agmerra_andalusia\agmerra_1428_213_ESP.txt	-3.1250	36.8750	1	6940	12	31	1998	2620.3	0.0	6078.0	6303.8	   134.0	     1.0	164.0	2645.9	319.0	0.000	0.0	0.0	25636.98	148430.42	103165.029	50007.86	6169.24	5108.19	76.69
OliveGIS	30set19	19:26:41	D:\wx_medgold\wx_agmerra_andalusia\agmerra_1429_207_ESP.txt	-2.8750	38.3750	1	6940	12	31	1998	2600.2	1.7	5957.6	6331.7	   137.0	     1.0	223.3	2657.2	360.4	0.000	0.0	0.0	27717.58	178578.76	128608.512	44923.86	6361.96	5009.35	75.18
OliveGIS	30set19	19:26:48	D:\wx_medgold\wx_agmerra_andalusia\agmerra_1429_208_ESP.txt	-2.8750	38.1250	1	6940	12	31	1998	2605.7	1.3	5991.8	6317.1	   137.0	     1.0	212.8	2699.3	406.4	0.000	0.0	0.0	27600.11	177826.84	134379.755	50112.37	6473.69	5002.10	75.03
OliveGIS	30set19	19:26:55	D:\wx_medgold\wx_agmerra_andalusia\agmerra_1429_209_ESP.txt	-2.8750	37.8750	1	6940	12	31	1998	2597.2	1.5	5853.3	6078.2	   138.0	     1.0	266.1	2853.0	370.0	0.000	0.0	0.0	28608.42	184612.40	188672.413	66555.23	6506.27	4934.99	76.93
OliveGIS	30set19	19:27:02	D:\wx_medgold\wx_agmerra_andalusia\agmerra_1429_210_ESP.txt	-2.8750	37.6250	1	6940	12	31	1998	2522.5	1.9	5277.6	5410.3	   139.0	     1.0	283.2	2958.2	275.7	0.000	0.0	0.0	23853.37	152669.57	164773.200	60952.84	5061.54	4162.83	74.22
OliveGIS	30set19	19:27:08	D:\wx_medgold\wx_agmerra_andalusia\agmerra_1429_211_ESP.txt	-2.8750	37.3750	1	6940	12	31	1998	1464.9	45.3	667.2	1164.5	   185.0	     1.0	807.3	3616.2	238.9	0.000	0.0	0.0	762.49	5563.47	6577.278	581.77	122.44	160.48	12.36
OliveGIS	30set19	19:27:12	D:\wx_medgold\wx_agmerra_andalusia\agmerra_1429_212_ESP.txt	-2.8750	37.1250	1	6940	12	31	1998	1726.9	13.1	3542.1	5430.8	   174.0	     1.0	549.3	3685.2	269.5	0.000	0.0	0.0	7971.93	54999.86	139770.416	16854.11	1529.01	1790.78	30.71
OliveGIS	30set19	19:27:20	D:\wx_medgold\wx_agmerra_andalusia\agmerra_1429_213_ESP.txt	-2.8750	36.8750	1	6940	12	31	1998	2646.7	0.0	7210.0	7655.4	   108.0	     1.0	58.7	1917.4	265.1	0.000	0.0	0.0	13824.35	73360.62	31675.721	12292.88	4513.56	5239.97	65.20
OliveGIS	30set19	19:27:28	D:\wx_medgold\wx_agmerra_andalusia\agmerra_1430_207_ESP.txt	-2.6250	38.3750	1	6940	12	31	1998	2502.8	7.1	5714.5	5944.7	   140.0	     1.0	353.6	2858.1	378.9	0.000	0.0	0.0	23991.15	150150.06	162309.973	41955.88	5159.63	4332.41	70.74
OliveGIS	30set19	19:27:34	D:\wx_medgold\wx_agmerra_andalusia\agmerra_1430_208_ESP.txt	-2.6250	38.1250	1	6940	12	31	1998	2437.8	6.5	5741.9	5920.1	   143.0	     1.0	356.8	2956.5	463.7	0.000	0.0	0.0	23292.73	142404.47	154515.812	37945.64	4844.46	4221.87	69.51
OliveGIS	30set19	19:27:41	D:\wx_medgold\wx_agmerra_andalusia\agmerra_1430_209_ESP.txt	-2.6250	37.8750	1	6940	12	31	1998	2435.9	2.7	2549.0	3768.3	   142.0	     1.0	305.2	3049.4	374.3	0.000	0.0	0.0	15295.96	90004.02	120729.768	44477.10	3393.98	2869.49	73.49
OliveGIS	30set19	19:27:47	D:\wx_medgold\wx_agmerra_andalusia\agmerra_1430_210_ESP.txt	-2.6250	37.6250	1	6940	12	31	1998	2513.9	2.1	5862.0	5991.3	   139.0	     1.0	284.7	2968.8	273.2	0.000	0.0	0.0	28979.82	184929.20	196398.948	78385.64	6099.75	4750.66	76.56
OliveGIS	30set19	19:27:53	D:\wx_medgold\wx_agmerra_andalusia\agmerra_1430_211_ESP.txt	-2.6250	37.3750	1	6940	12	31	1998	1539.4	35.3	3151.8	5010.0	   179.0	     1.0	744.1	3627.1	219.1	0.000	0.0	0.0	2625.99	21083.66	22107.796	1233.69	443.51	582.15	10.73
OliveGIS	30set19	19:27:58	D:\wx_medgold\wx_agmerra_andalusia\agmerra_1430_212_ESP.txt	-2.6250	37.1250	1	6940	12	31	1998	1865.8	5.9	1797.4	3172.9	   166.0	     1.0	448.3	3667.6	216.5	0.000	0.0	0.0	6446.85	39221.62	71125.170	16896.36	1048.37	1357.48	40.86
OliveGIS	30set19	19:28:06	D:\wx_medgold\wx_agmerra_andalusia\agmerra_1430_213_ESP.txt	-2.6250	36.8750	1	6940	12	31	1998	2645.7	0.0	7945.6	8431.4	    97.0	     1.0	38.9	1621.7	181.8	0.000	0.0	0.0	12672.96	69844.63	29956.119	9135.23	4454.97	5376.36	60.95
OliveGIS	30set19	19:28:13	D:\wx_medgold\wx_agmerra_andalusia\agmerra_1431_209_ESP.txt	-2.3750	37.8750	1	6940	12	31	1998	2007.4	11.0	6477.1	7068.3	   163.0	     1.0	466.4	3433.7	325.7	0.000	0.0	0.0	10822.52	70405.85	100657.937	17318.67	1861.88	2233.73	30.68
OliveGIS	30set19	19:28:19	D:\wx_medgold\wx_agmerra_andalusia\agmerra_1431_210_ESP.txt	-2.3750	37.6250	1	6940	12	31	1998	2164.5	6.3	6062.7	6272.0	   154.0	     1.0	389.6	3337.0	302.0	0.000	0.0	0.0	19496.81	125849.65	146500.359	20966.18	3546.75	3441.10	53.51
OliveGIS	30set19	19:28:24	D:\wx_medgold\wx_agmerra_andalusia\agmerra_1431_211_ESP.txt	-2.3750	37.3750	1	6940	12	31	1998	2126.7	5.2	2242.7	3324.0	   155.0	     1.0	375.0	3416.5	165.7	0.000	0.0	0.0	11162.63	70470.12	91667.860	21458.38	2098.59	2037.84	59.33
OliveGIS	30set19	19:28:31	D:\wx_medgold\wx_agmerra_andalusia\agmerra_1431_212_ESP.txt	-2.3750	37.1250	1	6940	12	31	1998	2499.9	0.1	5958.6	6026.3	   137.0	     1.0	173.0	3196.5	189.9	0.000	0.0	0.0	30378.24	197202.15	182386.418	100350.24	6513.33	4919.58	78.55
OliveGIS	30set19	19:28:40	D:\wx_medgold\wx_agmerra_andalusia\agmerra_1431_213_ESP.txt	-2.3750	36.8750	1	6940	12	31	1998	2650.5	0.0	7683.0	8163.7	    97.0	     1.0	31.3	1556.6	105.4	0.000	0.0	0.0	12876.49	71284.33	31196.477	10145.34	4615.25	5382.22	62.96
OliveGIS	30set19	19:28:47	D:\wx_medgold\wx_agmerra_andalusia\agmerra_1432_209_ESP.txt	-2.1250	37.8750	1	6940	12	31	1998	2154.4	6.5	6298.6	6502.7	   154.0	     1.0	390.0	3329.9	317.5	0.000	0.0	0.0	19884.83	124318.29	154524.973	27308.92	3637.79	3512.90	52.67
OliveGIS	30set19	19:28:53	D:\wx_medgold\wx_agmerra_andalusia\agmerra_1432_210_ESP.txt	-2.1250	37.6250	1	6940	12	31	1998	2414.5	2.4	3555.6	4271.3	   140.0	     1.0	281.5	3106.5	302.7	0.000	0.0	0.0	20055.20	122397.10	149789.126	56910.38	4276.27	3332.27	75.47
OliveGIS	30set19	19:29:01	D:\wx_medgold\wx_agmerra_andalusia\agmerra_1432_211_ESP.txt	-2.1250	37.3750	1	6940	12	31	1998	2396.4	1.2	3813.1	4632.7	   140.0	     1.0	243.9	3241.0	168.8	0.000	0.0	0.0	21974.25	132280.49	162458.997	76683.82	4798.09	3650.48	76.16
OliveGIS	30set19	19:29:08	D:\wx_medgold\wx_agmerra_andalusia\agmerra_1432_212_ESP.txt	-2.1250	37.1250	1	6940	12	31	1998	2630.7	0.0	6855.8	6934.9	   120.0	     1.0	54.0	2888.0	156.2	0.000	0.0	0.0	37287.94	203677.71	136221.887	103910.72	9028.60	6233.75	84.51
OliveGIS	30set19	19:29:17	D:\wx_medgold\wx_agmerra_andalusia\agmerra_1432_213_ESP.txt	-2.1250	36.8750	1	6940	12	31	1998	2665.4	0.0	8711.9	9141.1	    91.0	     1.0	10.8	1190.1	102.3	0.000	0.0	0.0	18545.27	98477.38	45437.924	16034.10	6390.48	6709.01	70.15
OliveGIS	30set19	19:29:26	D:\wx_medgold\wx_agmerra_andalusia\agmerra_1433_211_ESP.txt	-1.8750	37.3750	1	6940	12	31	1998	2639.8	0.0	7670.5	8188.7	   109.0	     1.0	64.8	1789.3	196.7	0.000	0.0	0.0	13889.30	73990.80	31795.685	9968.21	4592.81	5441.27	63.38
OliveGIS	30set19	19:29:35	D:\wx_medgold\wx_agmerra_andalusia\agmerra_1433_212_ESP.txt	-1.8750	37.1250	1	6940	12	31	1998	2651.6	0.0	8187.8	8588.9	    94.0	     1.0	13.7	1440.0	166.3	0.000	0.0	0.0	16814.78	89271.96	40468.571	13398.52	5730.14	6167.31	68.67
