Model	Date	Time	WxFile	Long	Lat	JdStart	DysToOut	Month	Day	Year	dd	ddbZero	FruWgt	fruNum	Bloomday	BloomYr	DDBSum	ChillHD	PrcpYrSum	TempIncr	ddbMinus10	ddbMinus83	OFEgDays	OFLrDays	OFPuDays	OFAdDays	OfPupSum	DamFrSum	PrcntAtkd
OliveGIS	30set19	19:10:00	D:\wx_medgold\wx_agmerra_andalusia\agmerra_1411_210_ESP.txt	-7.3750	37.6250	1	6209	12	30	1996	2668.1	0.1	9176.2	9541.9	   112.0	     1.0	55.8	2283.2	910.0	0.000	0.0	0.0	25017.91	137835.27	62091.291	12039.64	6421.58	6439.60	64.51
OliveGIS	30set19	19:10:10	D:\wx_medgold\wx_agmerra_andalusia\agmerra_1411_211_ESP.txt	-7.3750	37.3750	1	6209	12	30	1996	2670.3	0.0	8170.3	8472.0	   110.0	     1.0	49.4	2185.9	964.5	0.000	0.0	0.0	22326.27	124426.26	54879.425	11265.95	5768.17	5758.20	65.13
OliveGIS	30set19	19:10:17	D:\wx_medgold\wx_agmerra_andalusia\agmerra_1412_209_ESP.txt	-7.1250	37.8750	1	6209	12	30	1996	2650.1	0.3	9577.4	9803.1	   120.0	     1.0	75.0	2556.6	953.2	0.000	0.0	0.0	38302.21	212680.43	108686.479	29951.10	8583.07	7323.39	71.82
OliveGIS	30set19	19:10:24	D:\wx_medgold\wx_agmerra_andalusia\agmerra_1412_210_ESP.txt	-7.1250	37.6250	1	6209	12	30	1996	2658.1	0.1	9152.2	9440.0	   115.0	     1.0	60.7	2347.5	1003.6	0.000	0.0	0.0	27137.02	148757.99	71726.796	14266.34	6856.41	6623.31	67.33
OliveGIS	30set19	19:10:32	D:\wx_medgold\wx_agmerra_andalusia\agmerra_1412_211_ESP.txt	-7.1250	37.3750	1	6209	12	30	1996	2676.2	0.0	8093.6	8371.4	   111.0	     1.0	54.1	2184.5	988.2	0.000	0.0	0.0	22428.65	126059.46	57252.148	11930.73	5945.33	5782.10	65.97
OliveGIS	30set19	19:10:39	D:\wx_medgold\wx_agmerra_andalusia\agmerra_1413_208_ESP.txt	-6.8750	38.1250	1	6209	12	30	1996	2638.1	0.7	7504.5	7682.2	   128.0	     1.0	103.6	2672.4	999.7	0.000	0.0	0.0	31734.60	179280.71	96691.684	33501.41	7094.61	5861.93	73.32
OliveGIS	30set19	19:10:46	D:\wx_medgold\wx_agmerra_andalusia\agmerra_1413_209_ESP.txt	-6.8750	37.8750	1	6209	12	30	1996	2646.4	0.2	9158.1	9514.2	   116.0	     1.0	68.3	2404.8	1108.3	0.000	0.0	0.0	26234.65	139152.86	62639.081	12146.86	6083.04	6405.99	64.69
OliveGIS	30set19	19:10:54	D:\wx_medgold\wx_agmerra_andalusia\agmerra_1413_210_ESP.txt	-6.8750	37.6250	1	6209	12	30	1996	2660.0	0.0	9466.2	9968.4	   109.0	     1.0	51.9	2131.5	1198.2	0.000	0.0	0.0	20154.22	102928.89	36488.816	7938.59	4465.33	5934.19	57.10
OliveGIS	30set19	19:11:03	D:\wx_medgold\wx_agmerra_andalusia\agmerra_1413_211_ESP.txt	-6.8750	37.3750	1	6209	12	30	1996	2674.0	0.0	8640.2	9107.3	   107.0	     1.0	43.7	1897.0	1146.0	0.000	0.0	0.0	14797.69	72018.01	25298.370	5487.63	3335.15	5051.90	53.11
OliveGIS	30set19	19:11:13	D:\wx_medgold\wx_agmerra_andalusia\agmerra_1414_209_ESP.txt	-6.6250	37.8750	1	6209	12	30	1996	2649.5	0.3	7525.7	7728.5	   121.0	     1.0	78.8	2533.0	1189.9	0.000	0.0	0.0	27218.13	147879.80	73511.800	20470.05	5923.65	5602.26	69.62
OliveGIS	30set19	19:11:20	D:\wx_medgold\wx_agmerra_andalusia\agmerra_1414_210_ESP.txt	-6.6250	37.6250	1	6209	12	30	1996	2656.9	0.1	9132.7	9529.6	   111.0	     1.0	57.1	2211.5	1195.9	0.000	0.0	0.0	20853.16	109242.45	40219.493	8356.13	4793.69	5847.08	58.80
OliveGIS	30set19	19:11:29	D:\wx_medgold\wx_agmerra_andalusia\agmerra_1414_211_ESP.txt	-6.6250	37.3750	1	6209	12	30	1996	2669.7	0.1	8347.1	8799.5	   107.0	     1.0	50.3	1924.4	1126.9	0.000	0.0	0.0	14969.92	73829.79	26021.412	5745.35	3427.53	5039.69	54.65
OliveGIS	30set19	19:11:37	D:\wx_medgold\wx_agmerra_andalusia\agmerra_1414_212_ESP.txt	-6.6250	37.1250	1	6209	12	30	1996	2695.8	0.0	10934.9	11352.3	    98.0	     1.0	13.1	1630.1	972.7	0.000	0.0	0.0	23525.34	123770.17	52118.957	12323.04	6520.90	7583.66	64.02
OliveGIS	30set19	19:11:44	D:\wx_medgold\wx_agmerra_andalusia\agmerra_1415_209_ESP.txt	-6.3750	37.8750	1	6209	12	30	1996	2638.0	0.5	7435.9	7698.8	   122.0	     1.0	87.0	2462.7	1083.7	0.000	0.0	0.0	19886.03	103660.57	43361.260	9856.59	4196.34	4927.77	61.55
OliveGIS	30set19	19:11:52	D:\wx_medgold\wx_agmerra_andalusia\agmerra_1415_210_ESP.txt	-6.3750	37.6250	1	6209	12	30	1996	2651.1	0.2	9195.0	9705.4	   111.0	     1.0	62.9	2125.6	1050.5	0.000	0.0	0.0	16983.24	84783.14	29086.214	6235.57	3705.01	5391.59	53.22
OliveGIS	30set19	19:12:01	D:\wx_medgold\wx_agmerra_andalusia\agmerra_1415_211_ESP.txt	-6.3750	37.3750	1	6209	12	30	1996	2680.7	0.0	9027.7	9733.5	   105.0	     1.0	40.4	1727.1	1130.1	0.000	0.0	0.0	12157.33	61610.51	22667.908	4929.47	3312.12	4974.17	48.71
OliveGIS	30set19	19:12:09	D:\wx_medgold\wx_agmerra_andalusia\agmerra_1415_212_ESP.txt	-6.3750	37.1250	1	6209	12	30	1996	2700.4	0.0	11025.5	11685.7	    96.0	     1.0	15.1	1443.9	1046.8	0.000	0.0	0.0	18326.68	92550.65	35410.176	8357.37	4953.76	6922.24	56.62
OliveGIS	30set19	19:12:19	D:\wx_medgold\wx_agmerra_andalusia\agmerra_1415_213_ESP.txt	-6.3750	36.8750	1	6209	12	30	1996	2700.8	0.0	10761.8	11135.9	    99.0	     1.0	14.8	1696.5	1370.7	0.000	0.0	0.0	22031.63	113772.09	46138.180	10835.16	5983.16	7279.87	62.57
OliveGIS	30set19	19:12:26	D:\wx_medgold\wx_agmerra_andalusia\agmerra_1416_209_ESP.txt	-6.1250	37.8750	1	6209	12	30	1996	2639.2	0.6	7519.4	7754.2	   123.0	     1.0	92.5	2474.9	1073.2	0.000	0.0	0.0	19969.43	103575.04	43078.517	9793.55	4159.35	4920.08	60.93
OliveGIS	30set19	19:12:34	D:\wx_medgold\wx_agmerra_andalusia\agmerra_1416_210_ESP.txt	-6.1250	37.6250	1	6209	12	30	1996	2654.5	0.3	9199.3	9697.2	   111.0	     1.0	66.1	2111.3	997.3	0.000	0.0	0.0	17164.40	85892.40	29669.854	6416.70	3782.62	5450.49	53.76
OliveGIS	30set19	19:12:43	D:\wx_medgold\wx_agmerra_andalusia\agmerra_1416_211_ESP.txt	-6.1250	37.3750	1	6209	12	30	1996	2665.0	0.1	10242.6	11114.4	   105.0	     1.0	49.6	1708.1	1095.2	0.000	0.0	0.0	12079.04	61602.74	22177.969	4675.01	3342.25	5191.45	44.54
OliveGIS	30set19	19:12:52	D:\wx_medgold\wx_agmerra_andalusia\agmerra_1416_212_ESP.txt	-6.1250	37.1250	1	6209	12	30	1996	2697.0	0.0	10022.7	10787.5	   100.0	     1.0	30.1	1494.2	1066.6	0.000	0.0	0.0	14549.40	74118.95	27250.515	6195.40	3979.13	5863.66	51.88
OliveGIS	30set19	19:13:01	D:\wx_medgold\wx_agmerra_andalusia\agmerra_1416_213_ESP.txt	-6.1250	36.8750	1	6209	12	30	1996	2696.2	0.0	9647.3	10169.4	   103.0	     1.0	34.9	1686.4	1367.9	0.000	0.0	0.0	15178.98	76159.13	28653.645	6272.63	4008.98	5713.21	53.57
OliveGIS	30set19	19:13:10	D:\wx_medgold\wx_agmerra_andalusia\agmerra_1416_214_ESP.txt	-6.1250	36.6250	1	6209	12	30	1996	2705.2	0.0	10406.0	10665.0	   101.0	     1.0	19.7	1875.5	1306.0	0.000	0.0	0.0	27384.28	148130.17	67231.361	17342.51	7659.11	7749.16	69.44
OliveGIS	30set19	19:13:19	D:\wx_medgold\wx_agmerra_andalusia\agmerra_1416_215_ESP.txt	-6.1250	36.3750	1	6209	12	30	1996	2682.2	0.0	9767.4	10238.3	   104.0	     1.0	28.6	1750.4	1076.4	0.000	0.0	0.0	14573.53	71710.79	26094.197	5614.54	3667.72	5492.23	51.27
OliveGIS	30set19	19:13:27	D:\wx_medgold\wx_agmerra_andalusia\agmerra_1417_208_ESP.txt	-5.8750	38.1250	1	6209	12	30	1996	2632.8	1.0	7069.3	7314.0	   131.0	     1.0	126.8	2595.7	889.4	0.000	0.0	0.0	22339.61	123598.49	60491.903	16680.76	4764.31	4837.78	63.39
OliveGIS	30set19	19:13:34	D:\wx_medgold\wx_agmerra_andalusia\agmerra_1417_209_ESP.txt	-5.8750	37.8750	1	6209	12	30	1996	2641.4	0.4	7304.6	7628.0	   119.0	     1.0	86.3	2350.7	982.3	0.000	0.0	0.0	16784.31	85565.18	33079.803	7115.88	3740.78	4682.58	58.93
OliveGIS	30set19	19:13:42	D:\wx_medgold\wx_agmerra_andalusia\agmerra_1417_210_ESP.txt	-5.8750	37.6250	1	6209	12	30	1996	2665.0	0.2	9369.2	10021.2	   109.0	     1.0	62.7	2002.6	876.2	0.000	0.0	0.0	14431.93	70123.67	24622.718	5304.62	3315.26	5235.80	49.82
OliveGIS	30set19	19:13:51	D:\wx_medgold\wx_agmerra_andalusia\agmerra_1417_211_ESP.txt	-5.8750	37.3750	1	6209	12	30	1996	2680.7	0.0	9872.1	10777.8	   104.0	     1.0	46.6	1706.0	995.9	0.000	0.0	0.0	12086.02	61701.71	22398.197	4845.06	3378.66	5205.65	45.89
OliveGIS	30set19	19:14:01	D:\wx_medgold\wx_agmerra_andalusia\agmerra_1417_212_ESP.txt	-5.8750	37.1250	1	6209	12	30	1996	2689.4	0.0	9757.5	10501.1	   101.0	     1.0	35.9	1624.9	960.2	0.000	0.0	0.0	13356.73	67975.60	24862.511	5464.47	3688.15	5484.91	49.80
OliveGIS	30set19	19:14:12	D:\wx_medgold\wx_agmerra_andalusia\agmerra_1417_213_ESP.txt	-5.8750	36.8750	1	6209	12	30	1996	2686.4	0.0	9252.2	9732.0	   104.0	     1.0	36.3	1836.6	1043.3	0.000	0.0	0.0	14712.51	71760.11	26553.742	5938.75	3614.59	5390.76	52.83
OliveGIS	30set19	19:14:20	D:\wx_medgold\wx_agmerra_andalusia\agmerra_1417_214_ESP.txt	-5.8750	36.6250	1	6209	12	30	1996	2693.9	0.0	10117.0	10410.6	   101.0	     1.0	19.9	1913.9	1255.9	0.000	0.0	0.0	23162.87	118614.17	48165.747	11868.83	5943.58	7094.49	65.09
OliveGIS	30set19	19:14:28	D:\wx_medgold\wx_agmerra_andalusia\agmerra_1417_215_ESP.txt	-5.8750	36.3750	1	6209	12	30	1996	2697.0	0.0	9413.1	9490.0	   103.0	     1.0	17.4	2284.2	1356.5	0.000	0.0	0.0	37324.67	207527.63	125078.580	38617.14	11083.44	7981.24	80.23
OliveGIS	30set19	19:14:35	D:\wx_medgold\wx_agmerra_andalusia\agmerra_1418_208_ESP.txt	-5.6250	38.1250	1	6209	12	30	1996	2629.3	0.9	7217.1	7522.1	   130.0	     1.0	125.2	2515.6	909.9	0.000	0.0	0.0	19739.07	109551.97	50730.500	13411.90	4377.38	4640.15	59.22
OliveGIS	30set19	19:14:43	D:\wx_medgold\wx_agmerra_andalusia\agmerra_1418_209_ESP.txt	-5.6250	37.8750	1	6209	12	30	1996	2643.4	0.4	8778.6	9258.3	   117.0	     1.0	85.3	2235.9	956.9	0.000	0.0	0.0	17839.19	89332.29	31333.905	6420.38	3775.94	5220.10	54.09
OliveGIS	30set19	19:14:51	D:\wx_medgold\wx_agmerra_andalusia\agmerra_1418_210_ESP.txt	-5.6250	37.6250	1	6209	12	30	1996	2656.2	0.2	9384.4	10097.8	   108.0	     1.0	64.7	1941.2	879.3	0.000	0.0	0.0	13357.70	64243.67	22880.216	4897.69	3163.82	5052.85	47.81
OliveGIS	30set19	19:15:00	D:\wx_medgold\wx_agmerra_andalusia\agmerra_1418_211_ESP.txt	-5.6250	37.3750	1	6209	12	30	1996	2666.9	0.0	9744.4	10544.3	   106.0	     1.0	53.3	1814.9	1012.7	0.000	0.0	0.0	11713.09	59312.68	21472.373	4525.17	3211.67	4983.00	45.12
OliveGIS	30set19	19:15:08	D:\wx_medgold\wx_agmerra_andalusia\agmerra_1418_212_ESP.txt	-5.6250	37.1250	1	6209	12	30	1996	2673.9	0.0	9268.3	9725.7	   106.0	     1.0	48.2	1969.4	978.1	0.000	0.0	0.0	15094.96	73426.44	26115.113	5710.89	3477.47	5323.24	52.32
OliveGIS	30set19	19:15:16	D:\wx_medgold\wx_agmerra_andalusia\agmerra_1418_213_ESP.txt	-5.6250	36.8750	1	6209	12	30	1996	2669.1	0.0	8626.1	8805.4	   109.0	     1.0	51.0	2268.3	1127.4	0.000	0.0	0.0	21764.80	113964.89	46050.229	9862.47	5188.56	5871.29	63.50
OliveGIS	30set19	19:15:25	D:\wx_medgold\wx_agmerra_andalusia\agmerra_1418_214_ESP.txt	-5.6250	36.6250	1	6209	12	30	1996	2677.2	0.0	8396.8	8484.1	   106.0	     1.0	27.9	2293.6	1401.3	0.000	0.0	0.0	29594.77	154850.49	76127.047	21354.21	7647.40	6802.86	76.65
OliveGIS	30set19	19:15:32	D:\wx_medgold\wx_agmerra_andalusia\agmerra_1418_215_ESP.txt	-5.6250	36.3750	1	6209	12	30	1996	2691.4	0.0	8232.4	8227.6	   107.0	     1.0	23.0	2533.1	1717.8	0.000	0.0	0.0	41046.81	222149.77	142831.554	51940.66	11251.06	7291.49	84.61
OliveGIS	30set19	19:15:40	D:\wx_medgold\wx_agmerra_andalusia\agmerra_1418_216_ESP.txt	-5.6250	36.1250	1	6209	12	30	1996	2716.2	0.0	10288.4	10312.6	    98.0	     1.0	2.3	2407.3	1213.9	0.000	0.0	0.0	53174.89	284870.06	183207.309	72683.56	15547.25	9308.09	86.26
OliveGIS	30set19	19:15:46	D:\wx_medgold\wx_agmerra_andalusia\agmerra_1419_207_ESP.txt	-5.3750	38.3750	1	6209	12	30	1996	2623.5	1.3	7037.5	7444.4	   137.0	     1.0	157.6	2546.1	795.3	0.000	0.0	0.0	22187.18	122113.13	63471.836	22433.41	4597.44	4786.77	61.82
OliveGIS	30set19	19:15:54	D:\wx_medgold\wx_agmerra_andalusia\agmerra_1419_208_ESP.txt	-5.3750	38.1250	1	6209	12	30	1996	2629.6	1.0	6981.9	7408.2	   130.0	     1.0	130.5	2449.7	854.9	0.000	0.0	0.0	18242.29	99543.41	41218.314	9208.44	3887.95	4577.44	59.33
OliveGIS	30set19	19:16:02	D:\wx_medgold\wx_agmerra_andalusia\agmerra_1419_209_ESP.txt	-5.3750	37.8750	1	6209	12	30	1996	2653.8	0.0	9234.2	10117.6	   110.0	     1.0	66.7	1963.8	989.6	0.000	0.0	0.0	12137.15	59092.37	21299.674	4619.22	3023.27	4851.46	45.73
OliveGIS	30set19	19:16:11	D:\wx_medgold\wx_agmerra_andalusia\agmerra_1419_210_ESP.txt	-5.3750	37.6250	1	6209	12	30	1996	2672.2	0.0	10002.8	11086.9	   105.0	     1.0	52.5	1704.4	867.6	0.000	0.0	0.0	10203.53	52507.87	18289.369	3921.13	2894.61	4727.83	40.61
OliveGIS	30set19	19:16:20	D:\wx_medgold\wx_agmerra_andalusia\agmerra_1419_211_ESP.txt	-5.3750	37.3750	1	6209	12	30	1996	2656.4	0.0	9787.6	10501.2	   106.0	     1.0	56.1	1884.6	963.6	0.000	0.0	0.0	12883.71	64233.87	23609.587	5150.66	3445.55	5280.59	47.91
OliveGIS	30set19	19:16:28	D:\wx_medgold\wx_agmerra_andalusia\agmerra_1419_212_ESP.txt	-5.3750	37.1250	1	6209	12	30	1996	2662.5	0.0	9469.5	9708.8	   110.0	     1.0	59.0	2305.3	987.4	0.000	0.0	0.0	23096.83	118447.30	46824.182	10024.40	5303.93	6351.42	62.29
OliveGIS	30set19	19:16:36	D:\wx_medgold\wx_agmerra_andalusia\agmerra_1419_213_ESP.txt	-5.3750	36.8750	1	6209	12	30	1996	2442.1	1.2	6961.0	6991.3	   143.0	     1.0	164.3	3235.5	1068.6	0.000	0.0	0.0	44533.05	286965.40	270037.958	109712.06	9997.84	5706.49	80.39
OliveGIS	30set19	19:16:43	D:\wx_medgold\wx_agmerra_andalusia\agmerra_1419_214_ESP.txt	-5.3750	36.6250	1	6209	12	30	1996	2497.6	0.2	6539.2	6550.9	   135.0	     1.0	102.5	3320.4	1329.2	0.000	0.0	0.0	45662.35	270323.53	245451.880	142199.00	10459.17	5787.11	85.60
OliveGIS	30set19	19:16:51	D:\wx_medgold\wx_agmerra_andalusia\agmerra_1419_215_ESP.txt	-5.3750	36.3750	1	6209	12	30	1996	2673.0	0.0	7968.4	7982.8	   109.0	     1.0	28.8	2505.3	1509.7	0.000	0.0	0.0	37192.40	200561.28	124949.240	45033.06	10236.60	6977.52	83.61
OliveGIS	30set19	19:16:58	D:\wx_medgold\wx_agmerra_andalusia\agmerra_1420_206_ESP.txt	-5.1250	38.6250	1	6209	12	30	1996	2622.3	0.9	6679.9	7110.6	   136.0	     1.0	152.4	2513.4	745.0	0.000	0.0	0.0	19350.41	107829.30	53437.107	13370.54	4031.65	4367.46	59.05
OliveGIS	30set19	19:17:06	D:\wx_medgold\wx_agmerra_andalusia\agmerra_1420_207_ESP.txt	-5.1250	38.3750	1	6209	12	30	1996	2626.1	1.3	7048.4	7387.6	   138.0	     1.0	162.2	2582.9	820.4	0.000	0.0	0.0	23780.15	130419.32	68304.202	25989.44	4685.63	4895.19	63.71
OliveGIS	30set19	19:17:13	D:\wx_medgold\wx_agmerra_andalusia\agmerra_1420_208_ESP.txt	-5.1250	38.1250	1	6209	12	30	1996	2633.3	1.0	7251.2	7695.0	   129.0	     1.0	130.3	2390.1	877.7	0.000	0.0	0.0	17931.78	89670.41	35385.913	8335.96	3640.22	4637.42	57.86
OliveGIS	30set19	19:17:22	D:\wx_medgold\wx_agmerra_andalusia\agmerra_1420_209_ESP.txt	-5.1250	37.8750	1	6209	12	30	1996	2656.8	0.1	9368.1	10304.7	   109.0	     1.0	68.2	1914.6	961.4	0.000	0.0	0.0	11409.00	56976.44	20445.636	4338.86	3027.10	4817.64	44.47
OliveGIS	30set19	19:17:32	D:\wx_medgold\wx_agmerra_andalusia\agmerra_1420_210_ESP.txt	-5.1250	37.6250	1	6209	12	30	1996	2665.8	0.0	9934.7	10983.9	   105.0	     1.0	55.7	1748.0	836.7	0.000	0.0	0.0	11014.30	55971.16	19574.467	4198.99	3049.18	4916.65	42.64
OliveGIS	30set19	19:17:40	D:\wx_medgold\wx_agmerra_andalusia\agmerra_1420_211_ESP.txt	-5.1250	37.3750	1	6209	12	30	1996	2654.4	0.0	8999.1	9628.4	   107.0	     1.0	60.6	1934.2	966.2	0.000	0.0	0.0	13651.91	66285.11	23958.454	5325.48	3298.70	5098.30	50.56
OliveGIS	30set19	19:17:49	D:\wx_medgold\wx_agmerra_andalusia\agmerra_1420_212_ESP.txt	-5.1250	37.1250	1	6209	12	30	1996	2658.7	0.1	9459.2	9688.4	   112.0	     1.0	63.8	2318.1	983.0	0.000	0.0	0.0	21380.93	107160.12	40821.738	8434.17	4664.23	6009.99	59.25
OliveGIS	30set19	19:17:56	D:\wx_medgold\wx_agmerra_andalusia\agmerra_1420_213_ESP.txt	-5.1250	36.8750	1	6209	12	30	1996	2469.5	0.8	7222.1	7235.7	   142.0	     1.0	157.4	3204.1	1097.5	0.000	0.0	0.0	44992.07	287752.03	277353.334	100547.54	10343.40	5935.61	80.57
OliveGIS	30set19	19:18:04	D:\wx_medgold\wx_agmerra_andalusia\agmerra_1420_214_ESP.txt	-5.1250	36.6250	1	6209	12	30	1996	2607.1	0.0	6964.6	6913.8	   129.0	     1.0	70.3	3217.1	1267.0	0.000	0.0	0.0	48214.81	286941.50	258261.751	152766.09	11693.79	6263.93	86.81
OliveGIS	30set19	19:18:12	D:\wx_medgold\wx_agmerra_andalusia\agmerra_1421_206_ESP.txt	-4.8750	38.6250	1	6209	12	30	1996	2624.2	0.7	6574.9	7016.2	   131.0	     1.0	140.4	2467.1	727.3	0.000	0.0	0.0	19255.22	106302.91	47726.331	11455.00	4052.80	4381.62	60.08
OliveGIS	30set19	19:18:19	D:\wx_medgold\wx_agmerra_andalusia\agmerra_1421_207_ESP.txt	-4.8750	38.3750	1	6209	12	30	1996	2613.1	2.2	7056.4	7239.1	   145.0	     1.0	225.2	2766.5	830.7	0.000	0.0	0.0	29560.40	218428.62	158030.463	41004.35	6439.63	4964.31	65.88
OliveGIS	30set19	19:18:27	D:\wx_medgold\wx_agmerra_andalusia\agmerra_1421_208_ESP.txt	-4.8750	38.1250	1	6209	12	30	1996	2625.3	1.5	7060.7	7367.1	   134.0	     1.0	159.6	2517.0	792.7	0.000	0.0	0.0	20809.83	115091.26	58145.964	14768.04	4336.25	4625.58	60.31
OliveGIS	30set19	19:18:36	D:\wx_medgold\wx_agmerra_andalusia\agmerra_1421_209_ESP.txt	-4.8750	37.8750	1	6209	12	30	1996	2651.2	0.2	9197.2	9978.3	   113.0	     1.0	84.7	2025.8	1006.5	0.000	0.0	0.0	13342.44	65153.00	22704.459	4964.85	3135.36	5026.55	48.03
OliveGIS	30set19	19:18:46	D:\wx_medgold\wx_agmerra_andalusia\agmerra_1421_210_ESP.txt	-4.8750	37.6250	1	6209	12	30	1996	2647.5	0.1	8886.3	9635.3	   109.0	     1.0	72.2	1967.4	899.3	0.000	0.0	0.0	12026.56	58798.53	21111.904	4660.39	2994.76	4747.49	47.12
OliveGIS	30set19	19:18:54	D:\wx_medgold\wx_agmerra_andalusia\agmerra_1421_211_ESP.txt	-4.8750	37.3750	1	6209	12	30	1996	2657.3	0.1	9370.3	9695.2	   115.0	     1.0	77.3	2278.8	945.6	0.000	0.0	0.0	19346.09	97083.07	35310.524	7094.25	4227.54	5650.09	55.61
OliveGIS	30set19	19:19:03	D:\wx_medgold\wx_agmerra_andalusia\agmerra_1421_212_ESP.txt	-4.8750	37.1250	1	6209	12	30	1996	2650.1	0.2	7832.0	7900.7	   119.0	     1.0	79.2	2563.2	970.5	0.000	0.0	0.0	25537.40	142280.31	66081.966	15625.72	5418.09	5461.42	66.16
OliveGIS	30set19	19:19:12	D:\wx_medgold\wx_agmerra_andalusia\agmerra_1421_213_ESP.txt	-4.8750	36.8750	1	6209	12	30	1996	2652.1	0.1	8227.3	8191.3	   121.0	     1.0	76.7	2720.9	1083.7	0.000	0.0	0.0	37452.65	210479.24	125322.674	39393.84	8425.78	6534.58	76.47
OliveGIS	30set19	19:19:21	D:\wx_medgold\wx_agmerra_andalusia\agmerra_1421_214_ESP.txt	-4.8750	36.6250	1	6209	12	30	1996	2681.5	0.0	8096.5	8129.0	   107.0	     1.0	17.3	2528.3	1146.5	0.000	0.0	0.0	36686.84	188649.26	103693.548	35853.39	9371.79	7072.26	82.96
OliveGIS	30set19	19:19:28	D:\wx_medgold\wx_agmerra_andalusia\agmerra_1422_207_ESP.txt	-4.6250	38.3750	1	6209	12	30	1996	2595.8	2.7	7047.5	7202.1	   145.0	     1.0	267.0	2797.9	824.9	0.000	0.0	0.0	30546.03	226988.54	196714.575	45924.71	6683.01	5007.98	67.08
OliveGIS	30set19	19:19:37	D:\wx_medgold\wx_agmerra_andalusia\agmerra_1422_208_ESP.txt	-4.6250	38.1250	1	6209	12	30	1996	2627.5	1.6	7058.5	7359.5	   132.0	     1.0	163.2	2480.4	760.4	0.000	0.0	0.0	21000.11	124493.31	60515.609	15577.18	4568.55	4629.26	60.27
OliveGIS	30set19	19:19:47	D:\wx_medgold\wx_agmerra_andalusia\agmerra_1422_209_ESP.txt	-4.6250	37.8750	1	6209	12	30	1996	2640.7	0.2	8511.6	9230.4	   112.0	     1.0	88.9	2010.9	911.4	0.000	0.0	0.0	12760.44	62261.55	22079.463	4853.36	3034.97	4753.75	49.20
OliveGIS	30set19	19:19:57	D:\wx_medgold\wx_agmerra_andalusia\agmerra_1422_210_ESP.txt	-4.6250	37.6250	1	6209	12	30	1996	2643.8	0.1	8629.0	9267.1	   110.0	     1.0	80.2	2041.0	880.5	0.000	0.0	0.0	13192.01	64174.83	22606.999	4859.62	3061.73	4810.79	49.58
OliveGIS	30set19	19:20:06	D:\wx_medgold\wx_agmerra_andalusia\agmerra_1422_211_ESP.txt	-4.6250	37.3750	1	6209	12	30	1996	2648.9	0.2	8687.6	8937.7	   117.0	     1.0	86.0	2359.5	953.5	0.000	0.0	0.0	21217.04	106133.86	41549.753	8597.64	4460.29	5594.02	59.90
OliveGIS	30set19	19:20:16	D:\wx_medgold\wx_agmerra_andalusia\agmerra_1422_212_ESP.txt	-4.6250	37.1250	1	6209	12	30	1996	2652.2	0.2	7838.3	7916.3	   120.0	     1.0	84.4	2542.7	996.3	0.000	0.0	0.0	26353.08	145978.65	68865.193	19168.70	5588.49	5594.91	67.55
OliveGIS	30set19	19:20:25	D:\wx_medgold\wx_agmerra_andalusia\agmerra_1422_213_ESP.txt	-4.6250	36.8750	1	6209	12	30	1996	2659.0	0.0	8098.9	8092.8	   119.0	     1.0	69.2	2622.2	1032.7	0.000	0.0	0.0	33905.14	189649.24	106380.143	30355.17	7787.49	6366.67	75.18
OliveGIS	30set19	19:20:34	D:\wx_medgold\wx_agmerra_andalusia\agmerra_1422_214_ESP.txt	-4.6250	36.6250	1	6209	12	30	1996	2686.7	0.0	9382.8	9486.2	   102.0	     1.0	7.8	2269.3	946.3	0.000	0.0	0.0	38725.83	194775.10	100448.906	34647.63	10419.87	8222.84	82.43
OliveGIS	30set19	19:20:43	D:\wx_medgold\wx_agmerra_andalusia\agmerra_1423_208_ESP.txt	-4.3750	38.1250	1	6209	12	30	1996	2633.5	1.1	6983.8	7321.8	   131.0	     1.0	156.0	2465.5	744.1	0.000	0.0	0.0	20599.09	117054.82	57673.315	16242.24	4440.44	4628.90	60.57
OliveGIS	30set19	19:20:52	D:\wx_medgold\wx_agmerra_andalusia\agmerra_1423_209_ESP.txt	-4.3750	37.8750	1	6209	12	30	1996	2657.1	0.0	7752.0	8696.6	   108.0	     1.0	72.4	1752.7	894.6	0.000	0.0	0.0	8377.06	43038.03	15584.421	3447.79	2418.14	3866.65	42.24
OliveGIS	30set19	19:21:03	D:\wx_medgold\wx_agmerra_andalusia\agmerra_1423_210_ESP.txt	-4.3750	37.6250	1	6209	12	30	1996	2658.5	0.0	8377.7	9137.8	   110.0	     1.0	71.7	1992.1	869.9	0.000	0.0	0.0	11914.35	57506.98	20393.474	4501.39	2846.93	4572.46	47.67
OliveGIS	30set19	19:21:12	D:\wx_medgold\wx_agmerra_andalusia\agmerra_1423_211_ESP.txt	-4.3750	37.3750	1	6209	12	30	1996	2644.7	0.3	7607.0	7899.2	   120.0	     1.0	97.2	2366.5	890.9	0.000	0.0	0.0	18652.35	91941.99	35935.869	7785.18	3795.71	4913.91	59.61
OliveGIS	30set19	19:21:21	D:\wx_medgold\wx_agmerra_andalusia\agmerra_1423_212_ESP.txt	-4.3750	37.1250	1	6209	12	30	1996	2649.4	0.2	7915.6	8145.5	   119.0	     1.0	86.5	2399.4	914.6	0.000	0.0	0.0	19629.01	101658.75	39617.278	8471.63	4035.92	5031.46	59.14
OliveGIS	30set19	19:21:30	D:\wx_medgold\wx_agmerra_andalusia\agmerra_1423_213_ESP.txt	-4.3750	36.8750	1	6209	12	30	1996	2654.3	0.1	8113.9	8174.4	   120.0	     1.0	82.5	2515.9	1011.7	0.000	0.0	0.0	26832.84	149265.14	67507.802	15870.76	5611.87	5658.16	66.26
OliveGIS	30set19	19:21:39	D:\wx_medgold\wx_agmerra_andalusia\agmerra_1424_207_ESP.txt	-4.1250	38.3750	1	6209	12	30	1996	2609.5	2.0	7160.8	7403.3	   144.0	     1.0	211.8	2682.9	793.8	0.000	0.0	0.0	30046.15	197644.90	107559.251	43955.50	5985.23	5077.85	66.10
OliveGIS	30set19	19:21:47	D:\wx_medgold\wx_agmerra_andalusia\agmerra_1424_208_ESP.txt	-4.1250	38.1250	1	6209	12	30	1996	2632.8	1.3	6995.9	7329.5	   131.0	     1.0	167.0	2436.9	720.3	0.000	0.0	0.0	20884.23	123538.52	59886.059	16325.98	4478.16	4613.37	60.26
OliveGIS	30set19	19:21:56	D:\wx_medgold\wx_agmerra_andalusia\agmerra_1424_209_ESP.txt	-4.1250	37.8750	1	6209	12	30	1996	2641.8	0.1	8421.7	9323.1	   110.0	     1.0	83.0	1873.3	870.2	0.000	0.0	0.0	9220.20	46395.48	16552.272	3542.13	2522.22	4098.28	41.88
OliveGIS	30set19	19:22:05	D:\wx_medgold\wx_agmerra_andalusia\agmerra_1424_210_ESP.txt	-4.1250	37.6250	1	6209	12	30	1996	2644.9	0.1	8359.5	8858.8	   116.0	     1.0	90.4	2231.5	874.2	0.000	0.0	0.0	17626.98	88530.79	32400.709	6798.83	3757.25	5107.43	55.14
OliveGIS	30set19	19:22:13	D:\wx_medgold\wx_agmerra_andalusia\agmerra_1424_211_ESP.txt	-4.1250	37.3750	1	6209	12	30	1996	2635.6	0.5	7334.4	7456.8	   130.0	     1.0	123.7	2622.9	869.9	0.000	0.0	0.0	25614.34	141094.62	74037.978	22896.82	5009.79	5115.13	65.98
OliveGIS	30set19	19:22:22	D:\wx_medgold\wx_agmerra_andalusia\agmerra_1424_212_ESP.txt	-4.1250	37.1250	1	6209	12	30	1996	2644.9	0.3	7704.8	7863.0	   124.0	     1.0	100.3	2523.1	884.9	0.000	0.0	0.0	21157.72	116254.54	55859.696	12220.28	4422.24	4888.76	59.45
OliveGIS	30set19	19:22:33	D:\wx_medgold\wx_agmerra_andalusia\agmerra_1424_213_ESP.txt	-4.1250	36.8750	1	6209	12	30	1996	2650.7	0.1	8232.2	8251.5	   122.0	     1.0	83.6	2593.7	986.3	0.000	0.0	0.0	32023.17	180230.46	98397.390	25297.73	7092.71	6148.26	71.43
OliveGIS	30set19	19:22:42	D:\wx_medgold\wx_agmerra_andalusia\agmerra_1425_207_ESP.txt	-3.8750	38.3750	1	6209	12	30	1996	2629.6	0.7	7022.7	7474.7	   136.0	     1.0	155.3	2479.3	770.7	0.000	0.0	0.0	22066.67	128550.70	66687.974	17940.89	4720.15	4775.73	61.33
OliveGIS	30set19	19:22:52	D:\wx_medgold\wx_agmerra_andalusia\agmerra_1425_208_ESP.txt	-3.8750	38.1250	1	6209	12	30	1996	2634.8	0.4	7001.7	7550.0	   121.0	     1.0	120.6	2234.0	706.0	0.000	0.0	0.0	15228.09	76661.92	29327.550	6262.73	3254.02	4385.64	55.82
OliveGIS	30set19	19:23:01	D:\wx_medgold\wx_agmerra_andalusia\agmerra_1425_209_ESP.txt	-3.8750	37.8750	1	6209	12	30	1996	2645.4	0.0	7258.6	8390.0	   110.0	     1.0	79.3	1727.3	811.5	0.000	0.0	0.0	6924.18	35662.03	12104.043	2651.62	1989.04	3335.45	37.80
OliveGIS	30set19	19:23:11	D:\wx_medgold\wx_agmerra_andalusia\agmerra_1425_210_ESP.txt	-3.8750	37.6250	1	6209	12	30	1996	2653.2	0.1	7087.9	7701.2	   120.0	     1.0	94.0	2211.7	856.8	0.000	0.0	0.0	15132.38	75377.83	27573.729	6021.31	3207.71	4443.97	55.22
OliveGIS	30set19	19:23:20	D:\wx_medgold\wx_agmerra_andalusia\agmerra_1425_211_ESP.txt	-3.8750	37.3750	1	6209	12	30	1996	2637.7	0.6	7284.7	7528.1	   131.0	     1.0	133.2	2536.7	717.5	0.000	0.0	0.0	23065.09	127950.12	67831.178	16921.24	4803.46	4853.51	61.92
OliveGIS	30set19	19:23:29	D:\wx_medgold\wx_agmerra_andalusia\agmerra_1425_212_ESP.txt	-3.8750	37.1250	1	6209	12	30	1996	2646.2	0.2	7781.9	8129.3	   123.0	     1.0	100.2	2357.4	732.6	0.000	0.0	0.0	18923.67	93983.80	36365.413	8020.87	3773.18	4924.95	58.06
OliveGIS	30set19	19:23:39	D:\wx_medgold\wx_agmerra_andalusia\agmerra_1425_213_ESP.txt	-3.8750	36.8750	1	6209	12	30	1996	2651.9	0.1	7751.3	8098.4	   117.0	     1.0	86.8	2169.0	954.4	0.000	0.0	0.0	16743.54	83188.06	30968.997	6524.43	3620.65	4868.49	57.48
OliveGIS	30set19	19:23:48	D:\wx_medgold\wx_agmerra_andalusia\agmerra_1426_207_ESP.txt	-3.6250	38.3750	1	6209	12	30	1996	2628.4	0.8	6981.0	7395.6	   136.0	     1.0	164.5	2500.7	744.9	0.000	0.0	0.0	23998.92	132420.12	77627.611	23725.70	4784.15	4962.01	64.49
OliveGIS	30set19	19:23:57	D:\wx_medgold\wx_agmerra_andalusia\agmerra_1426_208_ESP.txt	-3.6250	38.1250	1	6209	12	30	1996	2634.7	0.5	6833.8	7306.7	   125.0	     1.0	132.1	2308.6	674.5	0.000	0.0	0.0	19158.51	99906.31	44052.501	11898.18	4175.30	4766.83	62.70
OliveGIS	30set19	19:24:06	D:\wx_medgold\wx_agmerra_andalusia\agmerra_1426_209_ESP.txt	-3.6250	37.8750	1	6209	12	30	1996	2652.6	0.1	8864.5	10110.2	   114.0	     1.0	91.3	1873.1	787.0	0.000	0.0	0.0	8536.21	42839.71	14955.130	3046.81	2279.52	3849.93	36.03
OliveGIS	30set19	19:24:15	D:\wx_medgold\wx_agmerra_andalusia\agmerra_1426_210_ESP.txt	-3.6250	37.6250	1	6209	12	30	1996	2642.0	0.3	7183.5	7663.3	   127.0	     1.0	117.7	2393.1	827.8	0.000	0.0	0.0	19491.62	110523.43	47210.945	10090.08	4161.28	4726.28	59.03
OliveGIS	30set19	19:24:23	D:\wx_medgold\wx_agmerra_andalusia\agmerra_1426_211_ESP.txt	-3.6250	37.3750	1	6209	12	30	1996	2626.6	1.0	7079.9	7232.5	   138.0	     1.0	174.9	2702.5	743.3	0.000	0.0	0.0	30871.91	201444.25	128175.645	49976.25	6404.48	5159.06	68.53
OliveGIS	30set19	19:24:31	D:\wx_medgold\wx_agmerra_andalusia\agmerra_1426_212_ESP.txt	-3.6250	37.1250	1	6209	12	30	1996	2637.4	0.5	7303.9	7503.9	   129.0	     1.0	124.8	2538.4	885.9	0.000	0.0	0.0	24473.14	132783.44	70689.816	19663.79	4823.53	5006.90	64.08
OliveGIS	30set19	19:24:41	D:\wx_medgold\wx_agmerra_andalusia\agmerra_1426_213_ESP.txt	-3.6250	36.8750	1	6209	12	30	1996	2647.0	0.2	7943.1	8187.9	   122.0	     1.0	100.7	2337.8	914.6	0.000	0.0	0.0	19426.94	100012.30	37933.080	8100.42	3826.09	4961.61	58.01
OliveGIS	30set19	19:24:51	D:\wx_medgold\wx_agmerra_andalusia\agmerra_1427_207_ESP.txt	-3.3750	38.3750	1	6209	12	30	1996	2627.8	0.4	6908.0	7405.7	   130.0	     1.0	140.5	2389.9	730.9	0.000	0.0	0.0	21130.99	120149.13	58752.608	15051.26	4603.77	4765.28	61.94
OliveGIS	30set19	19:25:02	D:\wx_medgold\wx_agmerra_andalusia\agmerra_1427_208_ESP.txt	-3.3750	38.1250	1	6209	12	30	1996	2639.5	0.3	6942.4	7491.2	   121.0	     1.0	115.2	2245.0	683.4	0.000	0.0	0.0	17257.78	89948.17	36967.609	8175.08	3885.46	4683.94	60.10
OliveGIS	30set19	19:25:10	D:\wx_medgold\wx_agmerra_andalusia\agmerra_1427_209_ESP.txt	-3.3750	37.8750	1	6209	12	30	1996	2644.5	0.1	7314.1	8014.6	   116.0	     1.0	93.2	2048.5	657.1	0.000	0.0	0.0	14820.44	74571.34	28038.235	6056.37	3255.90	4529.80	54.18
OliveGIS	30set19	19:25:19	D:\wx_medgold\wx_agmerra_andalusia\agmerra_1427_210_ESP.txt	-3.3750	37.6250	1	6209	12	30	1996	2636.8	0.3	7066.5	7302.6	   134.0	     1.0	130.1	2617.5	685.3	0.000	0.0	0.0	29223.09	165758.32	92335.697	33140.41	5979.77	5390.70	71.08
OliveGIS	30set19	19:25:26	D:\wx_medgold\wx_agmerra_andalusia\agmerra_1427_211_ESP.txt	-3.3750	37.3750	1	6209	12	30	1996	1914.8	11.7	6444.8	7515.5	   162.0	     1.0	498.6	3362.0	436.2	0.000	0.0	0.0	22402.19	161768.32	201563.557	28443.65	3127.60	3586.47	46.11
OliveGIS	30set19	19:25:32	D:\wx_medgold\wx_agmerra_andalusia\agmerra_1427_212_ESP.txt	-3.3750	37.1250	1	6209	12	30	1996	2046.5	6.1	3359.7	4220.5	   160.0	     1.0	395.0	3366.8	1179.5	0.000	0.0	0.0	18164.43	131360.42	171655.532	34532.70	2889.50	2735.42	62.51
OliveGIS	30set19	19:25:40	D:\wx_medgold\wx_agmerra_andalusia\agmerra_1427_213_ESP.txt	-3.3750	36.8750	1	6209	12	30	1996	2397.6	1.9	6943.3	7040.6	   149.0	     1.0	287.9	3008.6	1334.8	0.000	0.0	0.0	34937.96	228993.94	237782.922	67641.63	7608.58	5299.25	73.91
OliveGIS	30set19	19:25:48	D:\wx_medgold\wx_agmerra_andalusia\agmerra_1428_207_ESP.txt	-3.1250	38.3750	1	6209	12	30	1996	2627.2	0.7	6838.4	7195.8	   137.0	     1.0	162.4	2587.1	696.6	0.000	0.0	0.0	29387.99	172256.77	107153.326	42692.27	6181.95	5346.30	71.42
OliveGIS	30set19	19:25:56	D:\wx_medgold\wx_agmerra_andalusia\agmerra_1428_208_ESP.txt	-3.1250	38.1250	1	6209	12	30	1996	2634.4	0.6	7029.2	7388.2	   132.0	     1.0	147.2	2519.4	712.4	0.000	0.0	0.0	30308.21	177172.32	109160.688	45436.77	6671.08	5586.02	72.60
OliveGIS	30set19	19:26:05	D:\wx_medgold\wx_agmerra_andalusia\agmerra_1428_209_ESP.txt	-3.1250	37.8750	1	6209	12	30	1996	2639.0	0.2	7013.3	7523.4	   126.0	     1.0	117.2	2331.8	669.0	0.000	0.0	0.0	21948.92	118606.03	55439.756	15419.17	4782.85	5070.36	64.72
OliveGIS	30set19	19:26:13	D:\wx_medgold\wx_agmerra_andalusia\agmerra_1428_210_ESP.txt	-3.1250	37.6250	1	6209	12	30	1996	2635.6	0.4	7071.5	7311.1	   137.0	     1.0	144.5	2705.3	664.2	0.000	0.0	0.0	37195.24	219202.70	137276.431	62973.72	7716.10	5770.63	75.78
OliveGIS	30set19	19:26:19	D:\wx_medgold\wx_agmerra_andalusia\agmerra_1428_211_ESP.txt	-3.1250	37.3750	1	6209	12	30	1996	1947.6	10.7	4095.4	5811.9	   161.0	     1.0	488.5	3356.2	431.2	0.000	0.0	0.0	17830.41	126291.03	168224.184	31895.50	2671.89	2882.72	47.77
OliveGIS	30set19	19:26:26	D:\wx_medgold\wx_agmerra_andalusia\agmerra_1428_212_ESP.txt	-3.1250	37.1250	1	6209	12	30	1996	2162.0	4.0	2569.8	4375.5	   155.0	     1.0	345.7	3289.9	909.0	0.000	0.0	0.0	20477.27	146462.47	166672.314	27717.74	3732.28	2989.55	66.48
OliveGIS	30set19	19:26:33	D:\wx_medgold\wx_agmerra_andalusia\agmerra_1428_213_ESP.txt	-3.1250	36.8750	1	6209	12	30	1996	2522.1	1.1	7179.6	7265.4	   144.0	     1.0	245.8	2878.9	881.1	0.000	0.0	0.0	35562.19	232150.24	237202.010	77013.62	8092.72	5497.16	74.12
OliveGIS	30set19	19:26:41	D:\wx_medgold\wx_agmerra_andalusia\agmerra_1429_207_ESP.txt	-2.8750	38.3750	1	6209	12	30	1996	2485.1	3.0	7206.5	7494.5	   147.0	     1.0	306.7	2826.4	602.9	0.000	0.0	0.0	26365.00	204240.00	180583.158	64244.27	5905.34	4768.03	62.68
OliveGIS	30set19	19:26:48	D:\wx_medgold\wx_agmerra_andalusia\agmerra_1429_208_ESP.txt	-2.8750	38.1250	1	6209	12	30	1996	2463.4	2.8	7003.3	7272.5	   147.0	     1.0	302.3	2857.9	701.6	0.000	0.0	0.0	30473.72	226927.24	202969.266	69171.44	6526.37	5032.78	68.16
OliveGIS	30set19	19:26:55	D:\wx_medgold\wx_agmerra_andalusia\agmerra_1429_209_ESP.txt	-2.8750	37.8750	1	6209	12	30	1996	2445.7	1.5	6946.1	7177.4	   147.0	     1.0	269.4	2968.1	705.6	0.000	0.0	0.0	31564.66	240713.70	209016.732	73942.77	6793.76	5104.74	70.07
OliveGIS	30set19	19:27:02	D:\wx_medgold\wx_agmerra_andalusia\agmerra_1429_210_ESP.txt	-2.8750	37.6250	1	6209	12	30	1996	2351.1	1.6	6339.8	6549.5	   149.0	     1.0	283.0	3119.2	516.8	0.000	0.0	0.0	28576.46	193552.09	226264.614	45949.13	6041.54	4450.48	67.15
OliveGIS	30set19	19:27:07	D:\wx_medgold\wx_agmerra_andalusia\agmerra_1429_211_ESP.txt	-2.8750	37.3750	1	6209	12	30	1996	1329.1	43.1	1945.0	4378.9	   181.0	     1.0	835.3	3748.7	550.7	0.000	0.0	0.0	314.76	2065.31	2531.328	269.81	55.08	64.73	1.10
OliveGIS	30set19	19:27:12	D:\wx_medgold\wx_agmerra_andalusia\agmerra_1429_212_ESP.txt	-2.8750	37.1250	1	6209	12	30	1996	1572.7	15.3	3433.8	5671.3	   172.0	     1.0	577.3	3832.4	645.9	0.000	0.0	0.0	13401.52	87672.34	95927.955	18616.06	1928.38	1906.55	30.48
OliveGIS	30set19	19:27:19	D:\wx_medgold\wx_agmerra_andalusia\agmerra_1429_213_ESP.txt	-2.8750	36.8750	1	6209	12	30	1996	2662.0	0.0	7733.9	7940.6	   116.0	     1.0	68.8	2314.2	683.7	0.000	0.0	0.0	26747.66	151834.72	80791.609	19415.55	6817.49	5916.15	71.36
OliveGIS	30set19	19:27:27	D:\wx_medgold\wx_agmerra_andalusia\agmerra_1430_207_ESP.txt	-2.6250	38.3750	1	6209	12	30	1996	2352.8	4.0	6824.8	7119.8	   149.0	     1.0	340.9	2982.3	623.2	0.000	0.0	0.0	23300.52	178106.37	196302.644	47631.44	4996.44	4220.64	58.46
OliveGIS	30set19	19:27:34	D:\wx_medgold\wx_agmerra_andalusia\agmerra_1430_208_ESP.txt	-2.6250	38.1250	1	6209	12	30	1996	2276.8	4.3	6622.2	6963.7	   151.0	     1.0	352.4	3084.7	807.2	0.000	0.0	0.0	24193.04	184176.65	205540.722	57149.52	4816.00	4136.33	58.50
OliveGIS	30set19	19:27:40	D:\wx_medgold\wx_agmerra_andalusia\agmerra_1430_209_ESP.txt	-2.6250	37.8750	1	6209	12	30	1996	2299.4	2.3	4415.7	5555.0	   150.0	     1.0	304.5	3139.9	712.3	0.000	0.0	0.0	22600.45	160210.45	175893.594	41028.72	4674.21	3630.65	64.44
OliveGIS	30set19	19:27:47	D:\wx_medgold\wx_agmerra_andalusia\agmerra_1430_210_ESP.txt	-2.6250	37.6250	1	6209	12	30	1996	2351.0	1.6	6379.6	6644.5	   148.0	     1.0	282.1	3127.7	514.7	0.000	0.0	0.0	33929.63	233106.73	268320.042	77177.18	7046.43	4874.77	72.32
OliveGIS	30set19	19:27:53	D:\wx_medgold\wx_agmerra_andalusia\agmerra_1430_211_ESP.txt	-2.6250	37.3750	1	6209	12	30	1996	1408.7	34.0	2594.5	5205.8	   176.0	     1.0	767.2	3749.5	506.3	0.000	0.0	0.0	554.88	3636.50	3089.856	415.84	70.68	103.24	1.65
OliveGIS	30set19	19:27:57	D:\wx_medgold\wx_agmerra_andalusia\agmerra_1430_212_ESP.txt	-2.6250	37.1250	1	6209	12	30	1996	1729.4	8.4	5922.0	8144.2	   166.0	     1.0	472.6	3807.6	517.6	0.000	0.0	0.0	22386.62	144996.81	176540.715	22574.07	3342.11	3376.77	39.17
OliveGIS	30set19	19:28:05	D:\wx_medgold\wx_agmerra_andalusia\agmerra_1430_213_ESP.txt	-2.6250	36.8750	1	6209	12	30	1996	2670.5	0.0	8248.1	8625.8	   109.0	     1.0	46.8	1984.5	497.1	0.000	0.0	0.0	23458.47	128591.66	59522.814	14950.02	6328.77	6220.41	69.14
OliveGIS	30set19	19:28:12	D:\wx_medgold\wx_agmerra_andalusia\agmerra_1431_209_ESP.txt	-2.3750	37.8750	1	6209	12	30	1996	1890.7	8.5	5867.8	7071.7	   161.0	     1.0	472.9	3524.6	483.5	0.000	0.0	0.0	21334.36	164036.83	127242.028	17269.10	2744.08	3211.74	44.16
OliveGIS	30set19	19:28:18	D:\wx_medgold\wx_agmerra_andalusia\agmerra_1431_210_ESP.txt	-2.3750	37.6250	1	6209	12	30	1996	2022.9	5.0	3512.3	5788.9	   157.0	     1.0	393.8	3477.0	456.8	0.000	0.0	0.0	29464.63	223039.81	230458.573	41929.27	4485.38	3878.99	64.88
OliveGIS	30set19	19:28:24	D:\wx_medgold\wx_agmerra_andalusia\agmerra_1431_211_ESP.txt	-2.3750	37.3750	1	6209	12	30	1996	1962.5	5.0	6198.7	7236.7	   158.0	     1.0	385.1	3602.8	349.3	0.000	0.0	0.0	30435.17	223232.40	202551.471	42589.48	4157.96	4166.98	55.81
OliveGIS	30set19	19:28:30	D:\wx_medgold\wx_agmerra_andalusia\agmerra_1431_212_ESP.txt	-2.3750	37.1250	1	6209	12	30	1996	2339.2	0.4	6079.5	6253.8	   147.0	     1.0	181.1	3398.6	411.2	0.000	0.0	0.0	38053.48	233809.54	269642.333	125918.74	8361.60	5144.01	79.71
OliveGIS	30set19	19:28:39	D:\wx_medgold\wx_agmerra_andalusia\agmerra_1431_213_ESP.txt	-2.3750	36.8750	1	6209	12	30	1996	2671.1	0.0	8387.5	8725.9	   109.0	     1.0	40.7	1940.1	292.6	0.000	0.0	0.0	25366.23	141084.47	69438.870	18700.55	7196.39	6568.38	72.15
OliveGIS	30set19	19:28:47	D:\wx_medgold\wx_agmerra_andalusia\agmerra_1432_209_ESP.txt	-2.1250	37.8750	1	6209	12	30	1996	2037.6	4.7	2670.6	4621.3	   156.0	     1.0	391.5	3454.4	469.5	0.000	0.0	0.0	22768.51	173745.31	175415.211	39209.58	3585.04	3144.51	65.82
OliveGIS	30set19	19:28:53	D:\wx_medgold\wx_agmerra_andalusia\agmerra_1432_210_ESP.txt	-2.1250	37.6250	1	6209	12	30	1996	2277.2	2.0	6076.1	6341.9	   149.0	     1.0	281.2	3279.6	459.2	0.000	0.0	0.0	36975.18	250164.56	269467.720	82238.12	7494.18	4872.33	75.27
OliveGIS	30set19	19:29:00	D:\wx_medgold\wx_agmerra_andalusia\agmerra_1432_211_ESP.txt	-2.1250	37.3750	1	6209	12	30	1996	2243.5	1.5	5832.8	6105.6	   148.0	     1.0	247.6	3440.9	355.2	0.000	0.0	0.0	39318.50	260364.34	276187.708	91266.40	7834.90	4855.27	77.56
OliveGIS	30set19	19:29:07	D:\wx_medgold\wx_agmerra_andalusia\agmerra_1432_212_ESP.txt	-2.1250	37.1250	1	6209	12	30	1996	2630.9	0.0	6586.7	6605.7	   130.0	     1.0	88.4	3142.3	336.9	0.000	0.0	0.0	41944.10	250208.91	230766.015	144038.84	10392.45	5920.95	85.17
OliveGIS	30set19	19:29:17	D:\wx_medgold\wx_agmerra_andalusia\agmerra_1432_213_ESP.txt	-2.1250	36.8750	1	6209	12	30	1996	2690.2	0.0	10095.1	10508.0	   102.0	     1.0	16.9	1553.2	287.9	0.000	0.0	0.0	26728.99	142447.80	68241.316	20020.78	8291.18	8015.83	72.93
OliveGIS	30set19	19:29:25	D:\wx_medgold\wx_agmerra_andalusia\agmerra_1433_211_ESP.txt	-1.8750	37.3750	1	6209	12	30	1996	2651.5	0.1	7566.7	7948.4	   117.0	     1.0	84.7	2214.6	328.4	0.000	0.0	0.0	26281.62	145179.98	75106.730	20844.87	6861.69	6034.54	73.07
OliveGIS	30set19	19:29:34	D:\wx_medgold\wx_agmerra_andalusia\agmerra_1433_212_ESP.txt	-1.8750	37.1250	1	6209	12	30	1996	2675.6	0.0	8984.5	9360.6	   105.0	     1.0	22.8	1814.8	282.0	0.000	0.0	0.0	26435.41	141527.67	69859.222	20769.80	7934.33	7313.86	74.82
