Model	Date	Time	WxFile	Long	Lat	JdStart	DysToOut	Month	Day	Year	dd	ddbZero	FruWgt	fruNum	Bloomday	BloomYr	DDBSum	ChillHD	PrcpYrSum	TempIncr	ddbMinus10	ddbMinus83	OFEgDays	OFLrDays	OFPuDays	OFAdDays	OfPupSum	DamFrSum	PrcntAtkd
OliveGIS	30set19	19:09:56	D:\wx_medgold\wx_agmerra_andalusia\agmerra_1411_210_ESP.txt	-7.3750	37.6250	1	4018	12	31	1990	2625.8	0.0	7050.1	7447.5	    99.0	     1.0	36.9	1860.8	444.3	0.000	0.0	0.0	17173.51	84542.49	36157.411	11384.68	4720.31	5407.30	69.43
OliveGIS	30set19	19:10:08	D:\wx_medgold\wx_agmerra_andalusia\agmerra_1411_211_ESP.txt	-7.3750	37.3750	1	4018	12	31	1990	2629.7	0.0	7183.3	7440.4	    98.0	     1.0	41.4	1885.3	403.2	0.000	0.0	0.0	19025.06	93787.48	40803.022	13068.73	5181.34	5624.49	72.14
OliveGIS	30set19	19:10:16	D:\wx_medgold\wx_agmerra_andalusia\agmerra_1412_209_ESP.txt	-7.1250	37.8750	1	4018	12	31	1990	2620.0	0.0	6479.4	6892.5	   108.0	     1.0	51.4	2102.9	475.3	0.000	0.0	0.0	19082.46	94341.16	42057.786	17516.32	5173.19	5372.03	74.28
OliveGIS	30set19	19:10:23	D:\wx_medgold\wx_agmerra_andalusia\agmerra_1412_210_ESP.txt	-7.1250	37.6250	1	4018	12	31	1990	2638.1	0.0	6876.1	7277.1	   102.0	     1.0	40.2	1905.7	490.8	0.000	0.0	0.0	17347.12	86644.93	37378.521	12890.39	4883.40	5404.62	70.61
OliveGIS	30set19	19:10:30	D:\wx_medgold\wx_agmerra_andalusia\agmerra_1412_211_ESP.txt	-7.1250	37.3750	1	4018	12	31	1990	2641.4	0.0	7231.2	7535.0	    99.0	     1.0	45.0	1864.2	418.2	0.000	0.0	0.0	18928.51	94235.42	41139.349	13319.33	5259.85	5701.90	71.91
OliveGIS	30set19	19:10:38	D:\wx_medgold\wx_agmerra_andalusia\agmerra_1413_208_ESP.txt	-6.8750	38.1250	1	4018	12	31	1990	2610.8	0.0	6346.2	6795.1	   115.0	     1.0	79.4	2124.0	501.4	0.000	0.0	0.0	14693.15	72781.87	29864.249	15058.73	3904.38	4721.98	66.57
OliveGIS	30set19	19:10:45	D:\wx_medgold\wx_agmerra_andalusia\agmerra_1413_209_ESP.txt	-6.8750	37.8750	1	4018	12	31	1990	2623.5	0.0	6544.1	6921.0	   103.0	     1.0	51.8	1963.6	517.0	0.000	0.0	0.0	15899.60	77861.30	33110.400	11699.31	4366.30	5020.73	69.29
OliveGIS	30set19	19:10:53	D:\wx_medgold\wx_agmerra_andalusia\agmerra_1413_210_ESP.txt	-6.8750	37.6250	1	4018	12	31	1990	2640.9	0.0	7237.4	7640.4	    94.0	     1.0	37.6	1652.9	534.4	0.000	0.0	0.0	13375.77	68072.32	28292.173	7611.38	3944.80	4939.35	61.84
OliveGIS	30set19	19:11:01	D:\wx_medgold\wx_agmerra_andalusia\agmerra_1413_211_ESP.txt	-6.8750	37.3750	1	4018	12	31	1990	2634.2	0.0	7705.4	8045.2	    92.0	     1.0	37.6	1588.6	415.2	0.000	0.0	0.0	14699.53	75128.60	31390.303	8589.69	4371.31	5328.30	63.52
OliveGIS	30set19	19:11:11	D:\wx_medgold\wx_agmerra_andalusia\agmerra_1414_209_ESP.txt	-6.6250	37.8750	1	4018	12	31	1990	2630.6	0.0	6582.7	6948.2	   107.0	     1.0	61.5	2071.1	532.5	0.000	0.0	0.0	17234.63	84883.83	36537.575	15481.47	4685.71	5208.46	71.22
OliveGIS	30set19	19:11:19	D:\wx_medgold\wx_agmerra_andalusia\agmerra_1414_210_ESP.txt	-6.6250	37.6250	1	4018	12	31	1990	2625.0	0.0	6890.1	7308.4	    95.0	     1.0	41.9	1715.1	530.6	0.000	0.0	0.0	13474.80	68095.18	28633.963	8098.18	3945.44	4843.35	63.60
OliveGIS	30set19	19:11:27	D:\wx_medgold\wx_agmerra_andalusia\agmerra_1414_211_ESP.txt	-6.6250	37.3750	1	4018	12	31	1990	2638.3	0.0	7391.5	7783.1	    93.0	     1.0	43.5	1559.4	411.8	0.000	0.0	0.0	13880.51	71606.39	30043.569	8265.60	4207.82	5130.58	63.15
OliveGIS	30set19	19:11:35	D:\wx_medgold\wx_agmerra_andalusia\agmerra_1414_212_ESP.txt	-6.6250	37.1250	1	4018	12	31	1990	2653.0	0.0	9725.0	10057.0	    81.0	     1.0	9.9	1220.5	354.2	0.000	0.0	0.0	30791.15	150001.55	69679.938	23633.63	8829.77	8165.01	77.58
OliveGIS	30set19	19:11:43	D:\wx_medgold\wx_agmerra_andalusia\agmerra_1415_209_ESP.txt	-6.3750	37.8750	1	4018	12	31	1990	2626.2	0.0	6619.6	7003.1	   108.0	     1.0	70.6	2006.0	484.8	0.000	0.0	0.0	14803.28	73829.22	30872.022	12043.47	4141.69	4903.66	66.86
OliveGIS	30set19	19:11:51	D:\wx_medgold\wx_agmerra_andalusia\agmerra_1415_210_ESP.txt	-6.3750	37.6250	1	4018	12	31	1990	2640.0	0.0	6822.2	7243.2	    96.0	     1.0	47.7	1661.8	470.9	0.000	0.0	0.0	10695.33	56014.05	22772.228	6017.39	3293.17	4317.81	56.94
OliveGIS	30set19	19:11:59	D:\wx_medgold\wx_agmerra_andalusia\agmerra_1415_211_ESP.txt	-6.3750	37.3750	1	4018	12	31	1990	2644.7	0.0	7927.6	8489.2	    85.0	     1.0	31.0	1168.5	418.7	0.000	0.0	0.0	11332.10	62200.98	25388.878	7050.69	3861.44	4955.93	55.63
OliveGIS	30set19	19:12:08	D:\wx_medgold\wx_agmerra_andalusia\agmerra_1415_212_ESP.txt	-6.3750	37.1250	1	4018	12	31	1990	2656.5	0.0	10296.2	10804.3	    78.0	     1.0	9.8	834.6	391.3	0.000	0.0	0.0	21344.12	111041.01	48788.598	15931.69	6881.20	7654.12	67.68
OliveGIS	30set19	19:12:17	D:\wx_medgold\wx_agmerra_andalusia\agmerra_1415_213_ESP.txt	-6.3750	36.8750	1	4018	12	31	1990	2646.8	0.0	9511.7	9991.6	    82.0	     1.0	13.1	1089.7	403.0	0.000	0.0	0.0	27256.08	133705.85	60860.560	21014.46	8103.55	7911.30	75.58
OliveGIS	30set19	19:12:25	D:\wx_medgold\wx_agmerra_andalusia\agmerra_1416_209_ESP.txt	-6.1250	37.8750	1	4018	12	31	1990	2633.3	0.0	6772.2	7151.7	   109.0	     1.0	76.0	2001.4	478.7	0.000	0.0	0.0	15485.03	77178.22	32303.943	11659.55	4302.33	5065.13	67.49
OliveGIS	30set19	19:12:33	D:\wx_medgold\wx_agmerra_andalusia\agmerra_1416_210_ESP.txt	-6.1250	37.6250	1	4018	12	31	1990	2629.9	0.0	7023.8	7456.2	    96.0	     1.0	50.4	1632.3	448.2	0.000	0.0	0.0	10239.00	53872.26	21471.081	5530.30	3142.14	4242.12	54.59
OliveGIS	30set19	19:12:41	D:\wx_medgold\wx_agmerra_andalusia\agmerra_1416_211_ESP.txt	-6.1250	37.3750	1	4018	12	31	1990	2638.8	0.0	7890.0	8475.3	    86.0	     1.0	38.6	1133.1	402.3	0.000	0.0	0.0	9839.11	54442.73	21423.206	5785.81	3359.90	4543.18	51.24
OliveGIS	30set19	19:12:50	D:\wx_medgold\wx_agmerra_andalusia\agmerra_1416_212_ESP.txt	-6.1250	37.1250	1	4018	12	31	1990	2641.8	0.0	6102.0	9289.2	    80.0	     1.0	22.2	837.1	398.7	0.000	0.0	0.0	14321.30	76971.49	32541.226	10306.50	4826.34	5936.24	61.00
OliveGIS	30set19	19:12:59	D:\wx_medgold\wx_agmerra_andalusia\agmerra_1416_213_ESP.txt	-6.1250	36.8750	1	4018	12	31	1990	2646.5	0.0	8709.6	9240.2	    85.0	     1.0	32.7	1059.4	409.7	0.000	0.0	0.0	14548.24	79718.33	33876.096	9907.82	4994.68	5945.01	61.44
OliveGIS	30set19	19:13:08	D:\wx_medgold\wx_agmerra_andalusia\agmerra_1416_214_ESP.txt	-6.1250	36.6250	1	4018	12	31	1990	2656.6	0.0	9218.1	9584.1	    83.0	     1.0	15.1	1283.8	393.2	0.000	0.0	0.0	26489.79	128386.26	57638.277	18949.84	7543.97	7593.22	75.38
OliveGIS	30set19	19:13:17	D:\wx_medgold\wx_agmerra_andalusia\agmerra_1416_215_ESP.txt	-6.1250	36.3750	1	4018	12	31	1990	2654.5	0.0	8496.2	8991.0	    86.0	     1.0	23.1	1294.6	365.0	0.000	0.0	0.0	15346.01	82633.97	35995.112	10715.78	5166.02	6032.90	64.00
OliveGIS	30set19	19:13:26	D:\wx_medgold\wx_agmerra_andalusia\agmerra_1417_208_ESP.txt	-5.8750	38.1250	1	4018	12	31	1990	2621.5	0.0	6254.7	6754.8	   121.0	     1.0	102.2	2071.9	425.6	0.000	0.0	0.0	11646.47	58729.20	22807.283	9395.72	3140.90	4189.49	59.38
OliveGIS	30set19	19:13:33	D:\wx_medgold\wx_agmerra_andalusia\agmerra_1417_209_ESP.txt	-5.8750	37.8750	1	4018	12	31	1990	2621.4	0.0	6578.4	7012.0	   107.0	     1.0	71.3	1889.0	454.7	0.000	0.0	0.0	11287.46	56409.76	22279.680	7280.65	3132.25	4282.13	58.48
OliveGIS	30set19	19:13:41	D:\wx_medgold\wx_agmerra_andalusia\agmerra_1417_210_ESP.txt	-5.8750	37.6250	1	4018	12	31	1990	2633.9	0.0	7341.7	7848.0	    94.0	     1.0	47.9	1531.7	409.9	0.000	0.0	0.0	8842.87	46292.43	17812.530	4271.50	2671.24	3980.08	48.50
OliveGIS	30set19	19:13:49	D:\wx_medgold\wx_agmerra_andalusia\agmerra_1417_211_ESP.txt	-5.8750	37.3750	1	4018	12	31	1990	2636.0	0.0	8482.2	9294.9	    82.0	     1.0	30.3	877.1	380.8	0.000	0.0	0.0	5761.65	31472.73	11502.728	3772.82	1982.59	3385.25	34.51
OliveGIS	30set19	19:13:59	D:\wx_medgold\wx_agmerra_andalusia\agmerra_1417_212_ESP.txt	-5.8750	37.1250	1	4018	12	31	1990	2650.9	0.0	6160.1	9512.4	    80.0	     1.0	22.7	732.1	368.0	0.000	0.0	0.0	9120.14	52211.61	20883.265	6843.24	3376.93	4746.79	47.49
OliveGIS	30set19	19:14:10	D:\wx_medgold\wx_agmerra_andalusia\agmerra_1417_213_ESP.txt	-5.8750	36.8750	1	4018	12	31	1990	2636.5	0.0	8435.7	8960.2	    85.0	     1.0	29.2	1096.3	385.6	0.000	0.0	0.0	14252.73	77776.71	33288.230	9911.88	4904.09	5786.45	61.87
OliveGIS	30set19	19:14:18	D:\wx_medgold\wx_agmerra_andalusia\agmerra_1417_214_ESP.txt	-5.8750	36.6250	1	4018	12	31	1990	2646.0	0.0	9365.2	9759.0	    82.0	     1.0	12.2	1242.3	454.0	0.000	0.0	0.0	22060.60	110923.27	49338.525	15369.50	6682.34	7191.75	70.64
OliveGIS	30set19	19:14:26	D:\wx_medgold\wx_agmerra_andalusia\agmerra_1417_215_ESP.txt	-5.8750	36.3750	1	4018	12	31	1990	2655.0	0.0	8358.8	8537.9	    85.0	     1.0	9.5	1730.6	585.4	0.000	0.0	0.0	26209.89	122716.00	54119.809	17127.53	6764.81	6878.53	76.77
OliveGIS	30set19	19:14:33	D:\wx_medgold\wx_agmerra_andalusia\agmerra_1418_208_ESP.txt	-5.6250	38.1250	1	4018	12	31	1990	2612.5	0.0	6403.9	6953.0	   119.0	     1.0	100.7	2006.5	431.5	0.000	0.0	0.0	10456.69	52367.64	19745.813	7273.99	2846.99	4029.30	55.59
OliveGIS	30set19	19:14:41	D:\wx_medgold\wx_agmerra_andalusia\agmerra_1418_209_ESP.txt	-5.6250	37.8750	1	4018	12	31	1990	2628.8	0.0	6644.4	7098.7	   106.0	     1.0	70.0	1797.4	443.6	0.000	0.0	0.0	9663.74	48902.65	19107.414	5608.25	2758.70	3986.69	53.63
OliveGIS	30set19	19:14:49	D:\wx_medgold\wx_agmerra_andalusia\agmerra_1418_210_ESP.txt	-5.6250	37.6250	1	4018	12	31	1990	2636.6	0.0	7475.9	7979.4	    94.0	     1.0	49.8	1456.6	411.4	0.000	0.0	0.0	8732.15	46112.41	17764.984	4289.52	2678.78	4004.25	48.01
OliveGIS	30set19	19:14:58	D:\wx_medgold\wx_agmerra_andalusia\agmerra_1418_211_ESP.txt	-5.6250	37.3750	1	4018	12	31	1990	2638.3	0.0	8130.0	8865.7	    84.0	     1.0	35.5	975.8	376.8	0.000	0.0	0.0	7440.46	40552.93	15040.237	4295.44	2457.79	3920.79	42.17
OliveGIS	30set19	19:15:07	D:\wx_medgold\wx_agmerra_andalusia\agmerra_1418_212_ESP.txt	-5.6250	37.1250	1	4018	12	31	1990	2651.4	0.0	8286.8	8849.9	    84.0	     1.0	31.8	1124.9	364.3	0.000	0.0	0.0	10159.84	56558.27	22327.825	5996.92	3504.08	4742.89	51.04
OliveGIS	30set19	19:15:15	D:\wx_medgold\wx_agmerra_andalusia\agmerra_1418_213_ESP.txt	-5.6250	36.8750	1	4018	12	31	1990	2643.1	0.0	7555.2	7895.3	    94.0	     1.0	42.3	1625.4	405.2	0.000	0.0	0.0	15024.79	77492.13	33161.616	9588.80	4612.82	5416.91	65.68
OliveGIS	30set19	19:15:23	D:\wx_medgold\wx_agmerra_andalusia\agmerra_1418_214_ESP.txt	-5.6250	36.6250	1	4018	12	31	1990	2655.4	0.0	8012.4	8217.0	    88.0	     1.0	19.0	1654.9	493.2	0.000	0.0	0.0	20909.33	102397.35	44875.816	13789.22	5855.53	6288.26	72.82
OliveGIS	30set19	19:15:31	D:\wx_medgold\wx_agmerra_andalusia\agmerra_1418_215_ESP.txt	-5.6250	36.3750	1	4018	12	31	1990	2656.3	0.0	7887.1	7962.9	    90.0	     1.0	14.5	1975.1	709.1	0.000	0.0	0.0	25488.79	121213.28	55100.023	19293.79	6570.45	6483.99	77.41
OliveGIS	30set19	19:15:38	D:\wx_medgold\wx_agmerra_andalusia\agmerra_1418_216_ESP.txt	-5.6250	36.1250	1	4018	12	31	1990	2670.6	0.0	8615.9	8731.6	    83.0	     1.0	0.3	1825.4	513.0	0.000	0.0	0.0	36893.39	173590.81	87770.721	34197.34	9450.04	7645.18	83.23
OliveGIS	30set19	19:15:45	D:\wx_medgold\wx_agmerra_andalusia\agmerra_1419_207_ESP.txt	-5.3750	38.3750	1	4018	12	31	1990	2616.4	0.0	6240.2	6910.9	   127.0	     1.0	133.3	2026.1	389.4	0.000	0.0	0.0	10359.28	51821.07	19425.173	9838.99	2743.64	3954.74	54.67
OliveGIS	30set19	19:15:52	D:\wx_medgold\wx_agmerra_andalusia\agmerra_1419_208_ESP.txt	-5.3750	38.1250	1	4018	12	31	1990	2615.4	0.0	6320.7	6989.5	   121.0	     1.0	110.5	1918.0	406.0	0.000	0.0	0.0	9257.98	46918.46	17551.907	6964.15	2602.93	3829.78	52.41
OliveGIS	30set19	19:16:00	D:\wx_medgold\wx_agmerra_andalusia\agmerra_1419_209_ESP.txt	-5.3750	37.8750	1	4018	12	31	1990	2627.4	0.0	6891.9	7620.2	    98.0	     1.0	52.5	1383.6	443.2	0.000	0.0	0.0	5696.50	30883.39	12117.900	3034.89	1921.52	3049.12	38.04
OliveGIS	30set19	19:16:09	D:\wx_medgold\wx_agmerra_andalusia\agmerra_1419_210_ESP.txt	-5.3750	37.6250	1	4018	12	31	1990	2643.5	0.0	7710.0	8454.0	    88.0	     1.0	39.1	1049.8	402.4	0.000	0.0	0.0	5436.22	29833.27	10808.974	3053.04	1818.56	3100.66	34.82
OliveGIS	30set19	19:16:18	D:\wx_medgold\wx_agmerra_andalusia\agmerra_1419_211_ESP.txt	-5.3750	37.3750	1	4018	12	31	1990	2655.7	0.0	7842.5	8569.6	    87.0	     1.0	35.6	1015.6	369.7	0.000	0.0	0.0	6934.63	39233.28	14529.050	4009.33	2401.61	3713.62	41.11
OliveGIS	30set19	19:16:26	D:\wx_medgold\wx_agmerra_andalusia\agmerra_1419_212_ESP.txt	-5.3750	37.1250	1	4018	12	31	1990	2641.8	0.0	7853.1	8354.8	    91.0	     1.0	37.5	1454.3	372.2	0.000	0.0	0.0	10798.30	57240.43	22908.573	5886.05	3391.86	4700.40	53.98
OliveGIS	30set19	19:16:34	D:\wx_medgold\wx_agmerra_andalusia\agmerra_1419_213_ESP.txt	-5.3750	36.8750	1	4018	12	31	1990	2622.3	0.0	6200.1	6237.3	   126.0	     1.0	97.7	2605.6	430.5	0.000	0.0	0.0	27088.70	142236.99	75069.393	56244.64	6537.07	5381.17	81.07
OliveGIS	30set19	19:16:42	D:\wx_medgold\wx_agmerra_andalusia\agmerra_1419_214_ESP.txt	-5.3750	36.6250	1	4018	12	31	1990	2624.9	0.0	5819.1	5797.9	   117.0	     1.0	53.4	2675.3	511.8	0.000	0.0	0.0	27742.01	138280.79	71957.123	75426.32	6471.18	5175.10	83.38
OliveGIS	30set19	19:16:49	D:\wx_medgold\wx_agmerra_andalusia\agmerra_1419_215_ESP.txt	-5.3750	36.3750	1	4018	12	31	1990	2647.6	0.0	7966.6	8083.2	    91.0	     1.0	17.8	1786.9	692.5	0.000	0.0	0.0	22592.70	110477.01	50213.580	16803.93	6272.12	6331.14	74.87
OliveGIS	30set19	19:16:57	D:\wx_medgold\wx_agmerra_andalusia\agmerra_1420_206_ESP.txt	-5.1250	38.6250	1	4018	12	31	1990	2620.1	0.0	5962.8	6699.7	   124.0	     1.0	120.1	1945.6	382.1	0.000	0.0	0.0	8531.57	42586.54	15350.705	6327.72	2283.61	3516.78	50.13
OliveGIS	30set19	19:17:04	D:\wx_medgold\wx_agmerra_andalusia\agmerra_1420_207_ESP.txt	-5.1250	38.3750	1	4018	12	31	1990	2617.3	0.0	6071.8	6664.3	   127.0	     1.0	134.7	2067.1	395.6	0.000	0.0	0.0	11745.70	58655.98	23118.548	9300.92	3088.71	4162.19	59.60
OliveGIS	30set19	19:17:12	D:\wx_medgold\wx_agmerra_andalusia\agmerra_1420_208_ESP.txt	-5.1250	38.1250	1	4018	12	31	1990	2619.2	0.0	6252.2	6913.1	   120.0	     1.0	110.8	1882.1	408.7	0.000	0.0	0.0	9181.28	46293.18	17511.059	5973.78	2573.53	3795.19	52.52
OliveGIS	30set19	19:17:20	D:\wx_medgold\wx_agmerra_andalusia\agmerra_1420_209_ESP.txt	-5.1250	37.8750	1	4018	12	31	1990	2633.4	0.0	6940.0	7682.5	    96.0	     1.0	53.8	1307.2	425.6	0.000	0.0	0.0	5247.61	28668.82	11124.131	2800.03	1810.44	2884.49	35.57
OliveGIS	30set19	19:17:29	D:\wx_medgold\wx_agmerra_andalusia\agmerra_1420_210_ESP.txt	-5.1250	37.6250	1	4018	12	31	1990	2648.9	0.0	7811.4	8559.7	    88.0	     1.0	41.1	1056.4	386.4	0.000	0.0	0.0	6004.30	33251.89	12224.876	3339.37	2020.95	3322.40	36.82
OliveGIS	30set19	19:17:38	D:\wx_medgold\wx_agmerra_andalusia\agmerra_1420_211_ESP.txt	-5.1250	37.3750	1	4018	12	31	1990	2645.5	0.0	7931.1	8661.4	    88.0	     1.0	37.9	1054.8	365.0	0.000	0.0	0.0	7371.79	41886.16	15785.156	4246.53	2599.45	3859.12	42.44
OliveGIS	30set19	19:17:47	D:\wx_medgold\wx_agmerra_andalusia\agmerra_1420_212_ESP.txt	-5.1250	37.1250	1	4018	12	31	1990	2651.3	0.0	7629.9	8100.1	    92.0	     1.0	39.1	1494.5	357.4	0.000	0.0	0.0	10852.44	58030.08	23045.031	5970.37	3415.79	4640.89	54.72
OliveGIS	30set19	19:17:55	D:\wx_medgold\wx_agmerra_andalusia\agmerra_1420_213_ESP.txt	-5.1250	36.8750	1	4018	12	31	1990	2623.7	0.0	6358.7	6384.3	   126.0	     1.0	90.6	2602.1	428.4	0.000	0.0	0.0	28108.45	146148.97	78139.965	44402.65	6812.04	5540.68	81.53
OliveGIS	30set19	19:18:02	D:\wx_medgold\wx_agmerra_andalusia\agmerra_1420_214_ESP.txt	-5.1250	36.6250	1	4018	12	31	1990	2637.1	0.0	6103.4	6079.3	   113.0	     1.0	32.2	2578.3	480.1	0.000	0.0	0.0	27197.13	131900.73	64707.277	77702.74	6559.04	5420.52	83.24
OliveGIS	30set19	19:18:10	D:\wx_medgold\wx_agmerra_andalusia\agmerra_1421_206_ESP.txt	-4.8750	38.6250	1	4018	12	31	1990	2612.3	0.0	5861.7	6602.8	   121.0	     1.0	109.5	1862.3	384.8	0.000	0.0	0.0	7322.91	36183.38	13356.569	4450.93	1977.47	3207.26	46.48
OliveGIS	30set19	19:18:18	D:\wx_medgold\wx_agmerra_andalusia\agmerra_1421_207_ESP.txt	-4.8750	38.3750	1	4018	12	31	1990	2605.9	0.1	6021.2	6518.3	   132.0	     1.0	157.3	2226.7	393.2	0.000	0.0	0.0	16032.15	80727.54	34813.758	13930.71	4150.02	4712.02	69.27
OliveGIS	30set19	19:18:26	D:\wx_medgold\wx_agmerra_andalusia\agmerra_1421_208_ESP.txt	-4.8750	38.1250	1	4018	12	31	1990	2623.3	0.0	6244.4	6891.0	   125.0	     1.0	129.7	1973.2	359.4	0.000	0.0	0.0	10342.05	51943.80	19650.298	8931.34	2798.68	3972.04	55.14
OliveGIS	30set19	19:18:34	D:\wx_medgold\wx_agmerra_andalusia\agmerra_1421_209_ESP.txt	-4.8750	37.8750	1	4018	12	31	1990	2634.6	0.0	6499.6	7268.4	   105.0	     1.0	67.5	1457.5	468.0	0.000	0.0	0.0	5564.88	29840.29	11208.695	2801.29	1776.37	2924.04	38.25
OliveGIS	30set19	19:18:44	D:\wx_medgold\wx_agmerra_andalusia\agmerra_1421_210_ESP.txt	-4.8750	37.6250	1	4018	12	31	1990	2652.8	0.0	6898.8	7606.8	    97.0	     1.0	53.3	1295.7	425.1	0.000	0.0	0.0	5455.39	30204.61	11772.272	3079.59	1898.66	3006.75	37.34
OliveGIS	30set19	19:18:53	D:\wx_medgold\wx_agmerra_andalusia\agmerra_1421_211_ESP.txt	-4.8750	37.3750	1	4018	12	31	1990	2633.8	0.0	6810.9	7324.5	   104.0	     1.0	55.8	1619.9	392.1	0.000	0.0	0.0	9406.40	49715.74	19946.459	5677.41	2974.05	4071.58	53.21
OliveGIS	30set19	19:19:02	D:\wx_medgold\wx_agmerra_andalusia\agmerra_1421_212_ESP.txt	-4.8750	37.1250	1	4018	12	31	1990	2632.4	0.0	6920.3	7221.1	   107.0	     1.0	55.0	1958.3	381.5	0.000	0.0	0.0	15141.30	75872.40	31954.695	13293.17	4287.78	5074.00	67.00
OliveGIS	30set19	19:19:11	D:\wx_medgold\wx_agmerra_andalusia\agmerra_1421_213_ESP.txt	-4.8750	36.8750	1	4018	12	31	1990	2635.2	0.0	6851.3	6999.8	   107.0	     1.0	56.8	2083.1	374.0	0.000	0.0	0.0	18558.18	91489.52	40650.865	25928.19	5083.11	5387.95	73.04
OliveGIS	30set19	19:19:20	D:\wx_medgold\wx_agmerra_andalusia\agmerra_1421_214_ESP.txt	-4.8750	36.6250	1	4018	12	31	1990	2651.6	0.0	8167.2	8295.6	    91.0	     1.0	8.8	1733.9	388.8	0.000	0.0	0.0	26226.59	127765.83	61256.517	23384.33	7365.89	6818.78	78.26
OliveGIS	30set19	19:19:27	D:\wx_medgold\wx_agmerra_andalusia\agmerra_1422_207_ESP.txt	-4.6250	38.3750	1	4018	12	31	1990	2607.3	0.2	5967.5	6415.1	   132.0	     1.0	160.0	2271.6	389.6	0.000	0.0	0.0	17295.75	86215.84	38087.015	15892.32	4404.35	4807.13	71.64
OliveGIS	30set19	19:19:36	D:\wx_medgold\wx_agmerra_andalusia\agmerra_1422_208_ESP.txt	-4.6250	38.1250	1	4018	12	31	1990	2623.5	0.0	6094.1	6705.6	   123.0	     1.0	131.3	1939.6	346.2	0.000	0.0	0.0	10783.06	53970.35	20764.838	9687.18	2920.06	4037.22	57.47
OliveGIS	30set19	19:19:45	D:\wx_medgold\wx_agmerra_andalusia\agmerra_1422_209_ESP.txt	-4.6250	37.8750	1	4018	12	31	1990	2645.7	0.0	6381.3	7143.6	   105.0	     1.0	70.3	1416.5	426.3	0.000	0.0	0.0	5636.27	30090.69	11220.551	2793.90	1776.20	2920.27	38.80
OliveGIS	30set19	19:19:55	D:\wx_medgold\wx_agmerra_andalusia\agmerra_1422_210_ESP.txt	-4.6250	37.6250	1	4018	12	31	1990	2632.1	0.0	6863.7	7565.6	    98.0	     1.0	57.7	1352.9	415.7	0.000	0.0	0.0	5966.76	32088.42	12290.339	3217.17	1948.94	3125.32	39.30
OliveGIS	30set19	19:20:05	D:\wx_medgold\wx_agmerra_andalusia\agmerra_1422_211_ESP.txt	-4.6250	37.3750	1	4018	12	31	1990	2635.6	0.0	6709.0	7197.7	   106.0	     1.0	60.5	1688.3	382.2	0.000	0.0	0.0	10620.50	54492.05	21902.204	7091.33	3123.59	4269.77	56.69
OliveGIS	30set19	19:20:14	D:\wx_medgold\wx_agmerra_andalusia\agmerra_1422_212_ESP.txt	-4.6250	37.1250	1	4018	12	31	1990	2641.0	0.0	6990.1	7287.0	   108.0	     1.0	56.4	1950.7	391.6	0.000	0.0	0.0	16099.99	81026.88	34995.700	14229.75	4604.54	5253.17	68.55
OliveGIS	30set19	19:20:23	D:\wx_medgold\wx_agmerra_andalusia\agmerra_1422_213_ESP.txt	-4.6250	36.8750	1	4018	12	31	1990	2643.8	0.0	7079.8	7235.0	   106.0	     1.0	48.5	1979.0	363.9	0.000	0.0	0.0	18723.80	92212.23	40639.737	18625.90	5184.07	5550.14	72.64
OliveGIS	30set19	19:20:32	D:\wx_medgold\wx_agmerra_andalusia\agmerra_1422_214_ESP.txt	-4.6250	36.6250	1	4018	12	31	1990	2664.7	0.0	8479.9	8646.6	    86.0	     1.0	2.4	1443.9	332.5	0.000	0.0	0.0	26178.14	127797.25	60683.234	20017.44	7426.98	7015.60	77.23
OliveGIS	30set19	19:20:41	D:\wx_medgold\wx_agmerra_andalusia\agmerra_1423_208_ESP.txt	-4.3750	38.1250	1	4018	12	31	1990	2628.1	0.0	6026.4	6657.5	   121.0	     1.0	121.2	1895.9	350.7	0.000	0.0	0.0	9909.80	49361.53	18858.479	8182.19	2680.52	3855.17	55.26
OliveGIS	30set19	19:20:50	D:\wx_medgold\wx_agmerra_andalusia\agmerra_1423_209_ESP.txt	-4.3750	37.8750	1	4018	12	31	1990	2647.4	0.0	6737.5	7656.2	   102.0	     1.0	59.5	1203.2	395.2	0.000	0.0	0.0	3771.09	21122.52	8076.639	2172.27	1373.17	2272.91	27.81
OliveGIS	30set19	19:21:01	D:\wx_medgold\wx_agmerra_andalusia\agmerra_1423_210_ESP.txt	-4.3750	37.6250	1	4018	12	31	1990	2635.9	0.0	6816.3	7609.3	   100.0	     1.0	54.6	1337.3	379.1	0.000	0.0	0.0	5290.61	28539.54	10789.478	2723.49	1742.51	2876.59	35.88
OliveGIS	30set19	19:21:10	D:\wx_medgold\wx_agmerra_andalusia\agmerra_1423_211_ESP.txt	-4.3750	37.3750	1	4018	12	31	1990	2636.2	0.0	6538.7	7045.0	   115.0	     1.0	82.3	1892.7	412.7	0.000	0.0	0.0	11729.41	59710.40	24015.173	9429.80	3383.38	4429.83	60.06
OliveGIS	30set19	19:21:19	D:\wx_medgold\wx_agmerra_andalusia\agmerra_1423_212_ESP.txt	-4.3750	37.1250	1	4018	12	31	1990	2637.1	0.0	6676.1	7012.5	   112.0	     1.0	70.0	1967.3	420.7	0.000	0.0	0.0	13667.12	68699.97	28420.387	12100.12	3850.15	4752.05	64.53
OliveGIS	30set19	19:21:28	D:\wx_medgold\wx_agmerra_andalusia\agmerra_1423_213_ESP.txt	-4.3750	36.8750	1	4018	12	31	1990	2630.6	0.0	6989.0	7210.4	   109.0	     1.0	62.6	1970.2	381.9	0.000	0.0	0.0	14890.15	75098.35	31889.944	13013.01	4245.50	5015.92	66.42
OliveGIS	30set19	19:21:37	D:\wx_medgold\wx_agmerra_andalusia\agmerra_1424_207_ESP.txt	-4.1250	38.3750	1	4018	12	31	1990	2607.1	0.2	6316.6	6938.7	   132.0	     1.0	160.5	2139.9	363.6	0.000	0.0	0.0	15973.48	80711.11	34932.480	21829.87	4183.22	4864.96	67.24
OliveGIS	30set19	19:21:46	D:\wx_medgold\wx_agmerra_andalusia\agmerra_1424_208_ESP.txt	-4.1250	38.1250	1	4018	12	31	1990	2626.6	0.0	6020.4	6658.3	   121.0	     1.0	126.9	1872.1	332.3	0.000	0.0	0.0	9098.76	45217.43	17117.036	9940.85	2455.98	3661.75	52.49
OliveGIS	30set19	19:21:54	D:\wx_medgold\wx_agmerra_andalusia\agmerra_1424_209_ESP.txt	-4.1250	37.8750	1	4018	12	31	1990	2645.8	0.0	6335.2	7180.6	   104.0	     1.0	65.8	1278.8	383.4	0.000	0.0	0.0	4362.02	23422.18	8689.152	2284.59	1436.88	2460.62	32.34
OliveGIS	30set19	19:22:04	D:\wx_medgold\wx_agmerra_andalusia\agmerra_1424_210_ESP.txt	-4.1250	37.6250	1	4018	12	31	1990	2641.5	0.0	6545.7	7266.8	   107.0	     1.0	68.2	1580.6	381.2	0.000	0.0	0.0	7812.92	42205.66	16644.205	4619.87	2548.36	3636.49	47.60
OliveGIS	30set19	19:22:11	D:\wx_medgold\wx_agmerra_andalusia\agmerra_1424_211_ESP.txt	-4.1250	37.3750	1	4018	12	31	1990	2622.0	0.0	6499.8	6928.9	   122.0	     1.0	101.5	2094.7	404.8	0.000	0.0	0.0	14545.40	72216.89	30147.348	24198.51	3928.54	4776.28	65.90
OliveGIS	30set19	19:22:20	D:\wx_medgold\wx_agmerra_andalusia\agmerra_1424_212_ESP.txt	-4.1250	37.1250	1	4018	12	31	1990	2630.1	0.0	6632.6	6956.6	   117.0	     1.0	78.9	2057.9	417.9	0.000	0.0	0.0	14582.83	73458.25	31337.972	14528.98	4094.89	4833.80	66.32
OliveGIS	30set19	19:22:31	D:\wx_medgold\wx_agmerra_andalusia\agmerra_1424_213_ESP.txt	-4.1250	36.8750	1	4018	12	31	1990	2629.7	0.0	6888.9	7075.5	   110.0	     1.0	62.6	2010.0	375.2	0.000	0.0	0.0	16317.65	82426.06	36301.799	17508.98	4668.90	5161.83	69.48
OliveGIS	30set19	19:22:41	D:\wx_medgold\wx_agmerra_andalusia\agmerra_1425_207_ESP.txt	-3.8750	38.3750	1	4018	12	31	1990	2614.8	0.0	6180.3	7004.8	   126.0	     1.0	124.9	1883.6	369.3	0.000	0.0	0.0	9727.24	48955.52	18336.986	9521.55	2650.81	3872.48	52.94
OliveGIS	30set19	19:22:50	D:\wx_medgold\wx_agmerra_andalusia\agmerra_1425_208_ESP.txt	-3.8750	38.1250	1	4018	12	31	1990	2638.7	0.0	6417.8	7252.3	   114.0	     1.0	96.3	1608.1	341.5	0.000	0.0	0.0	6840.92	36326.29	14198.694	3939.95	2193.83	3312.37	43.32
OliveGIS	30set19	19:22:59	D:\wx_medgold\wx_agmerra_andalusia\agmerra_1425_209_ESP.txt	-3.8750	37.8750	1	4018	12	31	1990	2641.3	0.0	6254.8	7341.5	   105.0	     1.0	70.0	1198.8	347.0	0.000	0.0	0.0	2413.59	13240.76	4867.510	1447.53	866.24	1570.52	19.67
OliveGIS	30set19	19:23:09	D:\wx_medgold\wx_agmerra_andalusia\agmerra_1425_210_ESP.txt	-3.8750	37.6250	1	4018	12	31	1990	2637.6	0.0	6272.0	7161.8	   112.0	     1.0	79.8	1656.2	371.7	0.000	0.0	0.0	6700.48	34788.82	13629.312	4515.48	2087.91	3224.83	42.70
OliveGIS	30set19	19:23:18	D:\wx_medgold\wx_agmerra_andalusia\agmerra_1425_211_ESP.txt	-3.8750	37.3750	1	4018	12	31	1990	2623.1	0.0	6715.6	7193.7	   127.0	     1.0	130.6	2122.8	356.1	0.000	0.0	0.0	16062.91	79461.69	33751.368	27158.49	4213.71	5047.97	66.97
OliveGIS	30set19	19:23:27	D:\wx_medgold\wx_agmerra_andalusia\agmerra_1425_212_ESP.txt	-3.8750	37.1250	1	4018	12	31	1990	2628.4	0.0	6483.6	6871.2	   119.0	     1.0	99.5	2002.7	365.3	0.000	0.0	0.0	13358.99	69012.00	29448.303	15052.91	3888.40	4631.72	64.22
OliveGIS	30set19	19:23:36	D:\wx_medgold\wx_agmerra_andalusia\agmerra_1425_213_ESP.txt	-3.8750	36.8750	1	4018	12	31	1990	2638.6	0.0	6912.2	7401.6	   109.0	     1.0	79.2	1678.0	395.2	0.000	0.0	0.0	9247.10	48705.31	18845.035	4755.13	2790.59	4020.96	51.66
OliveGIS	30set19	19:23:46	D:\wx_medgold\wx_agmerra_andalusia\agmerra_1426_207_ESP.txt	-3.6250	38.3750	1	4018	12	31	1990	2619.4	0.0	6120.8	6882.6	   127.0	     1.0	130.7	1909.5	354.5	0.000	0.0	0.0	10190.91	51532.57	19662.883	11612.17	2791.52	3951.52	54.91
OliveGIS	30set19	19:23:55	D:\wx_medgold\wx_agmerra_andalusia\agmerra_1426_208_ESP.txt	-3.6250	38.1250	1	4018	12	31	1990	2632.2	0.0	6308.8	7065.4	   116.0	     1.0	102.5	1650.5	324.9	0.000	0.0	0.0	7971.52	40677.42	16062.729	6023.87	2370.81	3572.79	48.13
OliveGIS	30set19	19:24:04	D:\wx_medgold\wx_agmerra_andalusia\agmerra_1426_209_ESP.txt	-3.6250	37.8750	1	4018	12	31	1990	2623.7	0.0	6344.2	7357.7	   108.0	     1.0	78.7	1348.0	339.7	0.000	0.0	0.0	4465.62	23868.83	8750.941	2284.83	1449.46	2523.65	32.46
OliveGIS	30set19	19:24:13	D:\wx_medgold\wx_agmerra_andalusia\agmerra_1426_210_ESP.txt	-3.6250	37.6250	1	4018	12	31	1990	2628.5	0.0	5917.6	6606.3	   119.0	     1.0	98.1	1883.2	356.4	0.000	0.0	0.0	9456.85	48096.53	18791.913	6909.29	2709.37	3799.39	54.86
OliveGIS	30set19	19:24:22	D:\wx_medgold\wx_agmerra_andalusia\agmerra_1426_211_ESP.txt	-3.6250	37.3750	1	4018	12	31	1990	2604.4	0.1	6096.6	6380.7	   133.0	     1.0	160.8	2320.8	358.4	0.000	0.0	0.0	21005.17	107105.02	50551.303	40414.71	5233.08	5100.90	76.08
OliveGIS	30set19	19:24:29	D:\wx_medgold\wx_agmerra_andalusia\agmerra_1426_212_ESP.txt	-3.6250	37.1250	1	4018	12	31	1990	2621.6	0.0	6826.6	7117.1	   126.0	     1.0	122.1	2219.0	428.2	0.000	0.0	0.0	18218.73	92216.27	41300.177	23822.60	4947.16	5318.55	71.18
OliveGIS	30set19	19:24:39	D:\wx_medgold\wx_agmerra_andalusia\agmerra_1426_213_ESP.txt	-3.6250	36.8750	1	4018	12	31	1990	2620.5	0.0	6642.6	7064.6	   114.0	     1.0	92.3	1844.1	391.3	0.000	0.0	0.0	10699.40	55579.77	22470.000	7756.25	3234.28	4262.61	57.72
OliveGIS	30set19	19:24:49	D:\wx_medgold\wx_agmerra_andalusia\agmerra_1427_207_ESP.txt	-3.3750	38.3750	1	4018	12	31	1990	2616.1	0.0	6185.1	7025.1	   124.0	     1.0	120.9	1772.5	380.6	0.000	0.0	0.0	8301.85	42302.97	16008.411	7378.35	2379.88	3596.91	49.05
OliveGIS	30set19	19:24:58	D:\wx_medgold\wx_agmerra_andalusia\agmerra_1427_208_ESP.txt	-3.3750	38.1250	1	4018	12	31	1990	2630.8	0.0	6340.3	7158.6	   114.0	     1.0	95.5	1543.3	358.6	0.000	0.0	0.0	6166.82	32829.29	12497.247	4344.55	1996.83	3064.68	40.65
OliveGIS	30set19	19:25:08	D:\wx_medgold\wx_agmerra_andalusia\agmerra_1427_209_ESP.txt	-3.3750	37.8750	1	4018	12	31	1990	2622.2	0.0	6764.1	7648.2	   110.0	     1.0	86.9	1453.1	326.6	0.000	0.0	0.0	6336.54	34775.56	13058.345	3414.54	2114.74	3237.34	40.25
OliveGIS	30set19	19:25:17	D:\wx_medgold\wx_agmerra_andalusia\agmerra_1427_210_ESP.txt	-3.3750	37.6250	1	4018	12	31	1990	2618.7	0.0	6498.3	7028.8	   126.0	     1.0	117.5	2098.0	339.0	0.000	0.0	0.0	16242.05	81898.13	36308.429	23822.55	4476.42	5040.60	68.67
OliveGIS	30set19	19:25:25	D:\wx_medgold\wx_agmerra_andalusia\agmerra_1427_211_ESP.txt	-3.3750	37.3750	1	4018	12	31	1990	2140.2	12.9	4483.7	6192.4	   159.0	     1.0	499.9	2920.9	235.6	0.000	0.0	0.0	21160.95	136276.55	250415.197	29667.39	4315.74	3991.55	62.61
OliveGIS	30set19	19:25:31	D:\wx_medgold\wx_agmerra_andalusia\agmerra_1427_212_ESP.txt	-3.3750	37.1250	1	4018	12	31	1990	2265.9	7.4	4784.0	6413.6	   154.0	     1.0	402.4	2927.0	609.9	0.000	0.0	0.0	22333.12	133399.51	214988.026	36061.55	5002.91	4464.13	67.73
OliveGIS	30set19	19:25:38	D:\wx_medgold\wx_agmerra_andalusia\agmerra_1427_213_ESP.txt	-3.3750	36.8750	1	4018	12	31	1990	2608.4	0.1	6620.1	6883.4	   139.0	     1.0	195.9	2398.3	579.3	0.000	0.0	0.0	25301.44	141391.32	76106.359	33240.60	6255.54	5503.65	76.39
OliveGIS	30set19	19:25:47	D:\wx_medgold\wx_agmerra_andalusia\agmerra_1428_207_ESP.txt	-3.1250	38.3750	1	4018	12	31	1990	2619.2	0.0	6470.5	7074.2	   129.0	     1.0	136.3	2024.2	371.4	0.000	0.0	0.0	13552.28	68881.58	28445.543	22436.30	3678.05	4617.84	62.46
OliveGIS	30set19	19:25:55	D:\wx_medgold\wx_agmerra_andalusia\agmerra_1428_208_ESP.txt	-3.1250	38.1250	1	4018	12	31	1990	2614.4	0.0	6012.7	6537.6	   124.0	     1.0	117.1	1941.4	372.0	0.000	0.0	0.0	12110.88	62837.28	26381.710	18749.46	3508.90	4259.11	62.53
OliveGIS	30set19	19:26:03	D:\wx_medgold\wx_agmerra_andalusia\agmerra_1428_209_ESP.txt	-3.1250	37.8750	1	4018	12	31	1990	2627.2	0.0	6324.6	6919.3	   121.0	     1.0	105.3	1858.6	332.7	0.000	0.0	0.0	11410.49	58849.12	24049.766	9895.66	3358.79	4325.90	59.73
OliveGIS	30set19	19:26:12	D:\wx_medgold\wx_agmerra_andalusia\agmerra_1428_210_ESP.txt	-3.1250	37.6250	1	4018	12	31	1990	2608.6	0.0	6390.5	6728.0	   131.0	     1.0	129.2	2274.6	329.1	0.000	0.0	0.0	19535.28	98443.97	46218.594	36216.74	5182.11	5220.63	74.10
OliveGIS	30set19	19:26:18	D:\wx_medgold\wx_agmerra_andalusia\agmerra_1428_211_ESP.txt	-3.1250	37.3750	1	4018	12	31	1990	2109.1	11.5	6717.4	6932.3	   159.0	     1.0	495.0	2982.7	232.8	0.000	0.0	0.0	24040.90	161768.84	268553.277	29115.63	4715.46	4344.08	60.95
OliveGIS	30set19	19:26:24	D:\wx_medgold\wx_agmerra_andalusia\agmerra_1428_212_ESP.txt	-3.1250	37.1250	1	4018	12	31	1990	2326.8	4.5	4144.9	5099.2	   151.0	     1.0	357.8	2920.4	438.0	0.000	0.0	0.0	19265.22	110508.60	164036.893	44835.92	4367.25	3782.29	71.92
OliveGIS	30set19	19:26:31	D:\wx_medgold\wx_agmerra_andalusia\agmerra_1428_213_ESP.txt	-3.1250	36.8750	1	4018	12	31	1990	2608.0	0.0	6347.5	6602.9	   136.0	     1.0	167.7	2341.3	388.8	0.000	0.0	0.0	20849.44	110592.28	53426.256	30463.90	5354.86	5169.94	74.74
OliveGIS	30set19	19:26:40	D:\wx_medgold\wx_agmerra_andalusia\agmerra_1429_207_ESP.txt	-2.8750	38.3750	1	4018	12	31	1990	2592.7	0.6	6178.9	6578.3	   138.0	     1.0	206.8	2239.2	380.5	0.000	0.0	0.0	19946.91	107931.89	53412.741	33415.39	5030.99	4998.86	72.78
OliveGIS	30set19	19:26:47	D:\wx_medgold\wx_agmerra_andalusia\agmerra_1429_208_ESP.txt	-2.8750	38.1250	1	4018	12	31	1990	2603.9	0.4	6252.0	6572.3	   138.0	     1.0	197.6	2308.5	414.5	0.000	0.0	0.0	22783.10	120115.69	67447.754	44839.27	5730.16	5264.43	76.29
OliveGIS	30set19	19:26:54	D:\wx_medgold\wx_agmerra_andalusia\agmerra_1429_209_ESP.txt	-2.8750	37.8750	1	4018	12	31	1990	2603.6	0.3	6381.1	6633.3	   139.0	     1.0	187.4	2407.9	403.2	0.000	0.0	0.0	25623.39	146701.63	96269.413	55381.63	6375.08	5418.83	77.70
OliveGIS	30set19	19:27:00	D:\wx_medgold\wx_agmerra_andalusia\agmerra_1429_210_ESP.txt	-2.8750	37.6250	1	4018	12	31	1990	2596.3	0.4	4301.6	4885.6	   141.0	     1.0	256.0	2623.7	322.1	0.000	0.0	0.0	20312.16	119250.44	134093.253	45583.18	5298.83	4090.29	78.32
OliveGIS	30set19	19:27:06	D:\wx_medgold\wx_agmerra_andalusia\agmerra_1429_211_ESP.txt	-2.8750	37.3750	1	4018	12	31	1990	1566.6	43.2	5422.3	8180.7	   182.0	     1.0	818.6	3328.6	345.2	0.000	0.0	0.0	2160.00	21527.74	13785.695	661.51	306.49	467.24	5.50
OliveGIS	30set19	19:27:11	D:\wx_medgold\wx_agmerra_andalusia\agmerra_1429_212_ESP.txt	-2.8750	37.1250	1	4018	12	31	1990	1830.2	15.8	5015.8	6001.1	   172.0	     1.0	574.7	3326.0	383.6	0.000	0.0	0.0	15743.89	107918.49	217845.390	32195.16	3077.08	3098.07	49.06
OliveGIS	30set19	19:27:17	D:\wx_medgold\wx_agmerra_andalusia\agmerra_1429_213_ESP.txt	-2.8750	36.8750	1	4018	12	31	1990	2630.4	0.0	6943.5	7377.3	   109.0	     1.0	70.8	1731.6	358.6	0.000	0.0	0.0	11367.84	60786.07	25380.591	7494.39	3696.09	4605.33	59.58
OliveGIS	30set19	19:27:26	D:\wx_medgold\wx_agmerra_andalusia\agmerra_1430_207_ESP.txt	-2.6250	38.3750	1	4018	12	31	1990	2604.2	0.9	6732.0	6956.9	   142.0	     1.0	240.0	2436.2	398.0	0.000	0.0	0.0	24837.31	154437.11	159481.730	51576.64	6457.20	5357.94	73.33
OliveGIS	30set19	19:27:32	D:\wx_medgold\wx_agmerra_andalusia\agmerra_1430_208_ESP.txt	-2.6250	38.1250	1	4018	12	31	1990	2551.1	3.1	6920.7	7072.1	   144.0	     1.0	332.3	2571.1	465.6	0.000	0.0	0.0	27046.35	165004.90	204898.734	53998.49	6961.53	5525.82	75.26
OliveGIS	30set19	19:27:39	D:\wx_medgold\wx_agmerra_andalusia\agmerra_1430_209_ESP.txt	-2.6250	37.8750	1	4018	12	31	1990	2536.6	1.8	3837.9	4566.0	   145.0	     1.0	304.0	2653.7	404.8	0.000	0.0	0.0	18046.45	104319.74	130477.649	40513.04	4642.71	3673.67	76.94
OliveGIS	30set19	19:27:46	D:\wx_medgold\wx_agmerra_andalusia\agmerra_1430_210_ESP.txt	-2.6250	37.6250	1	4018	12	31	1990	2536.3	1.2	6406.5	6488.4	   143.0	     1.0	285.0	2719.0	322.2	0.000	0.0	0.0	26468.96	155169.48	189288.109	66535.47	6677.04	5173.46	76.71
OliveGIS	30set19	19:27:52	D:\wx_medgold\wx_agmerra_andalusia\agmerra_1430_211_ESP.txt	-2.6250	37.3750	1	4018	12	31	1990	1592.1	32.8	15010.1	22302.6	   181.0	     1.0	765.7	3371.8	323.9	0.000	0.0	0.0	6866.38	64694.47	56079.072	2769.43	1080.52	1504.09	6.50
OliveGIS	30set19	19:27:56	D:\wx_medgold\wx_agmerra_andalusia\agmerra_1430_212_ESP.txt	-2.6250	37.1250	1	4018	12	31	1990	1938.9	8.4	6234.7	6898.4	   166.0	     1.0	481.2	3297.1	318.3	0.000	0.0	0.0	22576.44	155187.64	212229.181	32660.19	4104.57	4002.76	55.78
OliveGIS	30set19	19:28:03	D:\wx_medgold\wx_agmerra_andalusia\agmerra_1430_213_ESP.txt	-2.6250	36.8750	1	4018	12	31	1990	2627.7	0.0	7445.8	7926.1	   103.0	     1.0	47.9	1472.0	284.0	0.000	0.0	0.0	10341.59	55874.73	22742.263	6032.19	3449.51	4557.72	54.85
OliveGIS	30set19	19:28:11	D:\wx_medgold\wx_agmerra_andalusia\agmerra_1431_209_ESP.txt	-2.3750	37.8750	1	4018	12	31	1990	2124.8	8.1	6595.1	6798.9	   159.0	     1.0	464.0	2988.1	393.8	0.000	0.0	0.0	25325.25	162989.13	256183.439	36118.27	4984.13	4531.34	64.58
OliveGIS	30set19	19:28:17	D:\wx_medgold\wx_agmerra_andalusia\agmerra_1431_210_ESP.txt	-2.3750	37.6250	1	4018	12	31	1990	2232.8	4.4	6211.9	6287.1	   154.0	     1.0	393.5	2979.4	371.6	0.000	0.0	0.0	23179.95	132648.24	202267.096	46293.80	4938.76	4418.63	68.13
OliveGIS	30set19	19:28:23	D:\wx_medgold\wx_agmerra_andalusia\agmerra_1431_211_ESP.txt	-2.3750	37.3750	1	4018	12	31	1990	2179.0	4.7	6010.0	6128.1	   156.0	     1.0	396.0	3061.8	271.9	0.000	0.0	0.0	22565.59	131395.47	200702.586	44766.25	4858.07	4286.57	67.70
OliveGIS	30set19	19:28:29	D:\wx_medgold\wx_agmerra_andalusia\agmerra_1431_212_ESP.txt	-2.3750	37.1250	1	4018	12	31	1990	2584.3	0.4	6323.6	6352.9	   140.0	     1.0	191.4	2828.7	296.2	0.000	0.0	0.0	30852.95	177507.38	191714.218	84853.97	7648.80	5463.32	81.14
OliveGIS	30set19	19:28:37	D:\wx_medgold\wx_agmerra_andalusia\agmerra_1431_213_ESP.txt	-2.3750	36.8750	1	4018	12	31	1990	2633.5	0.0	7492.4	8008.3	   102.0	     1.0	39.4	1330.1	191.2	0.000	0.0	0.0	11235.64	61996.50	25299.861	7017.09	3834.73	4844.86	57.65
OliveGIS	30set19	19:28:45	D:\wx_medgold\wx_agmerra_andalusia\agmerra_1432_209_ESP.txt	-2.1250	37.8750	1	4018	12	31	1990	2225.5	4.2	6430.7	6511.7	   154.0	     1.0	392.9	2990.3	384.7	0.000	0.0	0.0	25532.91	147360.71	218955.420	47961.60	5515.27	4713.25	70.17
OliveGIS	30set19	19:28:52	D:\wx_medgold\wx_agmerra_andalusia\agmerra_1432_210_ESP.txt	-2.1250	37.6250	1	4018	12	31	1990	2459.6	1.3	4856.3	5670.2	   145.0	     1.0	288.0	2831.9	373.7	0.000	0.0	0.0	24168.34	137528.96	161941.999	67629.09	5595.95	4454.38	76.01
OliveGIS	30set19	19:28:59	D:\wx_medgold\wx_agmerra_andalusia\agmerra_1432_211_ESP.txt	-2.1250	37.3750	1	4018	12	31	1990	2446.1	1.0	5273.7	6023.8	   145.0	     1.0	263.3	2901.8	275.6	0.000	0.0	0.0	25117.69	140104.22	178872.340	60918.11	5943.68	4742.42	76.17
OliveGIS	30set19	19:29:06	D:\wx_medgold\wx_agmerra_andalusia\agmerra_1432_212_ESP.txt	-2.1250	37.1250	1	4018	12	31	1990	2612.1	0.0	6373.8	6477.9	   127.0	     1.0	64.9	2521.2	255.3	0.000	0.0	0.0	26269.10	135675.64	71799.429	85498.19	6946.77	5593.05	81.63
OliveGIS	30set19	19:29:15	D:\wx_medgold\wx_agmerra_andalusia\agmerra_1432_213_ESP.txt	-2.1250	36.8750	1	4018	12	31	1990	2648.0	0.0	8668.6	9260.2	    93.0	     1.0	15.2	990.2	190.2	0.000	0.0	0.0	11932.76	66526.88	27775.102	8176.73	4237.66	5451.48	56.35
OliveGIS	30set19	19:29:23	D:\wx_medgold\wx_agmerra_andalusia\agmerra_1433_211_ESP.txt	-1.8750	37.3750	1	4018	12	31	1990	2615.3	0.0	6561.0	7028.3	   111.0	     1.0	79.9	1689.7	284.2	0.000	0.0	0.0	11745.85	62333.67	26790.690	11313.25	3778.65	4508.74	61.38
OliveGIS	30set19	19:29:32	D:\wx_medgold\wx_agmerra_andalusia\agmerra_1433_212_ESP.txt	-1.8750	37.1250	1	4018	12	31	1990	2645.6	0.0	8210.2	8689.6	    96.0	     1.0	19.1	1196.6	242.3	0.000	0.0	0.0	14376.75	78109.96	33370.037	9869.99	4863.07	5740.29	62.82
