Model	Date	Time	WxFile	Long	Lat	JdStart	DysToOut	Month	Day	Year	dd	ddbZero	FruWgt	fruNum	Bloomday	BloomYr	DDBSum	ChillHD	PrcpYrSum	TempIncr	ddbMinus10	ddbMinus83	OFEgDays	OFLrDays	OFPuDays	OFAdDays	OfPupSum	DamFrSum	PrcntAtkd
OliveGIS	30set19	19:09:54	D:\wx_medgold\wx_agmerra_andalusia\agmerra_1411_210_ESP.txt	-7.3750	37.6250	1	731	12	31	1981	2643.2	0.1	7543.9	8050.5	    98.0	     1.0	73.5	1933.4	372.8	0.000	0.0	0.0	18998.98	92166.61	38380.271	11627.24	4895.28	5743.23	68.14
OliveGIS	30set19	19:10:03	D:\wx_medgold\wx_agmerra_andalusia\agmerra_1411_211_ESP.txt	-7.3750	37.3750	1	731	12	31	1981	2630.9	0.0	7440.7	7740.4	   101.0	     1.0	79.4	1906.4	309.3	0.000	0.0	0.0	19725.21	94470.71	38970.093	13324.75	4827.67	5635.16	69.70
OliveGIS	30set19	19:10:14	D:\wx_medgold\wx_agmerra_andalusia\agmerra_1412_209_ESP.txt	-7.1250	37.8750	1	731	12	31	1981	2634.3	0.3	7197.4	7623.5	   106.0	     1.0	96.9	2213.4	397.2	0.000	0.0	0.0	23303.83	117468.50	49283.804	22449.17	5421.52	5696.94	71.64
OliveGIS	30set19	19:10:21	D:\wx_medgold\wx_agmerra_andalusia\agmerra_1412_210_ESP.txt	-7.1250	37.6250	1	731	12	31	1981	2633.6	0.2	7568.0	8037.9	    99.0	     1.0	79.1	1957.8	409.8	0.000	0.0	0.0	20210.71	98684.58	42076.754	13949.85	5236.78	5890.47	70.04
OliveGIS	30set19	19:10:28	D:\wx_medgold\wx_agmerra_andalusia\agmerra_1412_211_ESP.txt	-7.1250	37.3750	1	731	12	31	1981	2636.8	0.1	7568.9	7912.7	   101.0	     1.0	85.4	1862.0	316.1	0.000	0.0	0.0	20225.74	98032.79	41435.462	13870.26	5200.83	5859.45	70.62
OliveGIS	30set19	19:10:36	D:\wx_medgold\wx_agmerra_andalusia\agmerra_1413_208_ESP.txt	-6.8750	38.1250	1	731	12	31	1981	2633.2	1.5	6451.5	6846.3	   115.0	     1.0	140.2	2310.1	495.6	0.000	0.0	0.0	21635.99	111605.62	48860.997	29304.71	4946.15	5119.97	71.68
OliveGIS	30set19	19:10:43	D:\wx_medgold\wx_agmerra_andalusia\agmerra_1413_209_ESP.txt	-6.8750	37.8750	1	731	12	31	1981	2627.5	0.6	7358.7	7795.4	   105.0	     1.0	102.2	2163.3	485.0	0.000	0.0	0.0	19746.86	97482.06	38690.726	17414.91	4597.10	5449.01	67.17
OliveGIS	30set19	19:10:51	D:\wx_medgold\wx_agmerra_andalusia\agmerra_1413_210_ESP.txt	-6.8750	37.6250	1	731	12	31	1981	2643.8	0.3	8076.1	8650.0	    97.0	     1.0	80.4	1836.6	500.8	0.000	0.0	0.0	18255.26	90362.34	37334.820	10375.97	4980.02	5959.07	65.65
OliveGIS	30set19	19:10:59	D:\wx_medgold\wx_agmerra_andalusia\agmerra_1413_211_ESP.txt	-6.8750	37.3750	1	731	12	31	1981	2637.3	0.1	7982.1	8448.0	    98.0	     1.0	76.9	1735.5	359.9	0.000	0.0	0.0	18781.25	92318.53	38542.659	10664.00	5079.62	5972.97	67.48
OliveGIS	30set19	19:11:09	D:\wx_medgold\wx_agmerra_andalusia\agmerra_1414_209_ESP.txt	-6.6250	37.8750	1	731	12	31	1981	2630.1	0.9	2730.7	2844.4	   109.0	     1.0	115.8	2266.1	500.2	0.000	0.0	0.0	9831.17	48503.45	21982.808	15411.80	2347.81	2287.28	76.82
OliveGIS	30set19	19:11:17	D:\wx_medgold\wx_agmerra_andalusia\agmerra_1414_210_ESP.txt	-6.6250	37.6250	1	731	12	31	1981	2632.6	0.4	7748.9	8269.1	    99.0	     1.0	87.5	1881.6	506.7	0.000	0.0	0.0	16472.67	81392.35	33045.652	8964.95	4491.24	5518.50	63.78
OliveGIS	30set19	19:11:25	D:\wx_medgold\wx_agmerra_andalusia\agmerra_1414_211_ESP.txt	-6.6250	37.3750	1	731	12	31	1981	2638.9	0.3	7909.8	8431.7	    99.0	     1.0	85.8	1687.0	364.9	0.000	0.0	0.0	18166.78	89741.06	37585.897	10438.19	4974.63	5895.70	66.80
OliveGIS	30set19	19:11:33	D:\wx_medgold\wx_agmerra_andalusia\agmerra_1414_212_ESP.txt	-6.6250	37.1250	1	731	12	31	1981	2635.2	0.0	8218.0	8655.5	    90.0	     1.0	31.4	1716.5	304.7	0.000	0.0	0.0	26894.70	134176.43	64666.419	20372.46	7604.17	6967.11	77.02
OliveGIS	30set19	19:11:41	D:\wx_medgold\wx_agmerra_andalusia\agmerra_1415_209_ESP.txt	-6.3750	37.8750	1	731	12	31	1981	2637.4	1.7	6852.6	7201.7	   113.0	     1.0	138.9	2215.9	407.3	0.000	0.0	0.0	19436.08	99087.25	40465.859	17600.02	4439.71	5078.04	67.35
OliveGIS	30set19	19:11:48	D:\wx_medgold\wx_agmerra_andalusia\agmerra_1415_210_ESP.txt	-6.3750	37.6250	1	731	12	31	1981	2637.7	1.0	7323.9	7855.5	   101.0	     1.0	104.8	1855.8	404.6	0.000	0.0	0.0	13316.48	66488.26	26035.530	6826.68	3702.83	4880.87	59.35
OliveGIS	30set19	19:11:57	D:\wx_medgold\wx_agmerra_andalusia\agmerra_1415_211_ESP.txt	-6.3750	37.3750	1	731	12	31	1981	2636.6	0.1	8331.7	9291.7	    94.0	     1.0	71.6	1372.3	331.4	0.000	0.0	0.0	15713.64	81479.99	33679.749	9175.10	4758.70	5938.50	61.19
OliveGIS	30set19	19:12:05	D:\wx_medgold\wx_agmerra_andalusia\agmerra_1415_212_ESP.txt	-6.3750	37.1250	1	731	12	31	1981	2644.4	0.0	7947.8	8708.2	    86.0	     1.0	34.6	1312.1	292.2	0.000	0.0	0.0	17979.19	91561.09	39456.394	11186.54	5307.87	6123.51	67.25
OliveGIS	30set19	19:12:14	D:\wx_medgold\wx_agmerra_andalusia\agmerra_1415_213_ESP.txt	-6.3750	36.8750	1	731	12	31	1981	2634.7	0.0	8937.4	9397.9	    95.0	     1.0	41.8	1631.7	336.4	0.000	0.0	0.0	26825.34	134831.54	64059.104	19792.14	7808.76	7435.59	75.51
OliveGIS	30set19	19:12:23	D:\wx_medgold\wx_agmerra_andalusia\agmerra_1416_209_ESP.txt	-6.1250	37.8750	1	731	12	31	1981	2636.2	1.8	6877.5	7233.1	   114.0	     1.0	144.6	2179.7	405.4	0.000	0.0	0.0	19596.47	101078.55	42194.774	18584.94	4642.11	5133.46	67.85
OliveGIS	30set19	19:12:30	D:\wx_medgold\wx_agmerra_andalusia\agmerra_1416_210_ESP.txt	-6.1250	37.6250	1	731	12	31	1981	2637.0	1.1	7473.8	8051.0	   100.0	     1.0	108.0	1825.4	390.3	0.000	0.0	0.0	13984.44	70819.78	28330.151	7473.02	3960.30	5103.64	60.43
OliveGIS	30set19	19:12:38	D:\wx_medgold\wx_agmerra_andalusia\agmerra_1416_211_ESP.txt	-6.1250	37.3750	1	731	12	31	1981	2643.2	0.5	8359.5	9408.0	    94.0	     1.0	82.5	1329.8	324.8	0.000	0.0	0.0	13546.94	70738.36	28598.754	7451.54	4098.18	5535.73	56.23
OliveGIS	30set19	19:12:47	D:\wx_medgold\wx_agmerra_andalusia\agmerra_1416_212_ESP.txt	-6.1250	37.1250	1	731	12	31	1981	2640.6	0.1	8007.3	8901.2	    87.0	     1.0	56.7	1250.4	300.6	0.000	0.0	0.0	14296.86	74492.68	31353.881	8228.77	4419.32	5585.42	60.15
OliveGIS	30set19	19:12:57	D:\wx_medgold\wx_agmerra_andalusia\agmerra_1416_213_ESP.txt	-6.1250	36.8750	1	731	12	31	1981	2640.0	0.4	8927.0	9554.9	    95.0	     1.0	74.5	1450.5	354.9	0.000	0.0	0.0	20084.46	103671.07	44872.556	12717.98	6061.37	6785.17	67.59
OliveGIS	30set19	19:13:06	D:\wx_medgold\wx_agmerra_andalusia\agmerra_1416_214_ESP.txt	-6.1250	36.6250	1	731	12	31	1981	2623.7	0.1	9551.4	9880.7	    95.0	     1.0	47.2	1788.3	341.1	0.000	0.0	0.0	26735.57	131395.79	58297.682	16834.66	7295.80	7546.65	73.15
OliveGIS	30set19	19:13:14	D:\wx_medgold\wx_agmerra_andalusia\agmerra_1416_215_ESP.txt	-6.1250	36.3750	1	731	12	31	1981	2628.5	0.6	8804.1	9266.3	    99.0	     1.0	77.3	1591.2	343.5	0.000	0.0	0.0	18164.51	93748.06	39936.578	10786.91	5433.82	6333.60	65.51
OliveGIS	30set19	19:13:24	D:\wx_medgold\wx_agmerra_andalusia\agmerra_1417_208_ESP.txt	-5.8750	38.1250	1	731	12	31	1981	2629.6	3.0	6676.3	7033.2	   124.0	     1.0	189.9	2214.3	374.0	0.000	0.0	0.0	20420.41	106805.97	46236.898	22415.68	4559.00	4994.94	68.14
OliveGIS	30set19	19:13:31	D:\wx_medgold\wx_agmerra_andalusia\agmerra_1417_209_ESP.txt	-5.8750	37.8750	1	731	12	31	1981	2628.5	2.3	6814.1	7229.0	   110.0	     1.0	156.7	2046.7	347.3	0.000	0.0	0.0	13901.19	70719.02	25826.327	9369.61	3236.42	4363.35	57.93
OliveGIS	30set19	19:13:38	D:\wx_medgold\wx_agmerra_andalusia\agmerra_1417_210_ESP.txt	-5.8750	37.6250	1	731	12	31	1981	2653.6	1.5	7639.6	8267.9	   100.0	     1.0	120.0	1756.2	325.9	0.000	0.0	0.0	12848.43	65950.44	25973.150	6590.55	3687.27	4976.74	57.21
OliveGIS	30set19	19:13:46	D:\wx_medgold\wx_agmerra_andalusia\agmerra_1417_211_ESP.txt	-5.8750	37.3750	1	731	12	31	1981	2639.9	0.3	7977.5	9079.2	    87.0	     1.0	74.1	1246.5	279.2	0.000	0.0	0.0	12223.59	64852.00	27084.210	6892.93	3940.57	5221.36	55.09
OliveGIS	30set19	19:13:56	D:\wx_medgold\wx_agmerra_andalusia\agmerra_1417_212_ESP.txt	-5.8750	37.1250	1	731	12	31	1981	2642.9	0.2	8415.9	9400.0	    85.0	     1.0	60.6	1261.4	259.8	0.000	0.0	0.0	14234.04	75448.46	31525.569	8166.34	4522.83	5765.34	58.64
OliveGIS	30set19	19:14:07	D:\wx_medgold\wx_agmerra_andalusia\agmerra_1417_213_ESP.txt	-5.8750	36.8750	1	731	12	31	1981	2632.8	0.3	8702.9	9276.3	    93.0	     1.0	63.6	1598.3	274.2	0.000	0.0	0.0	18178.30	93679.53	39943.486	10673.80	5423.31	6291.32	64.99
OliveGIS	30set19	19:14:16	D:\wx_medgold\wx_agmerra_andalusia\agmerra_1417_214_ESP.txt	-5.8750	36.6250	1	731	12	31	1981	2649.0	0.1	8719.4	9040.7	    90.0	     1.0	38.4	1820.5	324.4	0.000	0.0	0.0	25460.84	125211.00	55936.855	16471.99	6966.74	7058.14	74.18
OliveGIS	30set19	19:14:24	D:\wx_medgold\wx_agmerra_andalusia\agmerra_1417_215_ESP.txt	-5.8750	36.3750	1	731	12	31	1981	2636.0	0.0	8923.7	9063.3	    94.0	     1.0	34.2	2032.1	406.3	0.000	0.0	0.0	31796.39	152182.43	70170.658	22518.81	8182.45	7520.93	79.09
OliveGIS	30set19	19:14:31	D:\wx_medgold\wx_agmerra_andalusia\agmerra_1418_208_ESP.txt	-5.6250	38.1250	1	731	12	31	1981	2628.1	2.9	6953.9	7388.7	   122.0	     1.0	183.7	2143.4	382.1	0.000	0.0	0.0	18306.41	93700.31	38363.343	16013.55	4082.09	4936.41	64.08
OliveGIS	30set19	19:14:39	D:\wx_medgold\wx_agmerra_andalusia\agmerra_1418_209_ESP.txt	-5.6250	37.8750	1	731	12	31	1981	2626.8	2.3	6876.0	7375.9	   108.0	     1.0	152.1	1975.0	348.5	0.000	0.0	0.0	11695.96	58329.12	21784.102	7827.17	3049.60	4294.36	55.97
OliveGIS	30set19	19:14:47	D:\wx_medgold\wx_agmerra_andalusia\agmerra_1418_210_ESP.txt	-5.6250	37.6250	1	731	12	31	1981	2649.0	1.7	7781.0	8467.2	   100.0	     1.0	122.2	1710.9	317.8	0.000	0.0	0.0	13668.46	69150.96	27509.065	7136.14	3871.55	5207.15	58.63
OliveGIS	30set19	19:14:55	D:\wx_medgold\wx_agmerra_andalusia\agmerra_1418_211_ESP.txt	-5.6250	37.3750	1	731	12	31	1981	2652.8	0.5	8257.0	9324.6	    91.0	     1.0	82.6	1361.3	277.3	0.000	0.0	0.0	13431.69	70778.58	28617.438	7371.77	4105.79	5521.04	56.46
OliveGIS	30set19	19:15:04	D:\wx_medgold\wx_agmerra_andalusia\agmerra_1418_212_ESP.txt	-5.6250	37.1250	1	731	12	31	1981	2647.2	0.5	8883.7	9685.4	    93.0	     1.0	75.9	1595.5	274.9	0.000	0.0	0.0	15850.50	83018.28	34242.962	8853.61	4834.30	6063.68	59.74
OliveGIS	30set19	19:15:12	D:\wx_medgold\wx_agmerra_andalusia\agmerra_1418_213_ESP.txt	-5.6250	36.8750	1	731	12	31	1981	2628.2	0.7	7371.4	7626.7	   101.0	     1.0	83.1	1996.0	312.3	0.000	0.0	0.0	17128.55	85021.10	35378.174	10453.34	4626.42	5411.65	67.76
OliveGIS	30set19	19:15:21	D:\wx_medgold\wx_agmerra_andalusia\agmerra_1418_214_ESP.txt	-5.6250	36.6250	1	731	12	31	1981	2622.0	0.1	8271.9	8412.9	    98.0	     1.0	51.3	2163.8	356.1	0.000	0.0	0.0	26236.01	126712.00	54405.151	17267.46	6416.86	6614.58	75.23
OliveGIS	30set19	19:15:28	D:\wx_medgold\wx_agmerra_andalusia\agmerra_1418_215_ESP.txt	-5.6250	36.3750	1	731	12	31	1981	2628.3	0.1	8122.0	8160.8	    99.0	     1.0	43.8	2248.8	487.4	0.000	0.0	0.0	33210.88	162099.35	78190.846	27556.84	8295.21	6997.75	81.83
OliveGIS	30set19	19:15:36	D:\wx_medgold\wx_agmerra_andalusia\agmerra_1418_216_ESP.txt	-5.6250	36.1250	1	731	12	31	1981	2652.2	0.0	8993.3	9051.7	    92.0	     1.0	8.8	2318.8	343.1	0.000	0.0	0.0	47764.47	247198.31	151089.196	65975.26	13613.73	8300.86	86.69
OliveGIS	30set19	19:15:43	D:\wx_medgold\wx_agmerra_andalusia\agmerra_1419_207_ESP.txt	-5.3750	38.3750	1	731	12	31	1981	2621.1	4.1	6422.7	6824.2	   132.0	     1.0	230.3	2267.3	341.9	0.000	0.0	0.0	20272.31	106730.77	49521.390	19469.96	4513.45	4850.63	68.27
OliveGIS	30set19	19:15:50	D:\wx_medgold\wx_agmerra_andalusia\agmerra_1419_208_ESP.txt	-5.3750	38.1250	1	731	12	31	1981	2621.2	3.1	6768.3	7210.0	   123.0	     1.0	194.9	2133.2	373.9	0.000	0.0	0.0	17481.87	90204.92	36790.059	14657.86	3921.16	4748.21	63.27
OliveGIS	30set19	19:15:58	D:\wx_medgold\wx_agmerra_andalusia\agmerra_1419_209_ESP.txt	-5.3750	37.8750	1	731	12	31	1981	2639.7	1.2	7932.5	8738.7	   101.0	     1.0	128.6	1721.6	348.2	0.000	0.0	0.0	12566.28	64398.66	25392.189	6644.07	3650.54	5090.49	55.56
OliveGIS	30set19	19:16:06	D:\wx_medgold\wx_agmerra_andalusia\agmerra_1419_210_ESP.txt	-5.3750	37.6250	1	731	12	31	1981	2632.5	1.0	8729.4	9709.1	    95.0	     1.0	106.9	1501.7	308.7	0.000	0.0	0.0	13750.36	72333.24	29011.159	7227.81	4233.83	5602.69	55.33
OliveGIS	30set19	19:16:15	D:\wx_medgold\wx_agmerra_andalusia\agmerra_1419_211_ESP.txt	-5.3750	37.3750	1	731	12	31	1981	2641.4	0.6	8790.0	9687.7	    93.0	     1.0	90.0	1482.3	282.0	0.000	0.0	0.0	15182.03	79380.01	32212.323	8116.86	4612.38	5901.76	58.41
OliveGIS	30set19	19:16:24	D:\wx_medgold\wx_agmerra_andalusia\agmerra_1419_212_ESP.txt	-5.3750	37.1250	1	731	12	31	1981	2631.4	0.8	7741.4	8144.6	    99.0	     1.0	93.4	1899.0	294.0	0.000	0.0	0.0	15555.03	77423.68	31340.520	8255.87	4306.09	5362.54	63.13
OliveGIS	30set19	19:16:32	D:\wx_medgold\wx_agmerra_andalusia\agmerra_1419_213_ESP.txt	-5.3750	36.8750	1	731	12	31	1981	2618.0	3.4	6562.7	6509.7	   135.0	     1.0	168.0	2887.2	302.7	0.000	0.0	0.0	36185.62	195796.82	141763.737	66845.88	7466.69	5639.35	81.22
OliveGIS	30set19	19:16:40	D:\wx_medgold\wx_agmerra_andalusia\agmerra_1419_214_ESP.txt	-5.3750	36.6250	1	731	12	31	1981	2619.2	1.4	6082.1	6043.4	   127.0	     1.0	123.8	3094.3	338.3	0.000	0.0	0.0	38673.38	198061.57	154929.336	113361.67	7925.89	5530.94	85.14
OliveGIS	30set19	19:16:47	D:\wx_medgold\wx_agmerra_andalusia\agmerra_1419_215_ESP.txt	-5.3750	36.3750	1	731	12	31	1981	2641.0	0.1	8519.7	8567.3	    98.0	     1.0	43.0	2153.7	375.2	0.000	0.0	0.0	34441.79	168954.78	83055.149	29380.49	8945.50	7365.46	81.96
OliveGIS	30set19	19:16:55	D:\wx_medgold\wx_agmerra_andalusia\agmerra_1420_206_ESP.txt	-5.1250	38.6250	1	731	12	31	1981	2621.6	1.8	6266.1	6792.9	   126.0	     1.0	198.7	2195.8	415.2	0.000	0.0	0.0	17353.44	88820.42	38700.558	19017.45	3846.97	4591.92	64.92
OliveGIS	30set19	19:17:02	D:\wx_medgold\wx_agmerra_andalusia\agmerra_1420_207_ESP.txt	-5.1250	38.3750	1	731	12	31	1981	2618.3	3.9	6462.3	6825.0	   134.0	     1.0	233.8	2333.4	352.3	0.000	0.0	0.0	22410.00	118430.09	57808.456	23207.44	5014.08	5057.54	71.05
OliveGIS	30set19	19:17:10	D:\wx_medgold\wx_agmerra_andalusia\agmerra_1420_208_ESP.txt	-5.1250	38.1250	1	731	12	31	1981	2624.7	3.2	6798.7	7273.6	   124.0	     1.0	194.5	2130.8	374.9	0.000	0.0	0.0	17083.50	88241.31	35301.109	12814.72	3771.86	4665.82	61.69
OliveGIS	30set19	19:17:18	D:\wx_medgold\wx_agmerra_andalusia\agmerra_1420_209_ESP.txt	-5.1250	37.8750	1	731	12	31	1981	2627.1	1.3	7755.4	8614.7	   101.0	     1.0	130.0	1717.1	337.5	0.000	0.0	0.0	13050.24	67209.39	27458.034	7250.18	3884.74	5164.96	57.44
OliveGIS	30set19	19:17:27	D:\wx_medgold\wx_agmerra_andalusia\agmerra_1420_210_ESP.txt	-5.1250	37.6250	1	731	12	31	1981	2635.0	1.1	8344.3	9289.9	    97.0	     1.0	111.8	1593.0	301.0	0.000	0.0	0.0	14062.08	73958.40	30169.516	7735.57	4340.08	5586.63	57.55
OliveGIS	30set19	19:17:36	D:\wx_medgold\wx_agmerra_andalusia\agmerra_1420_211_ESP.txt	-5.1250	37.3750	1	731	12	31	1981	2650.6	0.7	8512.9	9357.9	    96.0	     1.0	95.8	1574.8	278.8	0.000	0.0	0.0	15306.19	79986.76	32799.270	8549.41	4643.08	5874.99	59.78
OliveGIS	30set19	19:17:44	D:\wx_medgold\wx_agmerra_andalusia\agmerra_1420_212_ESP.txt	-5.1250	37.1250	1	731	12	31	1981	2625.8	0.9	7499.2	7869.0	   100.0	     1.0	99.3	1948.9	289.9	0.000	0.0	0.0	16308.50	80392.89	32688.792	8933.32	4394.00	5379.91	65.46
OliveGIS	30set19	19:17:53	D:\wx_medgold\wx_agmerra_andalusia\agmerra_1420_213_ESP.txt	-5.1250	36.8750	1	731	12	31	1981	2616.1	2.6	6261.0	6210.3	   135.0	     1.0	161.6	2883.5	295.5	0.000	0.0	0.0	35108.02	190701.76	144712.600	78487.73	7343.43	5421.89	81.88
OliveGIS	30set19	19:18:00	D:\wx_medgold\wx_agmerra_andalusia\agmerra_1420_214_ESP.txt	-5.1250	36.6250	1	731	12	31	1981	2622.4	0.2	5939.1	5902.7	   124.0	     1.0	83.1	3069.2	322.8	0.000	0.0	0.0	39435.20	204923.33	146550.368	132847.80	8700.71	5531.95	87.13
OliveGIS	30set19	19:18:08	D:\wx_medgold\wx_agmerra_andalusia\agmerra_1421_206_ESP.txt	-4.8750	38.6250	1	731	12	31	1981	2618.4	1.6	6112.0	6613.1	   126.0	     1.0	197.3	2184.1	438.3	0.000	0.0	0.0	17679.82	90914.79	37948.117	21132.16	3867.80	4535.42	65.91
OliveGIS	30set19	19:18:16	D:\wx_medgold\wx_agmerra_andalusia\agmerra_1421_207_ESP.txt	-4.8750	38.3750	1	731	12	31	1981	2615.7	5.2	7029.0	7270.3	   141.0	     1.0	278.0	2512.8	358.0	0.000	0.0	0.0	31602.96	182509.60	130101.552	43592.92	6808.85	5629.38	73.72
OliveGIS	30set19	19:18:23	D:\wx_medgold\wx_agmerra_andalusia\agmerra_1421_208_ESP.txt	-4.8750	38.1250	1	731	12	31	1981	2619.2	4.2	6847.2	7193.9	   128.0	     1.0	223.2	2263.8	354.3	0.000	0.0	0.0	22612.09	120071.32	55053.793	22091.10	5104.50	5240.81	69.90
OliveGIS	30set19	19:18:31	D:\wx_medgold\wx_agmerra_andalusia\agmerra_1421_209_ESP.txt	-4.8750	37.8750	1	731	12	31	1981	2621.7	1.8	7441.8	8048.2	   105.0	     1.0	150.1	1863.9	377.4	0.000	0.0	0.0	12231.37	60822.70	23029.341	6072.57	3309.32	4664.74	55.61
OliveGIS	30set19	19:18:41	D:\wx_medgold\wx_agmerra_andalusia\agmerra_1421_210_ESP.txt	-4.8750	37.6250	1	731	12	31	1981	2629.7	1.5	7294.2	7863.3	   103.0	     1.0	133.9	1833.0	345.4	0.000	0.0	0.0	12413.00	62665.34	24585.220	6302.84	3523.55	4719.86	57.49
OliveGIS	30set19	19:18:50	D:\wx_medgold\wx_agmerra_andalusia\agmerra_1421_211_ESP.txt	-4.8750	37.3750	1	731	12	31	1981	2626.1	1.1	7296.6	7649.5	   104.0	     1.0	125.5	2048.3	311.8	0.000	0.0	0.0	16271.23	80512.52	30686.984	8791.59	4006.06	5061.97	63.53
OliveGIS	30set19	19:18:59	D:\wx_medgold\wx_agmerra_andalusia\agmerra_1421_212_ESP.txt	-4.8750	37.1250	1	731	12	31	1981	2626.3	1.3	7208.0	7324.1	   109.0	     1.0	128.0	2312.8	321.1	0.000	0.0	0.0	24258.46	131062.20	60033.103	17520.91	5805.89	5489.85	71.87
OliveGIS	30set19	19:19:08	D:\wx_medgold\wx_agmerra_andalusia\agmerra_1421_213_ESP.txt	-4.8750	36.8750	1	731	12	31	1981	2634.1	1.3	7313.7	7320.2	   111.0	     1.0	121.1	2363.6	315.1	0.000	0.0	0.0	26803.58	143936.64	72056.379	23952.18	6564.59	5759.63	75.07
OliveGIS	30set19	19:19:17	D:\wx_medgold\wx_agmerra_andalusia\agmerra_1421_214_ESP.txt	-4.8750	36.6250	1	731	12	31	1981	2634.0	0.0	8107.7	8152.9	    99.0	     1.0	38.9	2370.4	317.5	0.000	0.0	0.0	38394.01	189750.16	97970.167	36745.08	9532.13	7203.29	84.23
OliveGIS	30set19	19:19:25	D:\wx_medgold\wx_agmerra_andalusia\agmerra_1422_207_ESP.txt	-4.6250	38.3750	1	731	12	31	1981	2614.2	5.6	6786.0	6993.7	   143.0	     1.0	289.5	2567.6	362.6	0.000	0.0	0.0	29965.46	175626.18	148699.102	45284.09	6671.13	5329.39	72.48
OliveGIS	30set19	19:19:33	D:\wx_medgold\wx_agmerra_andalusia\agmerra_1422_208_ESP.txt	-4.6250	38.1250	1	731	12	31	1981	2626.6	4.4	6838.9	7194.3	   129.0	     1.0	225.5	2266.8	337.9	0.000	0.0	0.0	22941.62	123588.21	57395.821	19478.08	5189.74	5228.31	69.63
OliveGIS	30set19	19:19:42	D:\wx_medgold\wx_agmerra_andalusia\agmerra_1422_209_ESP.txt	-4.6250	37.8750	1	731	12	31	1981	2621.6	1.9	7391.4	8024.6	   106.0	     1.0	154.7	1877.5	360.2	0.000	0.0	0.0	12037.90	59816.38	21937.406	5806.41	3171.05	4558.90	54.59
OliveGIS	30set19	19:19:52	D:\wx_medgold\wx_agmerra_andalusia\agmerra_1422_210_ESP.txt	-4.6250	37.6250	1	731	12	31	1981	2617.9	1.7	7402.6	7953.5	   105.0	     1.0	144.2	1957.9	341.4	0.000	0.0	0.0	12243.79	60931.30	22120.631	5794.49	3169.45	4551.54	55.00
OliveGIS	30set19	19:20:02	D:\wx_medgold\wx_agmerra_andalusia\agmerra_1422_211_ESP.txt	-4.6250	37.3750	1	731	12	31	1981	2623.8	1.3	6840.2	7150.5	   108.0	     1.0	135.8	2160.8	310.0	0.000	0.0	0.0	17984.80	94339.84	38088.092	12968.54	4267.71	4842.14	65.13
OliveGIS	30set19	19:20:11	D:\wx_medgold\wx_agmerra_andalusia\agmerra_1422_212_ESP.txt	-4.6250	37.1250	1	731	12	31	1981	2624.5	1.4	7311.4	7433.4	   110.0	     1.0	133.7	2313.1	321.5	0.000	0.0	0.0	24420.17	132388.52	62458.052	21401.78	5886.00	5573.74	71.76
OliveGIS	30set19	19:20:21	D:\wx_medgold\wx_agmerra_andalusia\agmerra_1422_213_ESP.txt	-4.6250	36.8750	1	731	12	31	1981	2638.6	0.8	7451.2	7478.1	   110.0	     1.0	111.3	2319.6	309.1	0.000	0.0	0.0	26678.40	139635.01	65410.136	21117.68	6411.84	5896.23	75.27
OliveGIS	30set19	19:20:30	D:\wx_medgold\wx_agmerra_andalusia\agmerra_1422_214_ESP.txt	-4.6250	36.6250	1	731	12	31	1981	2637.0	0.0	9130.9	9237.3	    94.0	     1.0	20.7	2224.9	271.1	0.000	0.0	0.0	43679.82	214187.94	115740.633	45367.95	11391.81	8215.13	84.76
OliveGIS	30set19	19:20:38	D:\wx_medgold\wx_agmerra_andalusia\agmerra_1423_208_ESP.txt	-4.3750	38.1250	1	731	12	31	1981	2616.5	3.3	6402.0	6781.3	   127.0	     1.0	216.5	2216.4	356.0	0.000	0.0	0.0	20773.67	111820.93	54452.120	19260.41	4763.59	4887.79	69.20
OliveGIS	30set19	19:20:47	D:\wx_medgold\wx_agmerra_andalusia\agmerra_1423_209_ESP.txt	-4.3750	37.8750	1	731	12	31	1981	2629.0	0.8	7476.1	8399.3	   101.0	     1.0	127.2	1661.6	400.6	0.000	0.0	0.0	12635.42	65226.78	26589.596	6862.43	3793.61	5037.47	57.23
OliveGIS	30set19	19:20:58	D:\wx_medgold\wx_agmerra_andalusia\agmerra_1423_210_ESP.txt	-4.3750	37.6250	1	731	12	31	1981	2629.8	0.9	7111.1	7791.4	   103.0	     1.0	125.9	1873.0	385.9	0.000	0.0	0.0	12602.09	64519.77	25637.830	6686.87	3648.67	4786.22	58.60
OliveGIS	30set19	19:21:07	D:\wx_medgold\wx_agmerra_andalusia\agmerra_1423_211_ESP.txt	-4.3750	37.3750	1	731	12	31	1981	2624.4	2.5	6925.7	7220.4	   118.0	     1.0	164.5	2200.9	369.2	0.000	0.0	0.0	21243.69	111404.81	48426.159	16440.86	4673.61	5095.72	67.80
OliveGIS	30set19	19:21:16	D:\wx_medgold\wx_agmerra_andalusia\agmerra_1423_212_ESP.txt	-4.3750	37.1250	1	731	12	31	1981	2626.4	2.2	7132.2	7298.7	   116.0	     1.0	150.7	2219.5	372.8	0.000	0.0	0.0	21396.86	113839.20	48890.528	15646.46	4799.58	5115.84	67.39
OliveGIS	30set19	19:21:25	D:\wx_medgold\wx_agmerra_andalusia\agmerra_1423_213_ESP.txt	-4.3750	36.8750	1	731	12	31	1981	2632.8	1.4	7367.9	7426.0	   111.0	     1.0	134.1	2211.2	322.6	0.000	0.0	0.0	23227.46	121233.98	51210.260	16185.31	5331.41	5481.23	70.74
OliveGIS	30set19	19:21:35	D:\wx_medgold\wx_agmerra_andalusia\agmerra_1424_207_ESP.txt	-4.1250	38.3750	1	731	12	31	1981	2617.3	5.2	7227.8	7506.9	   141.0	     1.0	278.8	2477.1	362.9	0.000	0.0	0.0	32096.80	188690.53	131991.394	42282.23	6856.15	5746.35	72.95
OliveGIS	30set19	19:21:43	D:\wx_medgold\wx_agmerra_andalusia\agmerra_1424_208_ESP.txt	-4.1250	38.1250	1	731	12	31	1981	2619.9	3.9	6679.2	7056.3	   129.0	     1.0	226.4	2250.3	335.7	0.000	0.0	0.0	21843.53	118083.77	57403.982	19897.98	4966.54	5083.25	69.13
OliveGIS	30set19	19:21:52	D:\wx_medgold\wx_agmerra_andalusia\agmerra_1424_209_ESP.txt	-4.1250	37.8750	1	731	12	31	1981	2627.5	1.1	7233.4	8014.0	   104.0	     1.0	139.9	1795.0	380.4	0.000	0.0	0.0	11641.89	59731.30	23157.182	5832.21	3337.07	4613.11	55.16
OliveGIS	30set19	19:22:01	D:\wx_medgold\wx_agmerra_andalusia\agmerra_1424_210_ESP.txt	-4.1250	37.6250	1	731	12	31	1981	2620.1	1.4	6901.6	7403.5	   110.0	     1.0	149.2	2077.9	382.7	0.000	0.0	0.0	15241.57	79853.94	29146.266	8650.44	3554.86	4608.30	59.76
OliveGIS	30set19	19:22:09	D:\wx_medgold\wx_agmerra_andalusia\agmerra_1424_211_ESP.txt	-4.1250	37.3750	1	731	12	31	1981	2622.9	3.4	6718.9	6907.2	   127.0	     1.0	190.9	2415.3	364.3	0.000	0.0	0.0	25507.00	135697.55	68363.212	30112.21	5692.78	5395.97	74.61
OliveGIS	30set19	19:22:17	D:\wx_medgold\wx_agmerra_andalusia\agmerra_1424_212_ESP.txt	-4.1250	37.1250	1	731	12	31	1981	2635.6	2.6	7081.7	7221.2	   122.0	     1.0	163.5	2307.2	354.1	0.000	0.0	0.0	23636.34	126697.96	60147.361	22278.15	5526.00	5397.64	71.29
OliveGIS	30set19	19:22:29	D:\wx_medgold\wx_agmerra_andalusia\agmerra_1424_213_ESP.txt	-4.1250	36.8750	1	731	12	31	1981	2630.6	1.2	7079.2	7119.1	   116.0	     1.0	134.0	2285.5	306.9	0.000	0.0	0.0	24569.87	128680.07	58955.150	19998.51	5867.11	5522.09	74.25
OliveGIS	30set19	19:22:38	D:\wx_medgold\wx_agmerra_andalusia\agmerra_1425_207_ESP.txt	-3.8750	38.3750	1	731	12	31	1981	2627.8	3.3	6550.1	7009.1	   132.0	     1.0	222.3	2194.8	404.5	0.000	0.0	0.0	22266.92	122905.65	60844.396	23752.36	5275.46	5144.14	70.31
OliveGIS	30set19	19:22:48	D:\wx_medgold\wx_agmerra_andalusia\agmerra_1425_208_ESP.txt	-3.8750	38.1250	1	731	12	31	1981	2626.3	2.6	6489.3	7077.0	   121.0	     1.0	187.8	1996.3	373.3	0.000	0.0	0.0	13813.58	73557.89	26862.020	9283.48	3210.16	4221.99	57.27
OliveGIS	30set19	19:22:56	D:\wx_medgold\wx_agmerra_andalusia\agmerra_1425_209_ESP.txt	-3.8750	37.8750	1	731	12	31	1981	2635.3	1.7	7055.6	8111.0	   104.0	     1.0	145.9	1629.6	419.6	0.000	0.0	0.0	11002.28	57064.51	22860.603	5791.24	3322.50	4597.13	54.13
OliveGIS	30set19	19:23:06	D:\wx_medgold\wx_agmerra_andalusia\agmerra_1425_210_ESP.txt	-3.8750	37.6250	1	731	12	31	1981	2622.8	2.3	6635.9	7280.1	   119.0	     1.0	164.5	2013.1	428.6	0.000	0.0	0.0	13089.43	65524.85	23381.965	7319.75	3048.59	4248.54	56.13
OliveGIS	30set19	19:23:16	D:\wx_medgold\wx_agmerra_andalusia\agmerra_1425_211_ESP.txt	-3.8750	37.3750	1	731	12	31	1981	2624.3	6.5	7275.9	7538.4	   133.0	     1.0	226.7	2317.6	323.4	0.000	0.0	0.0	26768.49	141664.37	71869.845	26838.27	5826.93	5779.74	73.32
OliveGIS	30set19	19:23:24	D:\wx_medgold\wx_agmerra_andalusia\agmerra_1425_212_ESP.txt	-3.8750	37.1250	1	731	12	31	1981	2624.1	4.8	7451.8	7726.8	   123.0	     1.0	188.9	2149.9	328.5	0.000	0.0	0.0	20771.15	107856.12	47055.847	14240.23	4358.13	5160.91	64.06
OliveGIS	30set19	19:23:34	D:\wx_medgold\wx_agmerra_andalusia\agmerra_1425_213_ESP.txt	-3.8750	36.8750	1	731	12	31	1981	2628.8	2.4	7577.7	7926.6	   114.0	     1.0	151.2	1900.8	354.3	0.000	0.0	0.0	13446.10	66311.11	24393.635	6375.24	3351.35	4732.93	57.32
OliveGIS	30set19	19:23:44	D:\wx_medgold\wx_agmerra_andalusia\agmerra_1426_207_ESP.txt	-3.6250	38.3750	1	731	12	31	1981	2615.2	3.9	6538.1	6915.9	   134.0	     1.0	232.5	2250.7	383.4	0.000	0.0	0.0	24238.37	132708.15	67812.087	29365.64	5690.48	5293.25	73.43
OliveGIS	30set19	19:23:52	D:\wx_medgold\wx_agmerra_andalusia\agmerra_1426_208_ESP.txt	-3.6250	38.1250	1	731	12	31	1981	2619.5	3.1	6906.3	7393.4	   125.0	     1.0	200.9	2124.5	340.1	0.000	0.0	0.0	19127.67	101281.54	44370.831	16279.44	4341.40	4951.83	64.44
OliveGIS	30set19	19:24:01	D:\wx_medgold\wx_agmerra_andalusia\agmerra_1426_209_ESP.txt	-3.6250	37.8750	1	731	12	31	1981	2629.9	2.3	6859.8	7660.4	   109.0	     1.0	162.6	1782.4	403.4	0.000	0.0	0.0	9831.41	49403.16	18200.340	4691.51	2735.98	4067.51	50.80
OliveGIS	30set19	19:24:11	D:\wx_medgold\wx_agmerra_andalusia\agmerra_1426_210_ESP.txt	-3.6250	37.6250	1	731	12	31	1981	2622.9	3.3	6689.5	7113.7	   127.0	     1.0	193.9	2204.8	405.7	0.000	0.0	0.0	21079.92	110900.36	50626.635	21993.93	4713.78	5137.03	69.31
OliveGIS	30set19	19:24:19	D:\wx_medgold\wx_agmerra_andalusia\agmerra_1426_211_ESP.txt	-3.6250	37.3750	1	731	12	31	1981	2614.7	8.8	7041.5	7166.7	   139.0	     1.0	277.0	2499.2	324.5	0.000	0.0	0.0	29319.03	170419.97	147549.240	47594.88	6697.38	5614.35	74.05
OliveGIS	30set19	19:24:27	D:\wx_medgold\wx_agmerra_andalusia\agmerra_1426_212_ESP.txt	-3.6250	37.1250	1	731	12	31	1981	2628.2	6.0	7167.2	7319.4	   129.0	     1.0	217.3	2303.9	384.3	0.000	0.0	0.0	27108.93	143762.35	71109.636	28120.85	5966.05	5681.09	74.15
OliveGIS	30set19	19:24:35	D:\wx_medgold\wx_agmerra_andalusia\agmerra_1426_213_ESP.txt	-3.6250	36.8750	1	731	12	31	1981	2625.4	2.9	7080.1	7318.9	   121.0	     1.0	166.9	2038.4	356.6	0.000	0.0	0.0	16600.16	81305.79	31064.968	10968.24	3710.17	4818.30	63.17
OliveGIS	30set19	19:24:46	D:\wx_medgold\wx_agmerra_andalusia\agmerra_1427_207_ESP.txt	-3.3750	38.3750	1	731	12	31	1981	2616.8	3.6	6661.1	7162.3	   125.0	     1.0	211.9	2110.9	409.5	0.000	0.0	0.0	19454.75	101742.45	46132.183	16979.62	4322.00	4892.80	65.73
OliveGIS	30set19	19:24:55	D:\wx_medgold\wx_agmerra_andalusia\agmerra_1427_208_ESP.txt	-3.3750	38.1250	1	731	12	31	1981	2629.5	3.1	6594.4	7148.5	   119.0	     1.0	186.4	1980.6	373.8	0.000	0.0	0.0	14687.19	79496.43	29963.425	9928.63	3534.91	4443.93	59.68
OliveGIS	30set19	19:25:06	D:\wx_medgold\wx_agmerra_andalusia\agmerra_1427_209_ESP.txt	-3.3750	37.8750	1	731	12	31	1981	2628.1	3.0	6966.3	7589.6	   112.0	     1.0	171.4	1919.6	368.3	0.000	0.0	0.0	14179.82	70169.71	25975.412	7987.62	3437.60	4696.89	59.40
OliveGIS	30set19	19:25:15	D:\wx_medgold\wx_agmerra_andalusia\agmerra_1427_210_ESP.txt	-3.3750	37.6250	1	731	12	31	1981	2626.2	4.3	6662.2	6929.4	   134.0	     1.0	216.9	2386.1	372.0	0.000	0.0	0.0	27845.35	154571.23	79254.735	42128.09	6203.10	5503.77	75.95
OliveGIS	30set19	19:25:23	D:\wx_medgold\wx_agmerra_andalusia\agmerra_1427_211_ESP.txt	-3.3750	37.3750	1	731	12	31	1981	1926.9	29.7	820.9	947.1	   162.0	     1.0	579.9	3103.9	207.9	0.000	0.0	0.0	3943.66	29188.90	28745.984	4106.47	618.90	580.14	57.87
OliveGIS	30set19	19:25:28	D:\wx_medgold\wx_agmerra_andalusia\agmerra_1427_212_ESP.txt	-3.3750	37.1250	1	731	12	31	1981	2112.8	18.6	3246.2	3437.1	   158.0	     1.0	471.3	3010.0	577.8	0.000	0.0	0.0	14028.92	100939.26	112439.839	13501.68	2636.32	2191.49	61.71
OliveGIS	30set19	19:25:36	D:\wx_medgold\wx_agmerra_andalusia\agmerra_1427_213_ESP.txt	-3.3750	36.8750	1	731	12	31	1981	2543.3	8.7	7526.5	7569.5	   146.0	     1.0	333.9	2631.1	537.9	0.000	0.0	0.0	27649.97	170014.03	199721.186	44009.06	6118.90	5239.46	67.04
OliveGIS	30set19	19:25:44	D:\wx_medgold\wx_agmerra_andalusia\agmerra_1428_207_ESP.txt	-3.1250	38.3750	1	731	12	31	1981	2620.0	4.8	6558.8	6827.1	   135.0	     1.0	244.3	2327.6	394.3	0.000	0.0	0.0	26733.44	151664.39	78322.153	34335.97	5981.51	5391.47	75.29
OliveGIS	30set19	19:25:52	D:\wx_medgold\wx_agmerra_andalusia\agmerra_1428_208_ESP.txt	-3.1250	38.1250	1	731	12	31	1981	2619.2	4.4	6957.3	7233.5	   132.0	     1.0	220.5	2289.1	381.4	0.000	0.0	0.0	26058.12	136643.04	70816.582	33561.15	5944.83	5678.78	75.14
OliveGIS	30set19	19:26:01	D:\wx_medgold\wx_agmerra_andalusia\agmerra_1428_209_ESP.txt	-3.1250	37.8750	1	731	12	31	1981	2619.6	4.0	6852.4	7157.3	   126.0	     1.0	200.8	2200.0	358.7	0.000	0.0	0.0	23322.74	124306.60	60024.704	25848.54	5396.99	5392.64	72.34
OliveGIS	30set19	19:26:09	D:\wx_medgold\wx_agmerra_andalusia\agmerra_1428_210_ESP.txt	-3.1250	37.6250	1	731	12	31	1981	2622.9	5.0	6693.7	6820.7	   137.0	     1.0	239.1	2496.0	353.8	0.000	0.0	0.0	29956.79	167019.10	130654.082	59587.02	6571.68	5552.38	76.89
OliveGIS	30set19	19:26:16	D:\wx_medgold\wx_agmerra_andalusia\agmerra_1428_211_ESP.txt	-3.1250	37.3750	1	731	12	31	1981	1899.4	28.9	814.7	961.5	   162.0	     1.0	573.6	3138.2	209.2	0.000	0.0	0.0	3814.53	28955.38	27775.824	3619.38	560.75	567.61	55.76
OliveGIS	30set19	19:26:22	D:\wx_medgold\wx_agmerra_andalusia\agmerra_1428_212_ESP.txt	-3.1250	37.1250	1	731	12	31	1981	2153.7	14.0	5354.6	5609.9	   156.0	     1.0	427.3	2996.7	398.6	0.000	0.0	0.0	23972.75	163358.80	178698.564	19629.84	4479.26	3601.61	62.54
OliveGIS	30set19	19:26:29	D:\wx_medgold\wx_agmerra_andalusia\agmerra_1428_213_ESP.txt	-3.1250	36.8750	1	731	12	31	1981	2602.3	6.5	7209.0	7214.5	   143.0	     1.0	296.5	2585.8	353.6	0.000	0.0	0.0	30608.01	179002.18	198077.898	52260.17	6678.45	5541.38	72.89
OliveGIS	30set19	19:26:37	D:\wx_medgold\wx_agmerra_andalusia\agmerra_1429_207_ESP.txt	-2.8750	38.3750	1	731	12	31	1981	2561.8	12.6	7530.0	7721.2	   143.0	     1.0	368.9	2568.0	368.8	0.000	0.0	0.0	29727.09	176189.03	186565.197	32500.94	6413.90	5543.43	69.20
OliveGIS	30set19	19:26:45	D:\wx_medgold\wx_agmerra_andalusia\agmerra_1429_208_ESP.txt	-2.8750	38.1250	1	731	12	31	1981	2550.1	11.3	7358.7	7515.8	   143.0	     1.0	356.1	2585.1	398.0	0.000	0.0	0.0	30248.19	181601.73	199714.034	39926.44	6705.75	5562.31	71.26
OliveGIS	30set19	19:26:52	D:\wx_medgold\wx_agmerra_andalusia\agmerra_1429_209_ESP.txt	-2.8750	37.8750	1	731	12	31	1981	2464.3	8.1	7402.7	7542.6	   145.0	     1.0	336.3	2747.7	405.3	0.000	0.0	0.0	28082.32	177939.90	202976.934	54067.98	6093.51	5210.04	67.33
OliveGIS	30set19	19:26:58	D:\wx_medgold\wx_agmerra_andalusia\agmerra_1429_210_ESP.txt	-2.8750	37.6250	1	731	12	31	1981	2381.2	8.2	7331.5	7495.6	   148.0	     1.0	354.0	2850.6	310.0	0.000	0.0	0.0	24097.52	158457.35	183216.075	34589.17	5149.57	4634.33	60.45
OliveGIS	30set19	19:27:05	D:\wx_medgold\wx_agmerra_andalusia\agmerra_1429_211_ESP.txt	-2.8750	37.3750	1	731	12	31	1981	1330.0	79.1	0.3	0.4	   186.0	     1.0	909.8	3476.7	295.0	0.000	0.0	0.2	3.15	17.73	52.798	80.74	0.55	0.21	89.34
OliveGIS	30set19	19:27:10	D:\wx_medgold\wx_agmerra_andalusia\agmerra_1429_212_ESP.txt	-2.8750	37.1250	1	731	12	31	1981	1596.1	33.0	111.3	173.1	   169.0	     1.0	655.2	3476.6	313.4	0.000	0.0	0.0	1094.49	7644.23	13931.210	2749.29	140.15	107.93	54.10
OliveGIS	30set19	19:27:15	D:\wx_medgold\wx_agmerra_andalusia\agmerra_1429_213_ESP.txt	-2.8750	36.8750	1	731	12	31	1981	2638.2	1.5	7362.7	7464.5	   117.0	     1.0	130.1	2121.7	285.8	0.000	0.0	0.0	22365.90	112024.35	46004.354	16245.95	5109.73	5581.98	71.46
OliveGIS	30set19	19:27:24	D:\wx_medgold\wx_agmerra_andalusia\agmerra_1430_207_ESP.txt	-2.6250	38.3750	1	731	12	31	1981	2386.9	15.8	8409.7	8614.7	   148.0	     1.0	407.9	2749.8	375.7	0.000	0.0	0.0	25275.80	179324.04	198597.717	17865.30	5778.27	5082.39	58.04
OliveGIS	30set19	19:27:31	D:\wx_medgold\wx_agmerra_andalusia\agmerra_1430_208_ESP.txt	-2.6250	38.1250	1	731	12	31	1981	2323.7	14.9	9376.7	9585.8	   149.0	     1.0	410.7	2809.4	443.2	0.000	0.0	0.0	24309.95	173770.76	179087.003	15512.79	5217.79	4978.63	51.06
OliveGIS	30set19	19:27:37	D:\wx_medgold\wx_agmerra_andalusia\agmerra_1430_209_ESP.txt	-2.6250	37.8750	1	731	12	31	1981	2278.7	10.0	7534.2	7773.2	   150.0	     1.0	377.4	2943.6	415.7	0.000	0.0	0.0	32093.70	198638.24	216128.030	32360.61	6424.21	5375.91	67.58
OliveGIS	30set19	19:27:44	D:\wx_medgold\wx_agmerra_andalusia\agmerra_1430_210_ESP.txt	-2.6250	37.6250	1	731	12	31	1981	2331.2	8.5	7272.2	7470.0	   148.0	     1.0	357.6	2888.7	314.3	0.000	0.0	0.0	26610.68	167214.12	187346.330	31069.62	5373.20	4822.18	63.09
OliveGIS	30set19	19:27:50	D:\wx_medgold\wx_agmerra_andalusia\agmerra_1430_211_ESP.txt	-2.6250	37.3750	1	731	12	31	1981	1351.9	67.2	0.6	0.7	   183.0	     1.0	851.3	3558.8	268.0	0.000	0.0	0.1	6.72	38.49	132.933	127.07	1.18	0.40	86.46
OliveGIS	30set19	19:27:55	D:\wx_medgold\wx_agmerra_andalusia\agmerra_1430_212_ESP.txt	-2.6250	37.1250	1	731	12	31	1981	1675.7	20.6	1552.5	2263.2	   166.0	     1.0	561.2	3529.4	257.9	0.000	0.0	0.0	10648.82	82911.00	71996.144	10953.36	1423.13	1359.02	56.54
OliveGIS	30set19	19:28:00	D:\wx_medgold\wx_agmerra_andalusia\agmerra_1430_213_ESP.txt	-2.6250	36.8750	1	731	12	31	1981	2634.7	0.7	7486.1	7600.6	   106.0	     1.0	101.6	1987.1	219.2	0.000	0.0	0.0	19850.97	95369.03	38564.655	11815.57	4703.82	5549.97	69.87
OliveGIS	30set19	19:28:10	D:\wx_medgold\wx_agmerra_andalusia\agmerra_1431_209_ESP.txt	-2.3750	37.8750	1	731	12	31	1981	1872.6	20.8	1810.3	2187.9	   161.0	     1.0	524.2	3308.5	326.4	0.000	0.0	0.0	9548.85	70264.92	58490.832	8271.85	1560.28	1399.03	61.48
OliveGIS	30set19	19:28:15	D:\wx_medgold\wx_agmerra_andalusia\agmerra_1431_210_ESP.txt	-2.3750	37.6250	1	731	12	31	1981	2011.7	14.1	6291.4	7019.7	   158.0	     1.0	451.6	3181.7	299.4	0.000	0.0	0.0	33678.19	227326.39	200208.004	28073.11	5591.31	4700.62	65.10
OliveGIS	30set19	19:28:21	D:\wx_medgold\wx_agmerra_andalusia\agmerra_1431_211_ESP.txt	-2.3750	37.3750	1	731	12	31	1981	1933.6	13.3	5653.1	6629.4	   160.0	     1.0	453.2	3332.7	202.7	0.000	0.0	0.0	34643.46	232392.77	212785.916	30735.76	5798.80	4566.36	66.54
OliveGIS	30set19	19:28:27	D:\wx_medgold\wx_agmerra_andalusia\agmerra_1431_212_ESP.txt	-2.3750	37.1250	1	731	12	31	1981	2299.4	3.3	6637.6	6829.0	   146.0	     1.0	244.6	3181.6	216.5	0.000	0.0	0.0	40508.30	226487.76	246511.197	94053.04	8105.42	5643.12	79.95
OliveGIS	30set19	19:28:34	D:\wx_medgold\wx_agmerra_andalusia\agmerra_1431_213_ESP.txt	-2.3750	36.8750	1	731	12	31	1981	2628.4	0.6	7635.2	7728.6	   108.0	     1.0	96.4	1928.1	148.0	0.000	0.0	0.0	19210.91	92309.46	37876.365	11263.81	4723.22	5588.74	69.33
OliveGIS	30set19	19:28:44	D:\wx_medgold\wx_agmerra_andalusia\agmerra_1432_209_ESP.txt	-2.1250	37.8750	1	731	12	31	1981	1981.2	14.8	6313.6	7146.4	   158.0	     1.0	454.0	3221.7	312.1	0.000	0.0	0.0	29305.54	222404.76	141342.611	18237.73	4647.11	4167.36	57.14
OliveGIS	30set19	19:28:50	D:\wx_medgold\wx_agmerra_andalusia\agmerra_1432_210_ESP.txt	-2.1250	37.6250	1	731	12	31	1981	2228.5	8.2	7325.4	7647.5	   149.0	     1.0	347.8	3032.1	294.3	0.000	0.0	0.0	39831.10	227348.54	236395.831	45656.60	7518.25	5802.62	74.13
OliveGIS	30set19	19:28:57	D:\wx_medgold\wx_agmerra_andalusia\agmerra_1432_211_ESP.txt	-2.1250	37.3750	1	731	12	31	1981	2172.1	6.3	7492.7	7928.0	   151.0	     1.0	322.2	3203.7	207.5	0.000	0.0	0.0	44619.39	254155.81	269025.055	70434.98	8563.73	6209.94	76.15
OliveGIS	30set19	19:29:04	D:\wx_medgold\wx_agmerra_andalusia\agmerra_1432_212_ESP.txt	-2.1250	37.1250	1	731	12	31	1981	2526.8	0.5	6363.7	6404.1	   136.0	     1.0	143.0	3087.2	188.7	0.000	0.0	0.0	39380.84	215146.50	205186.291	112477.63	9072.93	5657.60	84.81
OliveGIS	30set19	19:29:13	D:\wx_medgold\wx_agmerra_andalusia\agmerra_1432_213_ESP.txt	-2.1250	36.8750	1	731	12	31	1981	2630.2	0.0	8233.4	8360.5	   101.0	     1.0	56.8	1714.9	149.3	0.000	0.0	0.0	23821.90	115073.59	50920.245	15348.80	6303.01	6545.25	74.63
OliveGIS	30set19	19:29:21	D:\wx_medgold\wx_agmerra_andalusia\agmerra_1433_211_ESP.txt	-1.8750	37.3750	1	731	12	31	1981	2634.1	2.5	7139.5	7217.5	   122.0	     1.0	155.0	2136.1	193.9	0.000	0.0	0.0	26538.64	131975.87	61357.785	24254.73	6371.41	5899.88	78.06
OliveGIS	30set19	19:29:30	D:\wx_medgold\wx_agmerra_andalusia\agmerra_1433_212_ESP.txt	-1.8750	37.1250	1	731	12	31	1981	2633.1	0.1	7510.0	7569.6	   105.0	     1.0	63.5	1987.6	163.0	0.000	0.0	0.0	23839.09	115519.70	51893.275	17014.16	6095.77	6060.58	76.48
