Model	Date	Time	WxFile	Long	Lat	JdStart	DysToOut	Month	Day	Year	dd	ddbZero	FruWgt	fruNum	Bloomday	BloomYr	DDBSum	ChillHD	PrcpYrSum	TempIncr	ddbMinus10	ddbMinus83	OFEgDays	OFLrDays	OFPuDays	OFAdDays	OfPupSum	DamFrSum	PrcntAtkd
OliveGIS	30set19	19:09:56	D:\wx_medgold\wx_agmerra_andalusia\agmerra_1411_210_ESP.txt	-7.3750	37.6250	1	2922	12	31	1987	2630.3	0.2	9009.8	9261.4	   105.0	     1.0	72.0	1836.0	745.2	0.000	0.0	0.0	26233.97	128966.78	57528.337	37798.93	7069.23	7205.93	74.10
OliveGIS	30set19	19:10:05	D:\wx_medgold\wx_agmerra_andalusia\agmerra_1411_211_ESP.txt	-7.3750	37.3750	1	2922	12	31	1987	2626.1	0.0	9380.4	9503.9	   103.0	     1.0	63.2	1830.9	746.4	0.000	0.0	0.0	28214.80	140026.24	65229.732	34766.89	7760.19	7512.87	75.41
OliveGIS	30set19	19:10:15	D:\wx_medgold\wx_agmerra_andalusia\agmerra_1412_209_ESP.txt	-7.1250	37.8750	1	2922	12	31	1987	2622.1	0.5	7374.3	7616.8	   113.0	     1.0	97.8	2143.3	798.7	0.000	0.0	0.0	28959.25	132743.34	60501.963	67037.03	6927.96	6531.87	80.27
OliveGIS	30set19	19:10:22	D:\wx_medgold\wx_agmerra_andalusia\agmerra_1412_210_ESP.txt	-7.1250	37.6250	1	2922	12	31	1987	2637.7	0.2	8530.2	8763.5	   108.0	     1.0	78.8	1892.7	824.8	0.000	0.0	0.0	27335.36	132490.00	59844.929	38128.90	7216.88	7085.77	76.45
OliveGIS	30set19	19:10:30	D:\wx_medgold\wx_agmerra_andalusia\agmerra_1412_211_ESP.txt	-7.1250	37.3750	1	2922	12	31	1987	2629.5	0.1	8990.9	9117.0	   104.0	     1.0	69.2	1821.3	761.5	0.000	0.0	0.0	26422.80	131942.35	61418.406	35696.98	7364.20	7174.33	74.91
OliveGIS	30set19	19:10:37	D:\wx_medgold\wx_agmerra_andalusia\agmerra_1413_208_ESP.txt	-6.8750	38.1250	1	2922	12	31	1987	2617.5	1.4	7033.8	7250.1	   118.0	     1.0	129.1	2327.3	809.0	0.000	0.0	0.0	28393.72	132254.38	61716.890	61362.66	6572.19	6170.60	80.00
OliveGIS	30set19	19:10:44	D:\wx_medgold\wx_agmerra_andalusia\agmerra_1413_209_ESP.txt	-6.8750	37.8750	1	2922	12	31	1987	2611.5	0.3	7604.9	7858.6	   111.0	     1.0	94.5	2076.2	941.8	0.000	0.0	0.0	26830.50	123727.73	54715.744	56145.80	6517.17	6504.92	78.03
OliveGIS	30set19	19:10:52	D:\wx_medgold\wx_agmerra_andalusia\agmerra_1413_210_ESP.txt	-6.8750	37.6250	1	2922	12	31	1987	2624.8	0.1	8872.7	9126.5	   104.0	     1.0	72.5	1764.0	994.7	0.000	0.0	0.0	22247.83	112583.09	49813.625	19975.41	6311.57	6701.75	70.21
OliveGIS	30set19	19:11:00	D:\wx_medgold\wx_agmerra_andalusia\agmerra_1413_211_ESP.txt	-6.8750	37.3750	1	2922	12	31	1987	2639.0	0.0	9445.1	9608.9	   102.0	     1.0	61.9	1669.7	817.7	0.000	0.0	0.0	22752.43	115579.31	51372.172	16155.18	6534.44	7015.32	69.55
OliveGIS	30set19	19:11:11	D:\wx_medgold\wx_agmerra_andalusia\agmerra_1414_209_ESP.txt	-6.6250	37.8750	1	2922	12	31	1987	2626.6	0.6	7547.9	7757.8	   115.0	     1.0	109.0	2212.6	984.2	0.000	0.0	0.0	29142.91	134660.30	60691.665	78604.30	6973.28	6617.58	79.92
OliveGIS	30set19	19:11:18	D:\wx_medgold\wx_agmerra_andalusia\agmerra_1414_210_ESP.txt	-6.6250	37.6250	1	2922	12	31	1987	2631.7	0.2	9092.9	9344.5	   107.0	     1.0	80.4	1858.7	987.3	0.000	0.0	0.0	25546.03	126163.84	56278.661	29711.60	7018.08	7217.43	73.51
OliveGIS	30set19	19:11:26	D:\wx_medgold\wx_agmerra_andalusia\agmerra_1414_211_ESP.txt	-6.6250	37.3750	1	2922	12	31	1987	2635.5	0.1	9519.1	9715.9	   104.0	     1.0	70.5	1650.6	813.0	0.000	0.0	0.0	20467.98	104735.96	44974.190	13632.93	5903.41	6709.40	65.95
OliveGIS	30set19	19:11:35	D:\wx_medgold\wx_agmerra_andalusia\agmerra_1414_212_ESP.txt	-6.6250	37.1250	1	2922	12	31	1987	2653.4	0.0	9516.3	9669.8	    91.0	     1.0	24.6	1506.2	706.4	0.000	0.0	0.0	30530.59	154218.91	75167.156	25751.56	8878.88	7851.55	77.26
OliveGIS	30set19	19:11:42	D:\wx_medgold\wx_agmerra_andalusia\agmerra_1415_209_ESP.txt	-6.3750	37.8750	1	2922	12	31	1987	2616.9	1.2	7501.6	7714.0	   116.0	     1.0	122.7	2219.9	907.5	0.000	0.0	0.0	27086.23	125463.14	55804.835	53480.80	6540.23	6450.39	78.62
OliveGIS	30set19	19:11:50	D:\wx_medgold\wx_agmerra_andalusia\agmerra_1415_210_ESP.txt	-6.3750	37.6250	1	2922	12	31	1987	2617.6	0.3	8747.6	9028.2	   108.0	     1.0	90.3	1888.2	887.0	0.000	0.0	0.0	18777.47	95309.21	40270.230	13820.89	5323.89	6155.14	65.36
OliveGIS	30set19	19:11:58	D:\wx_medgold\wx_agmerra_andalusia\agmerra_1415_211_ESP.txt	-6.3750	37.3750	1	2922	12	31	1987	2637.5	0.0	9106.6	9443.8	   100.0	     1.0	61.0	1450.4	836.6	0.000	0.0	0.0	17645.21	90903.99	36309.054	10281.73	5211.90	6208.71	63.04
OliveGIS	30set19	19:12:07	D:\wx_medgold\wx_agmerra_andalusia\agmerra_1415_212_ESP.txt	-6.3750	37.1250	1	2922	12	31	1987	2647.8	0.0	9871.9	10194.2	    88.0	     1.0	28.6	1251.9	779.1	0.000	0.0	0.0	24653.57	121905.06	50444.732	15945.66	6778.06	7531.91	70.64
OliveGIS	30set19	19:12:16	D:\wx_medgold\wx_agmerra_andalusia\agmerra_1415_213_ESP.txt	-6.3750	36.8750	1	2922	12	31	1987	2643.3	0.0	9403.5	9531.6	    95.0	     1.0	28.2	1456.1	743.6	0.000	0.0	0.0	28349.77	143655.54	70383.633	23912.51	8415.02	7633.93	76.29
OliveGIS	30set19	19:12:24	D:\wx_medgold\wx_agmerra_andalusia\agmerra_1416_209_ESP.txt	-6.1250	37.8750	1	2922	12	31	1987	2614.2	1.5	7574.8	7786.1	   116.0	     1.0	129.0	2192.2	881.3	0.000	0.0	0.0	26204.71	121896.80	53922.623	46076.90	6367.27	6403.08	77.64
OliveGIS	30set19	19:12:32	D:\wx_medgold\wx_agmerra_andalusia\agmerra_1416_210_ESP.txt	-6.1250	37.6250	1	2922	12	31	1987	2632.7	0.5	8738.6	9020.0	   108.0	     1.0	93.8	1831.0	832.7	0.000	0.0	0.0	17914.24	91905.04	38597.208	12457.33	5157.78	6055.24	64.01
OliveGIS	30set19	19:12:40	D:\wx_medgold\wx_agmerra_andalusia\agmerra_1416_211_ESP.txt	-6.1250	37.3750	1	2922	12	31	1987	2633.5	0.3	9279.1	9652.4	   101.0	     1.0	71.3	1388.3	786.7	0.000	0.0	0.0	16172.35	82789.40	31278.820	8824.75	4664.25	5974.52	59.40
OliveGIS	30set19	19:12:49	D:\wx_medgold\wx_agmerra_andalusia\agmerra_1416_212_ESP.txt	-6.1250	37.1250	1	2922	12	31	1987	2635.1	0.0	9181.3	9518.7	    92.0	     1.0	47.4	1198.6	772.2	0.000	0.0	0.0	20456.10	101945.15	41479.816	12980.59	5702.40	6684.51	67.53
OliveGIS	30set19	19:12:58	D:\wx_medgold\wx_agmerra_andalusia\agmerra_1416_213_ESP.txt	-6.1250	36.8750	1	2922	12	31	1987	2623.7	0.1	8886.1	9047.2	    97.0	     1.0	53.6	1345.2	741.0	0.000	0.0	0.0	22450.20	112809.14	49696.473	15204.14	6521.32	6753.70	71.53
OliveGIS	30set19	19:13:07	D:\wx_medgold\wx_agmerra_andalusia\agmerra_1416_214_ESP.txt	-6.1250	36.6250	1	2922	12	31	1987	2635.6	0.0	9210.6	9282.0	    96.0	     1.0	33.9	1629.5	704.7	0.000	0.0	0.0	29646.90	147131.22	72623.940	28504.05	8455.64	7592.02	77.71
OliveGIS	30set19	19:13:16	D:\wx_medgold\wx_agmerra_andalusia\agmerra_1416_215_ESP.txt	-6.1250	36.3750	1	2922	12	31	1987	2623.1	0.0	9484.2	9574.8	   100.0	     1.0	49.1	1675.3	584.2	0.000	0.0	0.0	23333.91	114367.41	49587.129	15821.01	6377.51	7060.50	70.55
OliveGIS	30set19	19:13:25	D:\wx_medgold\wx_agmerra_andalusia\agmerra_1417_208_ESP.txt	-5.8750	38.1250	1	2922	12	31	1987	2611.7	3.5	6977.2	7204.3	   121.0	     1.0	166.0	2211.1	766.8	0.000	0.0	0.0	23705.75	114458.32	51550.203	35725.90	5757.44	5821.91	76.61
OliveGIS	30set19	19:13:32	D:\wx_medgold\wx_agmerra_andalusia\agmerra_1417_209_ESP.txt	-5.8750	37.8750	1	2922	12	31	1987	2620.0	1.7	8050.9	8326.0	   115.0	     1.0	131.0	2066.9	848.4	0.000	0.0	0.0	22245.12	106596.40	46263.136	26487.32	5760.33	6316.51	72.19
OliveGIS	30set19	19:13:40	D:\wx_medgold\wx_agmerra_andalusia\agmerra_1417_210_ESP.txt	-5.8750	37.6250	1	2922	12	31	1987	2627.9	0.6	9204.8	9551.6	   107.0	     1.0	97.0	1761.6	760.1	0.000	0.0	0.0	14649.24	75817.46	29912.040	7714.42	4250.61	5571.83	55.81
OliveGIS	30set19	19:13:48	D:\wx_medgold\wx_agmerra_andalusia\agmerra_1417_211_ESP.txt	-5.8750	37.3750	1	2922	12	31	1987	2640.3	0.3	8572.2	8937.0	    97.0	     1.0	67.9	1271.4	767.6	0.000	0.0	0.0	14981.38	76499.95	28897.437	8901.00	4270.10	5605.27	59.99
OliveGIS	30set19	19:13:58	D:\wx_medgold\wx_agmerra_andalusia\agmerra_1417_212_ESP.txt	-5.8750	37.1250	1	2922	12	31	1987	2640.6	0.1	8875.9	9226.8	    92.0	     1.0	54.7	1209.6	750.4	0.000	0.0	0.0	16898.09	85240.34	34064.522	10347.60	4814.22	6067.86	63.04
OliveGIS	30set19	19:14:09	D:\wx_medgold\wx_agmerra_andalusia\agmerra_1417_213_ESP.txt	-5.8750	36.8750	1	2922	12	31	1987	2636.9	0.2	9149.3	9319.9	    98.0	     1.0	54.9	1444.7	702.3	0.000	0.0	0.0	20993.21	106314.85	45762.966	13244.74	6129.22	6701.41	68.79
OliveGIS	30set19	19:14:17	D:\wx_medgold\wx_agmerra_andalusia\agmerra_1417_214_ESP.txt	-5.8750	36.6250	1	2922	12	31	1987	2648.8	0.0	9503.5	9599.3	    95.0	     1.0	34.5	1597.0	830.4	0.000	0.0	0.0	25025.72	122993.61	54322.654	18586.32	6882.79	7283.08	72.12
OliveGIS	30set19	19:14:25	D:\wx_medgold\wx_agmerra_andalusia\agmerra_1417_215_ESP.txt	-5.8750	36.3750	1	2922	12	31	1987	2640.6	0.0	9610.1	9612.2	    96.0	     1.0	24.5	1828.9	833.6	0.000	0.0	0.0	35183.52	167583.66	81321.828	34002.53	9182.36	8091.08	80.23
OliveGIS	30set19	19:14:33	D:\wx_medgold\wx_agmerra_andalusia\agmerra_1418_208_ESP.txt	-5.6250	38.1250	1	2922	12	31	1987	2614.4	3.6	7154.4	7425.4	   120.0	     1.0	164.1	2109.2	772.2	0.000	0.0	0.0	21116.34	100641.86	44544.218	33254.69	5364.30	5766.53	73.76
OliveGIS	30set19	19:14:40	D:\wx_medgold\wx_agmerra_andalusia\agmerra_1418_209_ESP.txt	-5.6250	37.8750	1	2922	12	31	1987	2612.8	1.8	7994.4	8309.5	   113.0	     1.0	129.6	1948.1	822.5	0.000	0.0	0.0	19271.06	94813.43	40820.197	20664.95	5314.91	6003.15	69.01
OliveGIS	30set19	19:14:48	D:\wx_medgold\wx_agmerra_andalusia\agmerra_1418_210_ESP.txt	-5.6250	37.6250	1	2922	12	31	1987	2632.5	0.7	8932.2	9265.5	   106.0	     1.0	99.3	1689.6	742.4	0.000	0.0	0.0	14583.34	76253.30	30281.671	7870.03	4294.98	5528.26	56.98
OliveGIS	30set19	19:14:57	D:\wx_medgold\wx_agmerra_andalusia\agmerra_1418_211_ESP.txt	-5.6250	37.3750	1	2922	12	31	1987	2626.5	0.4	8925.6	9295.6	    99.0	     1.0	75.6	1371.7	766.2	0.000	0.0	0.0	14892.81	76728.75	28734.692	8303.16	4328.93	5666.00	58.61
OliveGIS	30set19	19:15:06	D:\wx_medgold\wx_agmerra_andalusia\agmerra_1418_212_ESP.txt	-5.6250	37.1250	1	2922	12	31	1987	2642.6	0.3	9762.9	10079.1	   101.0	     1.0	69.2	1576.0	764.9	0.000	0.0	0.0	17656.25	92134.66	37498.383	9864.46	5311.43	6474.30	61.38
OliveGIS	30set19	19:15:14	D:\wx_medgold\wx_agmerra_andalusia\agmerra_1418_213_ESP.txt	-5.6250	36.8750	1	2922	12	31	1987	2636.2	0.4	9080.7	9184.8	   107.0	     1.0	73.2	1878.7	748.0	0.000	0.0	0.0	22242.32	111600.30	48500.079	17705.86	6248.60	6795.47	70.21
OliveGIS	30set19	19:15:22	D:\wx_medgold\wx_agmerra_andalusia\agmerra_1418_214_ESP.txt	-5.6250	36.6250	1	2922	12	31	1987	2633.7	0.1	9403.3	9479.8	   102.0	     1.0	46.1	1969.7	908.9	0.000	0.0	0.0	28544.14	136239.31	60613.165	29123.79	7388.80	7546.81	75.62
OliveGIS	30set19	19:15:30	D:\wx_medgold\wx_agmerra_andalusia\agmerra_1418_215_ESP.txt	-5.6250	36.3750	1	2922	12	31	1987	2644.1	0.0	9042.7	9047.0	   100.0	     1.0	31.5	2073.8	1027.0	0.000	0.0	0.0	36321.26	171410.33	83174.805	46690.87	9155.06	7851.53	82.01
OliveGIS	30set19	19:15:37	D:\wx_medgold\wx_agmerra_andalusia\agmerra_1418_216_ESP.txt	-5.6250	36.1250	1	2922	12	31	1987	2651.2	0.0	9510.7	9541.4	    91.0	     1.0	6.0	2006.7	747.3	0.000	0.0	0.0	48363.87	248683.78	153901.200	91335.06	14213.19	8698.36	86.20
OliveGIS	30set19	19:15:44	D:\wx_medgold\wx_agmerra_andalusia\agmerra_1419_207_ESP.txt	-5.3750	38.3750	1	2922	12	31	1987	2609.3	5.7	6861.9	7109.9	   125.0	     1.0	199.0	2191.8	658.8	0.000	0.0	0.0	23199.17	114212.78	52335.859	34829.97	5721.69	5704.61	76.14
OliveGIS	30set19	19:15:51	D:\wx_medgold\wx_agmerra_andalusia\agmerra_1419_208_ESP.txt	-5.3750	38.1250	1	2922	12	31	1987	2615.3	4.1	7236.7	7553.7	   120.0	     1.0	170.4	2054.6	699.0	0.000	0.0	0.0	20272.21	97213.44	42586.616	29769.88	5233.78	5742.20	72.28
OliveGIS	30set19	19:16:00	D:\wx_medgold\wx_agmerra_andalusia\agmerra_1419_209_ESP.txt	-5.3750	37.8750	1	2922	12	31	1987	2632.1	0.6	8991.3	9506.1	   108.0	     1.0	103.5	1561.6	805.1	0.000	0.0	0.0	12490.75	66165.26	25008.673	6482.65	3774.80	5162.07	51.79
OliveGIS	30set19	19:16:08	D:\wx_medgold\wx_agmerra_andalusia\agmerra_1419_210_ESP.txt	-5.3750	37.6250	1	2922	12	31	1987	2636.2	0.3	8807.2	9255.4	    99.0	     1.0	80.8	1360.0	717.5	0.000	0.0	0.0	13926.43	71695.76	26070.167	7509.45	3948.87	5439.51	56.39
OliveGIS	30set19	19:16:17	D:\wx_medgold\wx_agmerra_andalusia\agmerra_1419_211_ESP.txt	-5.3750	37.3750	1	2922	12	31	1987	2635.9	0.3	8802.2	9133.0	    99.0	     1.0	76.2	1393.9	699.2	0.000	0.0	0.0	15549.41	80598.93	31229.902	8789.46	4593.11	5778.49	60.68
OliveGIS	30set19	19:16:26	D:\wx_medgold\wx_agmerra_andalusia\agmerra_1419_212_ESP.txt	-5.3750	37.1250	1	2922	12	31	1987	2633.8	0.4	9050.8	9275.1	   105.0	     1.0	79.3	1808.4	746.2	0.000	0.0	0.0	18893.97	97571.94	41418.654	13703.18	5515.24	6383.96	65.61
OliveGIS	30set19	19:16:33	D:\wx_medgold\wx_agmerra_andalusia\agmerra_1419_213_ESP.txt	-5.3750	36.8750	1	2922	12	31	1987	2581.0	2.4	6274.5	6278.6	   128.0	     1.0	177.8	2815.6	734.1	0.000	0.0	0.0	30605.96	162819.12	188824.460	108603.99	6607.45	5308.27	79.76
OliveGIS	30set19	19:16:41	D:\wx_medgold\wx_agmerra_andalusia\agmerra_1419_214_ESP.txt	-5.3750	36.6250	1	2922	12	31	1987	2614.5	0.7	6223.8	6229.2	   121.0	     1.0	114.6	2881.7	837.3	0.000	0.0	0.0	35233.18	182870.39	167787.218	116806.88	7885.47	5663.36	83.85
OliveGIS	30set19	19:16:49	D:\wx_medgold\wx_agmerra_andalusia\agmerra_1419_215_ESP.txt	-5.3750	36.3750	1	2922	12	31	1987	2651.4	0.0	9213.5	9232.5	   101.0	     1.0	34.3	1991.1	881.4	0.000	0.0	0.0	36325.51	174104.18	85205.651	39157.16	9517.27	7963.22	81.89
OliveGIS	30set19	19:16:56	D:\wx_medgold\wx_agmerra_andalusia\agmerra_1420_206_ESP.txt	-5.1250	38.6250	1	2922	12	31	1987	2620.9	4.0	6892.3	7210.6	   123.0	     1.0	181.5	2089.0	618.0	0.000	0.0	0.0	21184.63	103454.75	47583.706	38142.93	5580.47	5715.42	75.01
OliveGIS	30set19	19:17:03	D:\wx_medgold\wx_agmerra_andalusia\agmerra_1420_207_ESP.txt	-5.1250	38.3750	1	2922	12	31	1987	2606.3	5.8	6903.2	7133.7	   127.0	     1.0	205.2	2227.2	686.9	0.000	0.0	0.0	24698.42	127211.55	65017.890	40265.11	6090.50	5750.04	76.39
OliveGIS	30set19	19:17:11	D:\wx_medgold\wx_agmerra_andalusia\agmerra_1420_208_ESP.txt	-5.1250	38.1250	1	2922	12	31	1987	2606.9	4.2	7321.7	7659.8	   119.0	     1.0	170.8	1996.6	709.6	0.000	0.0	0.0	18882.13	90758.34	39840.853	24882.85	5006.57	5666.88	70.47
OliveGIS	30set19	19:17:20	D:\wx_medgold\wx_agmerra_andalusia\agmerra_1420_209_ESP.txt	-5.1250	37.8750	1	2922	12	31	1987	2634.1	0.7	9015.0	9534.5	   108.0	     1.0	105.0	1522.2	780.5	0.000	0.0	0.0	12210.16	65077.69	24330.260	6311.67	3750.33	5119.73	51.24
OliveGIS	30set19	19:17:28	D:\wx_medgold\wx_agmerra_andalusia\agmerra_1420_210_ESP.txt	-5.1250	37.6250	1	2922	12	31	1987	2628.4	0.3	8886.8	9337.0	   102.0	     1.0	85.3	1409.2	701.5	0.000	0.0	0.0	13429.11	69385.84	25000.987	6977.82	3858.71	5336.44	54.94
OliveGIS	30set19	19:17:37	D:\wx_medgold\wx_agmerra_andalusia\agmerra_1420_211_ESP.txt	-5.1250	37.3750	1	2922	12	31	1987	2639.7	0.4	9078.6	9397.2	   102.0	     1.0	81.6	1447.9	709.3	0.000	0.0	0.0	15629.37	82704.27	32737.858	8825.34	4797.49	5927.50	60.19
OliveGIS	30set19	19:17:46	D:\wx_medgold\wx_agmerra_andalusia\agmerra_1420_212_ESP.txt	-5.1250	37.1250	1	2922	12	31	1987	2622.9	0.4	9181.7	9406.0	   107.0	     1.0	84.2	1804.1	743.3	0.000	0.0	0.0	18257.02	94583.61	39803.696	12604.91	5366.34	6304.30	64.22
OliveGIS	30set19	19:17:54	D:\wx_medgold\wx_agmerra_andalusia\agmerra_1420_213_ESP.txt	-5.1250	36.8750	1	2922	12	31	1987	2605.7	2.1	6505.3	6440.4	   127.0	     1.0	171.4	2759.8	739.5	0.000	0.0	0.0	32515.75	175335.70	203790.280	137373.55	7035.86	5553.47	80.55
OliveGIS	30set19	19:18:02	D:\wx_medgold\wx_agmerra_andalusia\agmerra_1420_214_ESP.txt	-5.1250	36.6250	1	2922	12	31	1987	2620.4	0.2	6531.1	6531.7	   118.0	     1.0	72.9	2803.7	783.5	0.000	0.0	0.0	40184.53	203412.67	149114.239	170317.29	8968.42	6122.87	86.33
OliveGIS	30set19	19:18:10	D:\wx_medgold\wx_agmerra_andalusia\agmerra_1421_206_ESP.txt	-4.8750	38.6250	1	2922	12	31	1987	2610.3	4.2	6936.0	7284.2	   122.0	     1.0	179.7	2032.0	650.4	0.000	0.0	0.0	19942.27	96515.59	44026.131	43756.72	5313.30	5632.29	73.44
OliveGIS	30set19	19:18:17	D:\wx_medgold\wx_agmerra_andalusia\agmerra_1421_207_ESP.txt	-4.8750	38.3750	1	2922	12	31	1987	2603.3	8.2	6712.0	6872.6	   131.0	     1.0	239.1	2400.0	688.3	0.000	0.0	0.0	26752.45	147746.43	160621.798	62757.74	6656.02	5619.80	76.90
OliveGIS	30set19	19:18:25	D:\wx_medgold\wx_agmerra_andalusia\agmerra_1421_208_ESP.txt	-4.8750	38.1250	1	2922	12	31	1987	2602.4	6.1	7082.0	7343.5	   121.0	     1.0	191.7	2118.9	619.8	0.000	0.0	0.0	21052.18	101975.12	45133.345	26617.88	5361.67	5710.00	73.81
OliveGIS	30set19	19:18:33	D:\wx_medgold\wx_agmerra_andalusia\agmerra_1421_209_ESP.txt	-4.8750	37.8750	1	2922	12	31	1987	2627.6	1.3	9243.1	9765.6	   110.0	     1.0	115.5	1592.9	782.1	0.000	0.0	0.0	13624.10	72105.95	28085.795	7392.94	4122.50	5496.29	53.82
OliveGIS	30set19	19:18:43	D:\wx_medgold\wx_agmerra_andalusia\agmerra_1421_210_ESP.txt	-4.8750	37.6250	1	2922	12	31	1987	2634.2	0.7	8881.9	9291.3	   106.0	     1.0	99.0	1564.1	703.0	0.000	0.0	0.0	14285.27	75612.62	29549.915	7713.05	4350.04	5572.59	57.27
OliveGIS	30set19	19:18:52	D:\wx_medgold\wx_agmerra_andalusia\agmerra_1421_211_ESP.txt	-4.8750	37.3750	1	2922	12	31	1987	2620.1	0.9	8786.9	9036.5	   110.0	     1.0	103.4	1847.0	638.0	0.000	0.0	0.0	19466.78	99230.66	42466.009	18399.19	5622.64	6356.69	67.27
OliveGIS	30set19	19:19:01	D:\wx_medgold\wx_agmerra_andalusia\agmerra_1421_212_ESP.txt	-4.8750	37.1250	1	2922	12	31	1987	2621.8	0.8	8663.3	8797.0	   112.0	     1.0	103.2	2095.6	653.7	0.000	0.0	0.0	26987.23	126421.96	54931.210	33086.36	6701.56	7070.12	75.68
OliveGIS	30set19	19:19:10	D:\wx_medgold\wx_agmerra_andalusia\agmerra_1421_213_ESP.txt	-4.8750	36.8750	1	2922	12	31	1987	2628.9	0.6	7935.4	7953.5	   113.0	     1.0	94.1	2180.8	592.3	0.000	0.0	0.0	27956.32	131972.63	57802.425	61031.07	6774.16	6653.85	78.59
OliveGIS	30set19	19:19:19	D:\wx_medgold\wx_agmerra_andalusia\agmerra_1421_214_ESP.txt	-4.8750	36.6250	1	2922	12	31	1987	2644.8	0.0	8866.1	8922.4	   101.0	     1.0	29.8	2073.1	626.6	0.000	0.0	0.0	32778.61	152045.95	69395.251	33160.15	7999.06	7535.58	80.22
OliveGIS	30set19	19:19:26	D:\wx_medgold\wx_agmerra_andalusia\agmerra_1422_207_ESP.txt	-4.6250	38.3750	1	2922	12	31	1987	2602.2	8.5	6786.5	6936.5	   132.0	     1.0	247.8	2424.2	687.4	0.000	0.0	0.0	27408.33	152665.17	164282.128	57684.01	6584.58	5614.15	75.87
OliveGIS	30set19	19:19:35	D:\wx_medgold\wx_agmerra_andalusia\agmerra_1422_208_ESP.txt	-4.6250	38.1250	1	2922	12	31	1987	2605.7	6.3	7084.2	7354.6	   121.0	     1.0	193.8	2084.9	594.9	0.000	0.0	0.0	20498.05	98969.07	43963.057	35073.89	5264.62	5665.56	73.20
OliveGIS	30set19	19:19:44	D:\wx_medgold\wx_agmerra_andalusia\agmerra_1422_209_ESP.txt	-4.6250	37.8750	1	2922	12	31	1987	2632.8	1.5	8631.3	9113.7	   110.0	     1.0	119.4	1566.3	712.0	0.000	0.0	0.0	13170.02	70205.92	27904.273	7493.12	4053.10	5277.91	55.24
OliveGIS	30set19	19:19:54	D:\wx_medgold\wx_agmerra_andalusia\agmerra_1422_210_ESP.txt	-4.6250	37.6250	1	2922	12	31	1987	2622.6	1.0	9344.3	9777.6	   109.0	     1.0	107.5	1625.8	694.4	0.000	0.0	0.0	14229.07	75264.84	29965.491	9293.60	4319.26	5636.58	55.27
OliveGIS	30set19	19:20:04	D:\wx_medgold\wx_agmerra_andalusia\agmerra_1422_211_ESP.txt	-4.6250	37.3750	1	2922	12	31	1987	2626.7	1.2	8436.0	8664.7	   112.0	     1.0	112.9	1908.7	636.5	0.000	0.0	0.0	21702.55	107759.06	47251.208	30590.63	6106.23	6538.85	71.64
OliveGIS	30set19	19:20:13	D:\wx_medgold\wx_agmerra_andalusia\agmerra_1422_212_ESP.txt	-4.6250	37.1250	1	2922	12	31	1987	2622.0	1.1	8729.8	8874.3	   113.0	     1.0	107.9	2064.1	653.0	0.000	0.0	0.0	26280.25	123887.63	54293.506	31961.96	6691.39	7050.02	75.23
OliveGIS	30set19	19:20:22	D:\wx_medgold\wx_agmerra_andalusia\agmerra_1422_213_ESP.txt	-4.6250	36.8750	1	2922	12	31	1987	2634.4	0.3	8885.3	8919.2	   112.0	     1.0	86.0	2086.8	574.5	0.000	0.0	0.0	28620.16	134861.37	59061.894	34904.39	7105.71	7267.13	76.83
OliveGIS	30set19	19:20:31	D:\wx_medgold\wx_agmerra_andalusia\agmerra_1422_214_ESP.txt	-4.6250	36.6250	1	2922	12	31	1987	2646.8	0.0	9607.0	9674.6	    96.0	     1.0	16.8	1853.7	544.8	0.000	0.0	0.0	36260.70	170211.48	79185.674	28643.59	9172.71	8208.90	80.87
OliveGIS	30set19	19:20:40	D:\wx_medgold\wx_agmerra_andalusia\agmerra_1423_208_ESP.txt	-4.3750	38.1250	1	2922	12	31	1987	2607.7	5.0	7164.3	7495.2	   120.0	     1.0	182.7	2024.5	586.8	0.000	0.0	0.0	19925.89	95819.05	42611.832	33236.73	5248.56	5722.74	72.48
OliveGIS	30set19	19:20:49	D:\wx_medgold\wx_agmerra_andalusia\agmerra_1423_209_ESP.txt	-4.3750	37.8750	1	2922	12	31	1987	2627.1	0.9	8464.5	9076.3	   107.0	     1.0	104.1	1303.6	628.6	0.000	0.0	0.0	11449.74	58968.18	20906.822	6038.86	3346.15	4894.99	51.64
OliveGIS	30set19	19:21:00	D:\wx_medgold\wx_agmerra_andalusia\agmerra_1423_210_ESP.txt	-4.3750	37.6250	1	2922	12	31	1987	2630.1	0.8	8541.0	9041.1	   109.0	     1.0	101.5	1535.9	615.0	0.000	0.0	0.0	11984.54	63234.35	24195.439	6228.35	3681.45	5013.09	53.04
OliveGIS	30set19	19:21:09	D:\wx_medgold\wx_agmerra_andalusia\agmerra_1423_211_ESP.txt	-4.3750	37.3750	1	2922	12	31	1987	2617.9	2.4	8000.4	8241.5	   116.0	     1.0	135.1	1964.8	570.2	0.000	0.0	0.0	22139.22	106361.68	46933.193	38537.36	5992.32	6375.61	73.50
OliveGIS	30set19	19:21:18	D:\wx_medgold\wx_agmerra_andalusia\agmerra_1423_212_ESP.txt	-4.3750	37.1250	1	2922	12	31	1987	2623.0	1.8	8822.5	9039.0	   113.0	     1.0	119.8	1947.0	587.9	0.000	0.0	0.0	21953.36	108495.59	46757.020	30728.34	6045.53	6716.62	70.40
OliveGIS	30set19	19:21:27	D:\wx_medgold\wx_agmerra_andalusia\agmerra_1423_213_ESP.txt	-4.3750	36.8750	1	2922	12	31	1987	2634.5	0.6	9195.4	9282.7	   112.0	     1.0	100.9	1935.3	487.1	0.000	0.0	0.0	23266.19	114095.36	49228.050	30138.37	6274.20	6960.16	71.06
OliveGIS	30set19	19:21:36	D:\wx_medgold\wx_agmerra_andalusia\agmerra_1424_207_ESP.txt	-4.1250	38.3750	1	2922	12	31	1987	2598.0	7.9	6471.7	6720.6	   129.0	     1.0	236.6	2268.7	614.4	0.000	0.0	0.0	24829.19	134556.59	124868.934	42900.68	6314.74	5562.17	78.03
OliveGIS	30set19	19:21:45	D:\wx_medgold\wx_agmerra_andalusia\agmerra_1424_208_ESP.txt	-4.1250	38.1250	1	2922	12	31	1987	2615.2	5.5	7053.3	7387.6	   120.0	     1.0	190.3	1999.5	555.9	0.000	0.0	0.0	19519.96	93487.76	41496.943	34991.49	5116.63	5639.55	72.22
OliveGIS	30set19	19:21:53	D:\wx_medgold\wx_agmerra_andalusia\agmerra_1424_209_ESP.txt	-4.1250	37.8750	1	2922	12	31	1987	2616.9	1.3	8561.9	9181.3	   109.0	     1.0	113.1	1410.1	607.5	0.000	0.0	0.0	11675.15	61388.00	22594.372	6285.88	3557.91	4946.67	51.80
OliveGIS	30set19	19:22:03	D:\wx_medgold\wx_agmerra_andalusia\agmerra_1424_210_ESP.txt	-4.1250	37.6250	1	2922	12	31	1987	2617.0	1.5	8183.0	8634.2	   113.0	     1.0	120.8	1766.1	615.0	0.000	0.0	0.0	18369.54	93684.43	40990.467	20877.76	5526.26	6140.19	67.84
OliveGIS	30set19	19:22:11	D:\wx_medgold\wx_agmerra_andalusia\agmerra_1424_211_ESP.txt	-4.1250	37.3750	1	2922	12	31	1987	2614.3	3.5	6885.3	7045.8	   120.0	     1.0	159.6	2188.6	558.6	0.000	0.0	0.0	23384.00	112710.01	51179.542	61724.86	5909.89	5816.61	77.77
OliveGIS	30set19	19:22:19	D:\wx_medgold\wx_agmerra_andalusia\agmerra_1424_212_ESP.txt	-4.1250	37.1250	1	2922	12	31	1987	2623.7	2.3	7537.8	7735.9	   116.0	     1.0	132.0	2019.3	566.4	0.000	0.0	0.0	20844.81	99463.28	43964.667	43713.08	5529.73	6007.57	73.24
OliveGIS	30set19	19:22:30	D:\wx_medgold\wx_agmerra_andalusia\agmerra_1424_213_ESP.txt	-4.1250	36.8750	1	2922	12	31	1987	2626.5	0.6	8515.0	8609.9	   113.0	     1.0	101.7	1988.4	486.6	0.000	0.0	0.0	23850.92	113091.99	49133.499	39451.39	6200.28	6731.22	73.82
OliveGIS	30set19	19:22:40	D:\wx_medgold\wx_agmerra_andalusia\agmerra_1425_207_ESP.txt	-3.8750	38.3750	1	2922	12	31	1987	2610.2	4.4	6731.3	7148.8	   122.0	     1.0	189.0	1966.9	590.6	0.000	0.0	0.0	18562.54	90360.28	41427.074	41226.65	5133.99	5487.37	72.76
OliveGIS	30set19	19:22:49	D:\wx_medgold\wx_agmerra_andalusia\agmerra_1425_208_ESP.txt	-3.8750	38.1250	1	2922	12	31	1987	2615.6	2.9	7687.4	8185.0	   116.0	     1.0	154.2	1719.1	545.8	0.000	0.0	0.0	14427.53	74435.18	31869.234	18836.10	4399.36	5306.36	61.99
OliveGIS	30set19	19:22:58	D:\wx_medgold\wx_agmerra_andalusia\agmerra_1425_209_ESP.txt	-3.8750	37.8750	1	2922	12	31	1987	2623.6	1.5	8359.4	9196.9	   110.0	     1.0	116.5	1233.8	560.4	0.000	0.0	0.0	9289.05	48116.70	16447.356	4816.94	2765.98	4338.52	45.21
OliveGIS	30set19	19:23:08	D:\wx_medgold\wx_agmerra_andalusia\agmerra_1425_210_ESP.txt	-3.8750	37.6250	1	2922	12	31	1987	2626.1	2.0	7837.0	8418.8	   116.0	     1.0	133.1	1711.4	595.8	0.000	0.0	0.0	15943.45	83147.85	36300.176	19115.90	5002.90	5734.43	64.86
OliveGIS	30set19	19:23:17	D:\wx_medgold\wx_agmerra_andalusia\agmerra_1425_211_ESP.txt	-3.8750	37.3750	1	2922	12	31	1987	2615.9	5.7	7402.4	7614.3	   122.0	     1.0	189.6	2127.3	432.5	0.000	0.0	0.0	23579.54	115369.68	53062.095	44318.89	6118.17	6178.44	76.24
OliveGIS	30set19	19:23:26	D:\wx_medgold\wx_agmerra_andalusia\agmerra_1425_212_ESP.txt	-3.8750	37.1250	1	2922	12	31	1987	2613.9	3.8	7903.9	8201.8	   116.0	     1.0	151.8	1865.3	441.1	0.000	0.0	0.0	16774.25	83933.24	35785.228	23868.62	4788.46	5704.52	66.20
OliveGIS	30set19	19:23:35	D:\wx_medgold\wx_agmerra_andalusia\agmerra_1425_213_ESP.txt	-3.8750	36.8750	1	2922	12	31	1987	2636.6	1.3	9451.3	9753.8	   112.0	     1.0	115.9	1555.5	515.9	0.000	0.0	0.0	14373.64	76529.75	31439.944	11044.26	4511.22	5865.23	57.42
OliveGIS	30set19	19:23:45	D:\wx_medgold\wx_agmerra_andalusia\agmerra_1426_207_ESP.txt	-3.6250	38.3750	1	2922	12	31	1987	2619.3	5.0	6704.6	7103.7	   123.0	     1.0	198.5	1983.8	558.5	0.000	0.0	0.0	19960.16	97021.11	45132.734	36169.83	5451.65	5633.36	74.77
OliveGIS	30set19	19:23:54	D:\wx_medgold\wx_agmerra_andalusia\agmerra_1426_208_ESP.txt	-3.6250	38.1250	1	2922	12	31	1987	2602.4	3.6	7638.6	8092.1	   117.0	     1.0	167.0	1806.7	513.5	0.000	0.0	0.0	17689.79	88124.45	39071.483	31952.58	5165.43	5820.45	68.44
OliveGIS	30set19	19:24:03	D:\wx_medgold\wx_agmerra_andalusia\agmerra_1426_209_ESP.txt	-3.6250	37.8750	1	2922	12	31	1987	2624.6	2.2	8145.2	8900.3	   112.0	     1.0	131.6	1401.4	541.9	0.000	0.0	0.0	10537.43	56052.49	21063.508	6472.25	3333.43	4685.90	50.24
OliveGIS	30set19	19:24:13	D:\wx_medgold\wx_agmerra_andalusia\agmerra_1426_210_ESP.txt	-3.6250	37.6250	1	2922	12	31	1987	2618.1	3.0	7223.8	7674.6	   119.0	     1.0	158.1	1910.4	572.9	0.000	0.0	0.0	18034.66	88675.79	39454.618	40395.84	5151.96	5697.21	70.46
OliveGIS	30set19	19:24:21	D:\wx_medgold\wx_agmerra_andalusia\agmerra_1426_211_ESP.txt	-3.6250	37.3750	1	2922	12	31	1987	2608.3	7.6	7180.6	7308.8	   126.0	     1.0	226.2	2258.5	450.8	0.000	0.0	0.0	27174.10	147934.68	131425.549	64874.20	6764.78	6022.86	77.26
OliveGIS	30set19	19:24:28	D:\wx_medgold\wx_agmerra_andalusia\agmerra_1426_212_ESP.txt	-3.6250	37.1250	1	2922	12	31	1987	2616.8	5.0	7469.7	7680.8	   119.0	     1.0	176.0	2026.4	543.5	0.000	0.0	0.0	21174.32	101943.45	45518.428	34912.78	5551.54	6015.85	73.65
OliveGIS	30set19	19:24:37	D:\wx_medgold\wx_agmerra_andalusia\agmerra_1426_213_ESP.txt	-3.6250	36.8750	1	2922	12	31	1987	2633.7	1.8	8640.7	8898.9	   114.0	     1.0	129.7	1689.9	488.0	0.000	0.0	0.0	17437.74	89372.02	38248.782	15482.72	5194.71	6146.29	65.67
OliveGIS	30set19	19:24:48	D:\wx_medgold\wx_agmerra_andalusia\agmerra_1427_207_ESP.txt	-3.3750	38.3750	1	2922	12	31	1987	2616.4	3.8	6928.4	7392.8	   119.0	     1.0	177.9	1832.5	536.3	0.000	0.0	0.0	18120.54	89271.59	40853.961	33908.51	5268.52	5619.87	71.86
OliveGIS	30set19	19:24:57	D:\wx_medgold\wx_agmerra_andalusia\agmerra_1427_208_ESP.txt	-3.3750	38.1250	1	2922	12	31	1987	2622.3	2.9	7762.2	8256.6	   116.0	     1.0	152.9	1699.3	513.6	0.000	0.0	0.0	15961.55	82942.40	36704.505	27540.69	4997.30	5660.40	65.37
OliveGIS	30set19	19:25:07	D:\wx_medgold\wx_agmerra_andalusia\agmerra_1427_209_ESP.txt	-3.3750	37.8750	1	2922	12	31	1987	2627.7	2.4	8079.8	8631.9	   114.0	     1.0	137.5	1589.6	468.7	0.000	0.0	0.0	14406.60	77944.39	33854.076	18335.63	4743.32	5528.45	61.17
OliveGIS	30set19	19:25:16	D:\wx_medgold\wx_agmerra_andalusia\agmerra_1427_210_ESP.txt	-3.3750	37.6250	1	2922	12	31	1987	2609.7	3.6	6853.8	7127.7	   121.0	     1.0	174.0	2173.0	498.1	0.000	0.0	0.0	22413.81	111808.72	51650.230	55039.26	5938.10	5773.57	76.68
OliveGIS	30set19	19:25:24	D:\wx_medgold\wx_agmerra_andalusia\agmerra_1427_211_ESP.txt	-3.3750	37.3750	1	2922	12	31	1987	2032.6	26.9	1606.5	1692.3	   156.0	     1.0	546.8	3029.7	292.3	0.000	0.0	0.0	8492.74	50710.08	61554.525	10441.61	1590.29	1382.58	69.55
OliveGIS	30set19	19:25:30	D:\wx_medgold\wx_agmerra_andalusia\agmerra_1427_212_ESP.txt	-3.3750	37.1250	1	2922	12	31	1987	2231.4	16.9	4460.3	4482.4	   151.0	     1.0	437.5	2922.3	741.0	0.000	0.0	0.0	16811.34	103227.22	166534.408	34968.22	3610.06	3096.41	66.01
OliveGIS	30set19	19:25:37	D:\wx_medgold\wx_agmerra_andalusia\agmerra_1427_213_ESP.txt	-3.3750	36.8750	1	2922	12	31	1987	2612.3	6.3	6585.2	6615.4	   132.0	     1.0	231.7	2386.8	740.9	0.000	0.0	0.0	26188.66	148879.15	151191.099	68287.52	5924.17	5294.79	75.22
OliveGIS	30set19	19:25:46	D:\wx_medgold\wx_agmerra_andalusia\agmerra_1428_207_ESP.txt	-3.1250	38.3750	1	2922	12	31	1987	2613.2	5.2	6661.0	6994.4	   123.0	     1.0	203.6	2047.3	510.3	0.000	0.0	0.0	21062.31	103846.07	56996.766	50436.37	5682.35	5669.50	76.21
OliveGIS	30set19	19:25:54	D:\wx_medgold\wx_agmerra_andalusia\agmerra_1428_208_ESP.txt	-3.1250	38.1250	1	2922	12	31	1987	2622.5	4.5	7084.5	7409.8	   121.0	     1.0	186.5	2015.0	533.8	0.000	0.0	0.0	21241.40	104021.02	47580.443	46047.63	5751.63	5912.94	75.07
OliveGIS	30set19	19:26:02	D:\wx_medgold\wx_agmerra_andalusia\agmerra_1428_209_ESP.txt	-3.1250	37.8750	1	2922	12	31	1987	2609.9	3.4	7516.1	7910.2	   118.0	     1.0	165.3	1863.1	483.0	0.000	0.0	0.0	19562.88	96322.58	43499.379	49354.54	5603.34	6003.34	71.98
OliveGIS	30set19	19:26:11	D:\wx_medgold\wx_agmerra_andalusia\agmerra_1428_210_ESP.txt	-3.1250	37.6250	1	2922	12	31	1987	2614.2	4.1	6608.6	6812.1	   122.0	     1.0	187.6	2214.9	483.6	0.000	0.0	0.0	24471.64	123468.36	76922.555	72933.92	6180.95	5690.95	78.54
OliveGIS	30set19	19:26:17	D:\wx_medgold\wx_agmerra_andalusia\agmerra_1428_211_ESP.txt	-3.1250	37.3750	1	2922	12	31	1987	2065.0	25.6	1732.2	1802.5	   154.0	     1.0	535.2	2997.1	289.1	0.000	0.0	0.0	8341.00	50525.06	64099.501	12149.90	1575.47	1383.21	67.01
OliveGIS	30set19	19:26:24	D:\wx_medgold\wx_agmerra_andalusia\agmerra_1428_212_ESP.txt	-3.1250	37.1250	1	2922	12	31	1987	2318.4	12.9	5352.2	5344.1	   146.0	     1.0	392.9	2848.7	599.6	0.000	0.0	0.0	19058.44	111117.36	160069.529	30354.58	4159.16	3704.57	66.97
OliveGIS	30set19	19:26:31	D:\wx_medgold\wx_agmerra_andalusia\agmerra_1428_213_ESP.txt	-3.1250	36.8750	1	2922	12	31	1987	2614.5	4.8	6554.0	6615.6	   128.0	     1.0	203.8	2284.5	484.5	0.000	0.0	0.0	26604.72	139144.84	117939.716	70299.62	6062.43	5493.44	77.96
OliveGIS	30set19	19:26:39	D:\wx_medgold\wx_agmerra_andalusia\agmerra_1429_207_ESP.txt	-2.8750	38.3750	1	2922	12	31	1987	2606.0	10.3	7171.5	7379.5	   134.0	     1.0	273.8	2348.2	456.5	0.000	0.0	0.0	28474.40	162796.36	153539.953	45333.27	7075.81	5855.06	74.90
OliveGIS	30set19	19:26:46	D:\wx_medgold\wx_agmerra_andalusia\agmerra_1429_208_ESP.txt	-2.8750	38.1250	1	2922	12	31	1987	2604.3	10.1	7602.8	7771.3	   133.0	     1.0	267.4	2380.4	539.2	0.000	0.0	0.0	29703.25	173471.75	169351.993	47362.99	7269.29	6055.87	73.61
OliveGIS	30set19	19:26:53	D:\wx_medgold\wx_agmerra_andalusia\agmerra_1429_209_ESP.txt	-2.8750	37.8750	1	2922	12	31	1987	2591.8	8.5	6648.3	6746.4	   135.0	     1.0	316.0	2538.5	548.4	0.000	0.0	0.0	31059.94	187549.92	236926.474	61574.62	7088.31	5391.80	75.81
OliveGIS	30set19	19:27:00	D:\wx_medgold\wx_agmerra_andalusia\agmerra_1429_210_ESP.txt	-2.8750	37.6250	1	2922	12	31	1987	2526.0	7.8	4885.0	5692.6	   135.0	     1.0	320.6	2631.8	396.1	0.000	0.0	0.0	26572.87	161775.49	187805.711	53863.95	5784.99	4429.75	75.08
OliveGIS	30set19	19:27:06	D:\wx_medgold\wx_agmerra_andalusia\agmerra_1429_211_ESP.txt	-2.8750	37.3750	1	2922	12	31	1987	1481.7	64.5	1.3	2.2	   178.0	     1.0	839.7	3379.5	395.7	0.000	0.0	0.0	9.22	63.65	48.391	47.73	1.26	1.37	55.55
OliveGIS	30set19	19:27:11	D:\wx_medgold\wx_agmerra_andalusia\agmerra_1429_212_ESP.txt	-2.8750	37.1250	1	2922	12	31	1987	1743.1	27.2	774.1	1000.4	   166.0	     1.0	602.8	3405.9	465.4	0.000	0.0	0.0	4185.58	27211.36	37919.527	5491.45	766.39	657.26	59.12
OliveGIS	30set19	19:27:17	D:\wx_medgold\wx_agmerra_andalusia\agmerra_1429_213_ESP.txt	-2.8750	36.8750	1	2922	12	31	1987	2623.9	0.4	8921.2	9129.9	   110.0	     1.0	93.3	1591.6	458.9	0.000	0.0	0.0	17846.31	91622.49	39092.104	21622.56	5272.24	6226.86	65.21
OliveGIS	30set19	19:27:25	D:\wx_medgold\wx_agmerra_andalusia\agmerra_1430_207_ESP.txt	-2.6250	38.3750	1	2922	12	31	1987	2531.0	12.9	6722.1	6834.5	   139.0	     1.0	383.9	2500.5	486.2	0.000	0.0	0.0	27834.12	162457.97	220741.333	43319.42	6418.81	5219.30	73.08
OliveGIS	30set19	19:27:32	D:\wx_medgold\wx_agmerra_andalusia\agmerra_1430_208_ESP.txt	-2.6250	38.1250	1	2922	12	31	1987	2467.4	13.5	6238.2	6321.8	   141.0	     1.0	390.9	2592.7	627.7	0.000	0.0	0.0	24633.00	143668.87	199042.273	39778.84	5572.67	4643.46	70.93
OliveGIS	30set19	19:27:38	D:\wx_medgold\wx_agmerra_andalusia\agmerra_1430_209_ESP.txt	-2.6250	37.8750	1	2922	12	31	1987	2456.7	10.6	5593.2	6600.4	   142.0	     1.0	357.8	2693.1	545.0	0.000	0.0	0.0	27742.78	172041.58	211523.360	55500.14	6034.13	4851.78	71.57
OliveGIS	30set19	19:27:45	D:\wx_medgold\wx_agmerra_andalusia\agmerra_1430_210_ESP.txt	-2.6250	37.6250	1	2922	12	31	1987	2535.6	7.9	6465.1	6548.2	   134.0	     1.0	321.8	2599.8	391.9	0.000	0.0	0.0	29005.26	170340.42	198891.751	57974.15	6280.47	4988.59	73.62
OliveGIS	30set19	19:27:51	D:\wx_medgold\wx_agmerra_andalusia\agmerra_1430_211_ESP.txt	-2.6250	37.3750	1	2922	12	31	1987	1560.6	53.2	7.7	12.1	   172.0	     1.0	777.9	3373.2	360.9	0.000	0.0	0.0	51.60	362.73	282.330	87.24	7.51	7.69	59.17
OliveGIS	30set19	19:27:56	D:\wx_medgold\wx_agmerra_andalusia\agmerra_1430_212_ESP.txt	-2.6250	37.1250	1	2922	12	31	1987	1867.2	17.7	2853.9	3327.8	   158.0	     1.0	510.6	3395.7	375.6	0.000	0.0	0.0	15902.58	96644.97	114489.066	19662.48	2972.12	2399.26	66.14
OliveGIS	30set19	19:28:02	D:\wx_medgold\wx_agmerra_andalusia\agmerra_1430_213_ESP.txt	-2.6250	36.8750	1	2922	12	31	1987	2637.0	0.0	8962.2	9172.7	   104.0	     1.0	70.1	1373.5	324.6	0.000	0.0	0.0	17034.35	88824.72	37683.568	12408.56	5188.73	6170.99	64.22
OliveGIS	30set19	19:28:11	D:\wx_medgold\wx_agmerra_andalusia\agmerra_1431_209_ESP.txt	-2.3750	37.8750	1	2922	12	31	1987	2038.0	21.0	2215.6	2339.0	   155.0	     1.0	507.0	3099.6	409.9	0.000	0.0	0.0	11649.72	70898.14	80933.286	14162.33	2227.18	1799.10	69.99
OliveGIS	30set19	19:28:16	D:\wx_medgold\wx_agmerra_andalusia\agmerra_1431_210_ESP.txt	-2.3750	37.6250	1	2922	12	31	1987	2190.7	13.3	6041.3	6164.4	   149.0	     1.0	420.4	2998.9	391.8	0.000	0.0	0.0	24080.27	145949.41	229488.604	30529.89	5116.38	4285.70	66.97
OliveGIS	30set19	19:28:22	D:\wx_medgold\wx_agmerra_andalusia\agmerra_1431_211_ESP.txt	-2.3750	37.3750	1	2922	12	31	1987	2167.1	12.4	5236.5	5368.9	   148.0	     1.0	404.2	3071.1	280.5	0.000	0.0	0.0	24184.22	135439.52	178328.115	33268.75	4857.74	4037.01	71.83
OliveGIS	30set19	19:28:28	D:\wx_medgold\wx_agmerra_andalusia\agmerra_1431_212_ESP.txt	-2.3750	37.1250	1	2922	12	31	1987	2503.8	2.5	5808.2	5819.8	   133.0	     1.0	212.3	2914.6	338.7	0.000	0.0	0.0	32415.23	177929.05	195900.027	103869.75	6991.73	4990.97	82.39
OliveGIS	30set19	19:28:36	D:\wx_medgold\wx_agmerra_andalusia\agmerra_1431_213_ESP.txt	-2.3750	36.8750	1	2922	12	31	1987	2645.9	0.0	9494.9	9727.5	   102.0	     1.0	58.7	1265.6	233.1	0.000	0.0	0.0	19654.22	101785.03	43934.960	14570.99	6005.45	6859.31	67.11
OliveGIS	30set19	19:28:45	D:\wx_medgold\wx_agmerra_andalusia\agmerra_1432_209_ESP.txt	-2.1250	37.8750	1	2922	12	31	1987	2180.7	14.7	4174.7	4262.4	   150.0	     1.0	430.8	3004.6	401.9	0.000	0.0	0.0	20891.20	124045.96	174547.654	37097.13	4157.49	3277.95	73.38
OliveGIS	30set19	19:28:51	D:\wx_medgold\wx_agmerra_andalusia\agmerra_1432_210_ESP.txt	-2.1250	37.6250	1	2922	12	31	1987	2430.2	7.0	6240.6	6298.6	   137.0	     1.0	319.2	2792.4	395.1	0.000	0.0	0.0	28133.18	152306.53	184105.319	77179.93	5659.46	4859.50	74.88
OliveGIS	30set19	19:28:58	D:\wx_medgold\wx_agmerra_andalusia\agmerra_1432_211_ESP.txt	-2.1250	37.3750	1	2922	12	31	1987	2424.7	5.3	5774.3	5814.9	   135.0	     1.0	281.7	2871.2	290.0	0.000	0.0	0.0	30942.19	167064.03	208581.970	90451.44	6561.17	4894.55	81.00
OliveGIS	30set19	19:29:05	D:\wx_medgold\wx_agmerra_andalusia\agmerra_1432_212_ESP.txt	-2.1250	37.1250	1	2922	12	31	1987	2623.3	0.0	6253.9	6258.1	   122.0	     1.0	100.0	2711.8	277.4	0.000	0.0	0.0	37123.04	190890.55	137215.042	161764.45	8660.77	5852.07	86.60
OliveGIS	30set19	19:29:14	D:\wx_medgold\wx_agmerra_andalusia\agmerra_1432_213_ESP.txt	-2.1250	36.8750	1	2922	12	31	1987	2646.5	0.0	9809.4	10044.5	    96.0	     1.0	30.5	968.0	230.5	0.000	0.0	0.0	24648.64	125408.53	56442.587	19681.89	7607.85	7690.60	73.32
OliveGIS	30set19	19:29:23	D:\wx_medgold\wx_agmerra_andalusia\agmerra_1433_211_ESP.txt	-1.8750	37.3750	1	2922	12	31	1987	2625.8	0.8	8575.1	8839.9	   110.0	     1.0	113.4	1550.5	283.8	0.000	0.0	0.0	18919.01	96362.24	41705.172	19870.76	5452.21	6241.86	67.46
OliveGIS	30set19	19:29:31	D:\wx_medgold\wx_agmerra_andalusia\agmerra_1433_212_ESP.txt	-1.8750	37.1250	1	2922	12	31	1987	2640.8	0.0	9082.6	9335.3	   101.0	     1.0	41.5	1301.6	245.1	0.000	0.0	0.0	25196.84	123812.55	55936.724	20869.15	7224.21	7306.05	74.82
