Model	Date	Time	WxFile	Long	Lat	JdStart	DysToOut	Month	Day	Year	dd	ddbZero	FruWgt	fruNum	Bloomday	BloomYr	DDBSum	ChillHD	PrcpYrSum	TempIncr	ddbMinus10	ddbMinus83	OFEgDays	OFLrDays	OFPuDays	OFAdDays	OfPupSum	DamFrSum	PrcntAtkd
OliveGIS	30set19	19:10:00	D:\wx_medgold\wx_agmerra_andalusia\agmerra_1411_210_ESP.txt	-7.3750	37.6250	1	7670	12	30	2000	2630.3	0.0	7788.2	8078.0	    93.0	     1.0	62.2	2011.3	648.6	0.000	0.0	0.0	19610.98	95540.60	40332.847	15197.96	5167.15	5905.23	69.58
OliveGIS	30set19	19:10:11	D:\wx_medgold\wx_agmerra_andalusia\agmerra_1411_211_ESP.txt	-7.3750	37.3750	1	7670	12	30	2000	2633.3	0.0	7623.9	7822.8	    92.0	     1.0	68.9	2009.0	647.9	0.000	0.0	0.0	20545.36	99296.20	42102.227	21123.59	5284.32	5904.20	71.56
OliveGIS	30set19	19:10:18	D:\wx_medgold\wx_agmerra_andalusia\agmerra_1412_209_ESP.txt	-7.1250	37.8750	1	7670	12	30	2000	2621.5	0.1	7051.3	7278.5	   105.0	     1.0	81.6	2279.9	709.0	0.000	0.0	0.0	23930.23	115715.01	54007.613	53809.43	6105.25	5944.73	77.28
OliveGIS	30set19	19:10:25	D:\wx_medgold\wx_agmerra_andalusia\agmerra_1412_210_ESP.txt	-7.1250	37.6250	1	7670	12	30	2000	2622.4	0.0	7522.4	7803.8	    96.0	     1.0	66.2	2041.9	720.4	0.000	0.0	0.0	18787.23	91336.46	38586.718	17446.59	4938.38	5678.28	69.37
OliveGIS	30set19	19:10:33	D:\wx_medgold\wx_agmerra_andalusia\agmerra_1412_211_ESP.txt	-7.1250	37.3750	1	7670	12	30	2000	2623.3	0.0	7595.7	7828.1	    92.0	     1.0	73.0	1959.5	661.3	0.000	0.0	0.0	19032.29	93218.67	39348.695	17547.65	5025.81	5723.47	69.70
OliveGIS	30set19	19:10:40	D:\wx_medgold\wx_agmerra_andalusia\agmerra_1413_208_ESP.txt	-6.8750	38.1250	1	7670	12	30	2000	2617.8	0.3	5578.8	5785.5	   112.0	     1.0	116.0	2317.1	722.7	0.000	0.0	0.0	16450.09	80633.98	35293.082	34099.04	3977.65	4399.49	72.07
OliveGIS	30set19	19:10:48	D:\wx_medgold\wx_agmerra_andalusia\agmerra_1413_209_ESP.txt	-6.8750	37.8750	1	7670	12	30	2000	2632.0	0.1	7107.9	7355.4	   102.0	     1.0	83.8	2150.7	777.9	0.000	0.0	0.0	18892.44	90506.08	38053.820	26854.62	4717.06	5445.36	70.13
OliveGIS	30set19	19:10:55	D:\wx_medgold\wx_agmerra_andalusia\agmerra_1413_210_ESP.txt	-6.8750	37.6250	1	7670	12	30	2000	2643.7	0.0	7724.6	8067.5	    91.0	     1.0	64.2	1856.8	792.3	0.000	0.0	0.0	14252.81	71742.14	28608.118	9912.12	3896.18	5112.77	60.08
OliveGIS	30set19	19:11:06	D:\wx_medgold\wx_agmerra_andalusia\agmerra_1413_211_ESP.txt	-6.8750	37.3750	1	7670	12	30	2000	2626.3	0.0	7848.6	8163.6	    89.0	     1.0	65.8	1803.7	681.3	0.000	0.0	0.0	15492.04	78745.90	32427.297	10666.18	4355.49	5365.28	62.66
OliveGIS	30set19	19:11:14	D:\wx_medgold\wx_agmerra_andalusia\agmerra_1414_209_ESP.txt	-6.6250	37.8750	1	7670	12	30	2000	2624.9	0.1	6437.5	6640.1	   109.0	     1.0	95.8	2254.5	797.1	0.000	0.0	0.0	18522.34	88732.56	38521.257	37466.00	4565.18	5075.02	72.32
OliveGIS	30set19	19:11:21	D:\wx_medgold\wx_agmerra_andalusia\agmerra_1414_210_ESP.txt	-6.6250	37.6250	1	7670	12	30	2000	2627.4	0.0	7810.3	8164.8	    93.0	     1.0	70.1	1917.5	798.4	0.000	0.0	0.0	14321.97	71637.18	28410.618	10821.40	3872.50	5116.50	59.83
OliveGIS	30set19	19:11:30	D:\wx_medgold\wx_agmerra_andalusia\agmerra_1414_211_ESP.txt	-6.6250	37.3750	1	7670	12	30	2000	2636.8	0.0	7814.3	8159.0	    90.0	     1.0	73.1	1747.8	689.8	0.000	0.0	0.0	14942.42	76736.86	31586.086	9716.58	4278.00	5310.27	61.85
OliveGIS	30set19	19:11:38	D:\wx_medgold\wx_agmerra_andalusia\agmerra_1414_212_ESP.txt	-6.6250	37.1250	1	7670	12	30	2000	2641.4	0.0	10024.2	10415.5	    80.0	     1.0	23.0	1595.7	579.3	0.000	0.0	0.0	28746.29	145976.86	67527.546	21894.80	8427.93	8126.29	74.14
OliveGIS	30set19	19:11:45	D:\wx_medgold\wx_agmerra_andalusia\agmerra_1415_209_ESP.txt	-6.3750	37.8750	1	7670	12	30	2000	2618.8	0.2	6248.8	6493.8	   110.0	     1.0	104.7	2160.0	654.0	0.000	0.0	0.0	14390.43	68558.14	28332.904	28232.50	3597.07	4506.49	65.99
OliveGIS	30set19	19:11:53	D:\wx_medgold\wx_agmerra_andalusia\agmerra_1415_210_ESP.txt	-6.3750	37.6250	1	7670	12	30	2000	2624.0	0.1	7576.3	7986.7	    93.0	     1.0	74.7	1825.6	650.2	0.000	0.0	0.0	11043.57	56916.80	22136.892	7283.88	3186.35	4466.33	53.38
OliveGIS	30set19	19:12:02	D:\wx_medgold\wx_agmerra_andalusia\agmerra_1415_211_ESP.txt	-6.3750	37.3750	1	7670	12	30	2000	2633.0	0.0	8228.7	8798.4	    86.0	     1.0	57.3	1491.0	606.6	0.000	0.0	0.0	12071.81	63421.69	24297.690	6449.93	3638.44	5027.71	54.50
OliveGIS	30set19	19:12:11	D:\wx_medgold\wx_agmerra_andalusia\agmerra_1415_212_ESP.txt	-6.3750	37.1250	1	7670	12	30	2000	2631.8	0.0	11194.5	11868.5	    78.0	     1.0	21.9	1266.6	547.3	0.000	0.0	0.0	18466.28	97611.87	38685.148	10921.66	5585.44	7286.36	58.73
OliveGIS	30set19	19:12:20	D:\wx_medgold\wx_agmerra_andalusia\agmerra_1415_213_ESP.txt	-6.3750	36.8750	1	7670	12	30	2000	2634.7	0.0	9198.8	9520.6	    87.0	     1.0	35.7	1716.1	624.2	0.000	0.0	0.0	25942.33	130406.24	60286.909	19967.94	7592.88	7426.90	74.22
OliveGIS	30set19	19:12:27	D:\wx_medgold\wx_agmerra_andalusia\agmerra_1416_209_ESP.txt	-6.1250	37.8750	1	7670	12	30	2000	2616.6	0.3	6211.7	6461.8	   110.0	     1.0	111.6	2129.7	655.1	0.000	0.0	0.0	12875.94	61619.75	24730.100	22931.63	3203.78	4235.10	62.53
OliveGIS	30set19	19:12:35	D:\wx_medgold\wx_agmerra_andalusia\agmerra_1416_210_ESP.txt	-6.1250	37.6250	1	7670	12	30	2000	2628.9	0.1	7542.0	7977.5	    93.0	     1.0	78.3	1766.8	624.7	0.000	0.0	0.0	10393.26	54096.10	20858.319	5353.99	3033.94	4327.86	51.77
OliveGIS	30set19	19:12:44	D:\wx_medgold\wx_agmerra_andalusia\agmerra_1416_211_ESP.txt	-6.1250	37.3750	1	7670	12	30	2000	2643.7	0.0	8032.1	8652.8	    86.0	     1.0	67.4	1430.7	591.9	0.000	0.0	0.0	11359.25	60099.80	22815.340	6225.19	3480.71	4875.73	53.56
OliveGIS	30set19	19:12:53	D:\wx_medgold\wx_agmerra_andalusia\agmerra_1416_212_ESP.txt	-6.1250	37.1250	1	7670	12	30	2000	2631.6	0.0	10495.9	11274.0	    79.0	     1.0	40.2	1229.3	569.2	0.000	0.0	0.0	15479.97	80655.30	31969.836	9096.69	4672.12	6529.08	55.38
OliveGIS	30set19	19:13:02	D:\wx_medgold\wx_agmerra_andalusia\agmerra_1416_213_ESP.txt	-6.1250	36.8750	1	7670	12	30	2000	2635.4	0.0	8703.1	9131.1	    87.0	     1.0	64.4	1563.8	650.9	0.000	0.0	0.0	15029.21	77809.85	31179.865	8165.53	4433.05	5718.52	59.53
OliveGIS	30set19	19:13:11	D:\wx_medgold\wx_agmerra_andalusia\agmerra_1416_214_ESP.txt	-6.1250	36.6250	1	7670	12	30	2000	2628.6	0.0	9053.3	9328.7	    87.0	     1.0	38.9	1783.8	614.2	0.000	0.0	0.0	22167.14	111308.38	48693.696	15488.36	6260.90	6833.15	69.77
OliveGIS	30set19	19:13:20	D:\wx_medgold\wx_agmerra_andalusia\agmerra_1416_215_ESP.txt	-6.1250	36.3750	1	7670	12	30	2000	2633.6	0.0	9229.3	9678.0	    87.0	     1.0	50.5	1591.2	569.6	0.000	0.0	0.0	16140.39	82730.37	33272.357	8822.17	4740.01	6115.69	60.42
OliveGIS	30set19	19:13:28	D:\wx_medgold\wx_agmerra_andalusia\agmerra_1417_208_ESP.txt	-5.8750	38.1250	1	7670	12	30	2000	2621.9	0.6	5801.6	6107.3	   122.0	     1.0	146.9	2213.9	550.8	0.000	0.0	0.0	12638.65	61647.56	24701.307	16894.72	3096.57	4045.37	63.21
OliveGIS	30set19	19:13:35	D:\wx_medgold\wx_agmerra_andalusia\agmerra_1417_209_ESP.txt	-5.8750	37.8750	1	7670	12	30	2000	2630.5	0.2	7138.6	7473.7	   108.0	     1.0	106.1	2030.0	561.5	0.000	0.0	0.0	11111.79	55250.94	21515.249	12350.05	3053.32	4340.03	55.21
OliveGIS	30set19	19:13:43	D:\wx_medgold\wx_agmerra_andalusia\agmerra_1417_210_ESP.txt	-5.8750	37.6250	1	7670	12	30	2000	2628.5	0.0	7608.9	8110.3	    92.0	     1.0	74.7	1691.1	521.8	0.000	0.0	0.0	10256.88	54087.84	20847.570	5227.22	3138.55	4400.65	51.78
OliveGIS	30set19	19:13:52	D:\wx_medgold\wx_agmerra_andalusia\agmerra_1417_211_ESP.txt	-5.8750	37.3750	1	7670	12	30	2000	2644.0	0.0	8112.3	8758.0	    87.0	     1.0	61.3	1405.6	534.4	0.000	0.0	0.0	10703.61	57367.60	21539.173	6008.70	3365.43	4768.36	51.80
OliveGIS	30set19	19:14:03	D:\wx_medgold\wx_agmerra_andalusia\agmerra_1417_212_ESP.txt	-5.8750	37.1250	1	7670	12	30	2000	2645.2	0.0	9409.0	10089.1	    82.0	     1.0	44.5	1349.2	505.6	0.000	0.0	0.0	13608.93	71839.35	27544.124	7907.99	4175.40	5809.58	54.78
OliveGIS	30set19	19:14:13	D:\wx_medgold\wx_agmerra_andalusia\agmerra_1417_213_ESP.txt	-5.8750	36.8750	1	7670	12	30	2000	2641.9	0.0	8514.9	8892.3	    88.0	     1.0	54.6	1695.8	530.3	0.000	0.0	0.0	13865.94	71272.60	28193.876	7337.55	3983.52	5366.10	57.32
OliveGIS	30set19	19:14:21	D:\wx_medgold\wx_agmerra_andalusia\agmerra_1417_214_ESP.txt	-5.8750	36.6250	1	7670	12	30	2000	2633.1	0.0	9310.3	9607.9	    86.0	     1.0	28.1	1854.6	620.7	0.000	0.0	0.0	19273.01	96000.52	39611.008	11320.70	5292.40	6486.49	64.37
OliveGIS	30set19	19:14:28	D:\wx_medgold\wx_agmerra_andalusia\agmerra_1417_215_ESP.txt	-5.8750	36.3750	1	7670	12	30	2000	2646.7	0.0	9439.5	9670.8	    83.0	     1.0	19.2	1974.9	682.5	0.000	0.0	0.0	29048.80	141369.78	64702.230	22597.57	7808.52	7734.61	75.57
OliveGIS	30set19	19:14:36	D:\wx_medgold\wx_agmerra_andalusia\agmerra_1418_208_ESP.txt	-5.6250	38.1250	1	7670	12	30	2000	2618.7	0.5	5848.4	6209.9	   118.0	     1.0	141.2	2102.1	567.8	0.000	0.0	0.0	11149.99	53693.03	21253.012	12692.85	2795.08	3855.20	59.44
OliveGIS	30set19	19:14:44	D:\wx_medgold\wx_agmerra_andalusia\agmerra_1418_209_ESP.txt	-5.6250	37.8750	1	7670	12	30	2000	2631.4	0.2	7146.3	7539.7	   104.0	     1.0	101.4	1917.6	559.1	0.000	0.0	0.0	10434.29	53511.48	21002.145	7887.76	3005.12	4264.43	53.73
OliveGIS	30set19	19:14:52	D:\wx_medgold\wx_agmerra_andalusia\agmerra_1418_210_ESP.txt	-5.6250	37.6250	1	7670	12	30	2000	2640.7	0.0	7463.6	7974.5	    91.0	     1.0	75.6	1630.2	517.8	0.000	0.0	0.0	10424.71	55797.02	21511.383	5528.39	3253.18	4472.59	53.21
OliveGIS	30set19	19:15:01	D:\wx_medgold\wx_agmerra_andalusia\agmerra_1418_211_ESP.txt	-5.6250	37.3750	1	7670	12	30	2000	2639.1	0.0	7785.7	8354.2	    89.0	     1.0	69.2	1498.7	532.6	0.000	0.0	0.0	10088.51	54026.43	20461.947	5369.34	3179.06	4495.70	51.27
OliveGIS	30set19	19:15:09	D:\wx_medgold\wx_agmerra_andalusia\agmerra_1418_212_ESP.txt	-5.6250	37.1250	1	7670	12	30	2000	2643.1	0.0	7873.9	8312.5	    89.0	     1.0	59.6	1659.6	519.1	0.000	0.0	0.0	11238.69	59121.63	23324.097	5860.29	3453.58	4735.23	54.04
OliveGIS	30set19	19:15:17	D:\wx_medgold\wx_agmerra_andalusia\agmerra_1418_213_ESP.txt	-5.6250	36.8750	1	7670	12	30	2000	2620.1	0.0	7557.4	7745.1	    99.0	     1.0	73.3	2101.6	578.1	0.000	0.0	0.0	14987.62	73887.96	29551.128	10784.22	3946.71	5079.70	62.58
OliveGIS	30set19	19:15:25	D:\wx_medgold\wx_agmerra_andalusia\agmerra_1418_214_ESP.txt	-5.6250	36.6250	1	7670	12	30	2000	2622.0	0.0	7909.0	8042.5	    93.0	     1.0	37.1	2198.5	670.9	0.000	0.0	0.0	22049.58	104802.00	44486.463	18133.74	5486.22	6109.16	72.46
OliveGIS	30set19	19:15:33	D:\wx_medgold\wx_agmerra_andalusia\agmerra_1418_215_ESP.txt	-5.6250	36.3750	1	7670	12	30	2000	2634.0	0.0	8059.1	8186.9	    89.0	     1.0	23.5	2208.0	825.3	0.000	0.0	0.0	28049.90	137075.53	64650.346	30141.98	7334.60	6755.77	78.50
OliveGIS	30set19	19:15:40	D:\wx_medgold\wx_agmerra_andalusia\agmerra_1418_216_ESP.txt	-5.6250	36.1250	1	7670	12	30	2000	2646.6	0.0	9654.3	9807.4	    83.0	     1.0	2.5	2172.3	604.7	0.000	0.0	0.0	45218.12	225049.43	127337.466	64119.55	12536.97	8816.60	84.86
OliveGIS	30set19	19:15:47	D:\wx_medgold\wx_agmerra_andalusia\agmerra_1419_207_ESP.txt	-5.3750	38.3750	1	7670	12	30	2000	2616.8	1.2	6163.4	6575.3	   131.0	     1.0	182.4	2197.3	485.0	0.000	0.0	0.0	12615.45	61660.58	24176.450	18359.22	3044.82	4145.86	60.31
OliveGIS	30set19	19:15:55	D:\wx_medgold\wx_agmerra_andalusia\agmerra_1419_208_ESP.txt	-5.3750	38.1250	1	7670	12	30	2000	2613.3	0.6	5755.9	6205.2	   121.0	     1.0	148.5	2056.8	527.3	0.000	0.0	0.0	9253.68	46069.11	18452.415	7908.43	2592.76	3626.97	55.99
OliveGIS	30set19	19:16:03	D:\wx_medgold\wx_agmerra_andalusia\agmerra_1419_209_ESP.txt	-5.3750	37.8750	1	7670	12	30	2000	2639.0	0.0	7321.9	7946.5	    97.0	     1.0	80.0	1612.4	549.5	0.000	0.0	0.0	8086.30	43848.20	16438.630	4001.77	2606.69	3826.38	45.72
OliveGIS	30set19	19:16:12	D:\wx_medgold\wx_agmerra_andalusia\agmerra_1419_210_ESP.txt	-5.3750	37.6250	1	7670	12	30	2000	2626.3	0.0	8068.4	8846.6	    86.0	     1.0	62.0	1376.2	496.6	0.000	0.0	0.0	9339.74	49467.46	18543.127	5241.70	2886.83	4402.37	47.59
OliveGIS	30set19	19:16:21	D:\wx_medgold\wx_agmerra_andalusia\agmerra_1419_211_ESP.txt	-5.3750	37.3750	1	7670	12	30	2000	2627.2	0.0	7692.4	8174.1	    91.0	     1.0	66.4	1616.2	523.6	0.000	0.0	0.0	10110.48	54116.16	20747.069	5121.90	3150.53	4406.67	51.44
OliveGIS	30set19	19:16:29	D:\wx_medgold\wx_agmerra_andalusia\agmerra_1419_212_ESP.txt	-5.3750	37.1250	1	7670	12	30	2000	2637.1	0.0	7397.0	7649.8	    99.0	     1.0	67.1	2014.2	528.5	0.000	0.0	0.0	12002.02	60474.52	23459.962	7278.95	3338.78	4587.30	56.98
OliveGIS	30set19	19:16:37	D:\wx_medgold\wx_agmerra_andalusia\agmerra_1419_213_ESP.txt	-5.3750	36.8750	1	7670	12	30	2000	2546.8	0.2	5657.7	5623.8	   134.0	     1.0	186.9	2953.1	550.6	0.000	0.0	0.0	27122.92	156294.78	149272.865	53756.82	5703.52	4627.08	78.70
OliveGIS	30set19	19:16:44	D:\wx_medgold\wx_agmerra_andalusia\agmerra_1419_214_ESP.txt	-5.3750	36.6250	1	7670	12	30	2000	2565.7	0.0	5423.6	5400.7	   126.0	     1.0	107.4	3116.5	637.1	0.000	0.0	0.0	31187.20	174854.26	174991.754	111843.56	7070.81	4786.22	84.21
OliveGIS	30set19	19:16:52	D:\wx_medgold\wx_agmerra_andalusia\agmerra_1419_215_ESP.txt	-5.3750	36.3750	1	7670	12	30	2000	2637.3	0.0	8302.0	8460.0	    89.0	     1.0	21.4	2202.1	695.2	0.000	0.0	0.0	30433.52	151361.05	75098.881	27363.47	8236.98	7099.08	79.79
OliveGIS	30set19	19:16:59	D:\wx_medgold\wx_agmerra_andalusia\agmerra_1420_206_ESP.txt	-5.1250	38.6250	1	7670	12	30	2000	2609.2	1.0	5995.5	6504.7	   127.0	     1.0	170.3	2130.7	494.3	0.000	0.0	0.0	10644.91	51129.97	19859.051	10522.23	2613.21	3785.55	55.86
OliveGIS	30set19	19:17:07	D:\wx_medgold\wx_agmerra_andalusia\agmerra_1420_207_ESP.txt	-5.1250	38.3750	1	7670	12	30	2000	2617.0	1.2	6238.7	6629.8	   133.0	     1.0	186.6	2239.4	496.1	0.000	0.0	0.0	13471.87	71582.60	28438.118	20340.60	3311.21	4211.44	60.71
OliveGIS	30set19	19:17:15	D:\wx_medgold\wx_agmerra_andalusia\agmerra_1420_208_ESP.txt	-5.1250	38.1250	1	7670	12	30	2000	2624.9	0.6	5769.4	6231.4	   120.0	     1.0	148.4	2006.6	528.2	0.000	0.0	0.0	9034.10	45538.34	18139.946	6535.60	2586.97	3616.41	55.43
OliveGIS	30set19	19:17:23	D:\wx_medgold\wx_agmerra_andalusia\agmerra_1420_209_ESP.txt	-5.1250	37.8750	1	7670	12	30	2000	2626.8	0.0	7296.8	7966.3	    95.0	     1.0	81.5	1558.1	533.4	0.000	0.0	0.0	8197.90	44013.93	15981.313	4106.07	2586.82	3850.25	46.18
OliveGIS	30set19	19:17:33	D:\wx_medgold\wx_agmerra_andalusia\agmerra_1420_210_ESP.txt	-5.1250	37.6250	1	7670	12	30	2000	2629.9	0.0	7866.1	8636.8	    87.0	     1.0	65.5	1419.2	481.3	0.000	0.0	0.0	9251.43	49183.80	18262.760	5218.45	2879.96	4343.97	47.98
OliveGIS	30set19	19:17:41	D:\wx_medgold\wx_agmerra_andalusia\agmerra_1420_211_ESP.txt	-5.1250	37.3750	1	7670	12	30	2000	2634.1	0.0	7668.5	8135.9	    93.0	     1.0	71.3	1656.8	521.4	0.000	0.0	0.0	9816.52	51793.13	20081.836	4897.02	3026.71	4309.07	50.44
OliveGIS	30set19	19:17:50	D:\wx_medgold\wx_agmerra_andalusia\agmerra_1420_212_ESP.txt	-5.1250	37.1250	1	7670	12	30	2000	2620.3	0.0	7479.3	7744.0	   101.0	     1.0	72.4	2045.0	517.5	0.000	0.0	0.0	11247.86	56430.22	21557.730	7745.15	3107.78	4409.92	54.42
OliveGIS	30set19	19:17:58	D:\wx_medgold\wx_agmerra_andalusia\agmerra_1420_213_ESP.txt	-5.1250	36.8750	1	7670	12	30	2000	2560.7	0.1	5766.4	5734.0	   134.0	     1.0	178.7	2937.8	545.4	0.000	0.0	0.0	25216.73	140560.04	161665.020	58636.28	5763.22	4658.42	77.40
OliveGIS	30set19	19:18:05	D:\wx_medgold\wx_agmerra_andalusia\agmerra_1420_214_ESP.txt	-5.1250	36.6250	1	7670	12	30	2000	2612.3	0.0	5458.4	5420.3	   120.0	     1.0	69.5	3072.0	601.7	0.000	0.0	0.0	31729.43	173927.21	144705.608	97995.05	7541.84	4957.10	85.45
OliveGIS	30set19	19:18:13	D:\wx_medgold\wx_agmerra_andalusia\agmerra_1421_206_ESP.txt	-4.8750	38.6250	1	7670	12	30	2000	2610.6	0.7	6019.2	6534.1	   125.0	     1.0	160.0	2092.5	489.2	0.000	0.0	0.0	9858.36	48725.78	18904.996	8664.94	2586.38	3728.42	54.65
OliveGIS	30set19	19:18:20	D:\wx_medgold\wx_agmerra_andalusia\agmerra_1421_207_ESP.txt	-4.8750	38.3750	1	7670	12	30	2000	2598.7	1.5	6538.9	6805.7	   136.0	     1.0	211.8	2421.2	473.4	0.000	0.0	0.0	18737.76	100246.88	42839.229	24669.55	4029.83	4733.23	66.54
OliveGIS	30set19	19:18:28	D:\wx_medgold\wx_agmerra_andalusia\agmerra_1421_208_ESP.txt	-4.8750	38.1250	1	7670	12	30	2000	2613.9	0.7	5738.4	6112.4	   124.0	     1.0	165.4	2126.5	467.7	0.000	0.0	0.0	11040.04	53405.03	21103.537	11601.89	2754.50	3799.12	59.44
OliveGIS	30set19	19:18:37	D:\wx_medgold\wx_agmerra_andalusia\agmerra_1421_209_ESP.txt	-4.8750	37.8750	1	7670	12	30	2000	2638.9	0.0	7199.0	7809.3	   100.0	     1.0	89.2	1642.3	557.8	0.000	0.0	0.0	8341.87	44774.75	16987.426	4088.92	2660.03	3875.33	47.12
OliveGIS	30set19	19:18:47	D:\wx_medgold\wx_agmerra_andalusia\agmerra_1421_210_ESP.txt	-4.8750	37.6250	1	7670	12	30	2000	2632.9	0.0	7382.5	8014.8	    93.0	     1.0	74.2	1584.7	512.6	0.000	0.0	0.0	9067.79	48266.28	17950.655	4647.97	2830.35	4123.17	49.08
OliveGIS	30set19	19:18:56	D:\wx_medgold\wx_agmerra_andalusia\agmerra_1421_211_ESP.txt	-4.8750	37.3750	1	7670	12	30	2000	2627.2	0.0	7369.3	7655.3	   105.0	     1.0	85.6	2046.7	509.2	0.000	0.0	0.0	11573.16	57925.94	22217.950	8888.41	3169.28	4467.20	55.47
OliveGIS	30set19	19:19:05	D:\wx_medgold\wx_agmerra_andalusia\agmerra_1421_212_ESP.txt	-4.8750	37.1250	1	7670	12	30	2000	2622.5	0.0	6222.8	6349.5	   111.0	     1.0	85.5	2302.9	505.1	0.000	0.0	0.0	16612.56	81385.64	34348.550	14437.68	4141.92	4695.26	70.31
OliveGIS	30set19	19:19:14	D:\wx_medgold\wx_agmerra_andalusia\agmerra_1421_213_ESP.txt	-4.8750	36.8750	1	7670	12	30	2000	2621.7	0.0	5678.5	5709.6	   113.0	     1.0	97.2	2525.7	488.5	0.000	0.0	0.0	21764.17	106332.64	50018.151	36050.86	5028.25	4743.52	78.63
OliveGIS	30set19	19:19:22	D:\wx_medgold\wx_agmerra_andalusia\agmerra_1421_214_ESP.txt	-4.8750	36.6250	1	7670	12	30	2000	2624.3	0.0	7938.6	8035.8	    98.0	     1.0	16.4	2392.4	498.0	0.000	0.0	0.0	34306.01	172665.71	90035.341	49440.51	9280.62	7021.29	83.19
OliveGIS	30set19	19:19:29	D:\wx_medgold\wx_agmerra_andalusia\agmerra_1422_207_ESP.txt	-4.6250	38.3750	1	7670	12	30	2000	2601.0	1.5	6396.9	6638.2	   137.0	     1.0	218.0	2449.8	477.6	0.000	0.0	0.0	18669.89	104179.84	47469.916	34211.20	4143.12	4633.97	66.73
OliveGIS	30set19	19:19:38	D:\wx_medgold\wx_agmerra_andalusia\agmerra_1422_208_ESP.txt	-4.6250	38.1250	1	7670	12	30	2000	2616.8	0.7	5696.8	6079.7	   124.0	     1.0	167.7	2103.9	448.7	0.000	0.0	0.0	10762.26	52113.82	20564.668	10795.45	2711.20	3749.66	59.02
OliveGIS	30set19	19:19:48	D:\wx_medgold\wx_agmerra_andalusia\agmerra_1422_209_ESP.txt	-4.6250	37.8750	1	7670	12	30	2000	2630.1	0.0	7172.2	7808.1	   100.0	     1.0	92.7	1620.4	523.3	0.000	0.0	0.0	8139.24	43865.09	16396.795	4034.64	2599.05	3807.62	46.46
OliveGIS	30set19	19:19:58	D:\wx_medgold\wx_agmerra_andalusia\agmerra_1422_210_ESP.txt	-4.6250	37.6250	1	7670	12	30	2000	2633.8	0.0	7274.6	7887.4	    98.0	     1.0	81.2	1656.3	503.1	0.000	0.0	0.0	8791.40	47234.00	17867.003	4526.54	2777.71	4017.50	48.49
OliveGIS	30set19	19:20:07	D:\wx_medgold\wx_agmerra_andalusia\agmerra_1422_211_ESP.txt	-4.6250	37.3750	1	7670	12	30	2000	2625.9	0.0	6953.9	7213.8	   110.0	     1.0	94.1	2117.5	493.4	0.000	0.0	0.0	12005.22	59569.85	23585.548	11540.91	3223.35	4395.40	58.11
OliveGIS	30set19	19:20:17	D:\wx_medgold\wx_agmerra_andalusia\agmerra_1422_212_ESP.txt	-4.6250	37.1250	1	7670	12	30	2000	2613.3	0.0	6133.8	6278.1	   112.0	     1.0	90.8	2289.8	508.9	0.000	0.0	0.0	16674.50	81036.43	34748.509	21254.28	4183.09	4686.09	71.18
OliveGIS	30set19	19:20:26	D:\wx_medgold\wx_agmerra_andalusia\agmerra_1422_213_ESP.txt	-4.6250	36.8750	1	7670	12	30	2000	2619.1	0.0	5986.4	6049.1	   112.0	     1.0	88.2	2445.3	474.4	0.000	0.0	0.0	22739.79	109546.91	50589.997	31473.80	5347.37	5044.83	79.01
OliveGIS	30set19	19:20:35	D:\wx_medgold\wx_agmerra_andalusia\agmerra_1422_214_ESP.txt	-4.6250	36.6250	1	7670	12	30	2000	2635.0	0.0	8583.6	8749.7	    91.0	     1.0	6.1	2225.7	422.6	0.000	0.0	0.0	36546.02	183965.69	101529.395	40523.89	10412.57	7674.57	83.30
OliveGIS	30set19	19:20:44	D:\wx_medgold\wx_agmerra_andalusia\agmerra_1423_208_ESP.txt	-4.3750	38.1250	1	7670	12	30	2000	2614.4	0.4	5865.5	6276.7	   123.0	     1.0	160.1	2108.1	458.1	0.000	0.0	0.0	10084.95	49261.18	19072.441	7606.35	2556.24	3668.70	55.95
OliveGIS	30set19	19:20:54	D:\wx_medgold\wx_agmerra_andalusia\agmerra_1423_209_ESP.txt	-4.3750	37.8750	1	7670	12	30	2000	2638.2	0.0	6946.7	7713.7	    98.0	     1.0	79.2	1462.9	546.9	0.000	0.0	0.0	7440.83	39753.09	13946.751	3806.73	2325.16	3604.65	44.44
OliveGIS	30set19	19:21:04	D:\wx_medgold\wx_agmerra_andalusia\agmerra_1423_210_ESP.txt	-4.3750	37.6250	1	7670	12	30	2000	2622.2	0.0	7114.5	7796.0	    99.0	     1.0	76.6	1646.7	529.1	0.000	0.0	0.0	8174.61	43634.18	16054.530	4051.87	2554.05	3801.75	46.52
OliveGIS	30set19	19:21:13	D:\wx_medgold\wx_agmerra_andalusia\agmerra_1423_211_ESP.txt	-4.3750	37.3750	1	7670	12	30	2000	2619.0	0.0	6120.6	6410.8	   113.0	     1.0	109.9	2155.7	532.1	0.000	0.0	0.0	11052.90	54791.78	22010.478	10060.37	2970.26	3981.40	59.23
OliveGIS	30set19	19:21:22	D:\wx_medgold\wx_agmerra_andalusia\agmerra_1423_212_ESP.txt	-4.3750	37.1250	1	7670	12	30	2000	2614.6	0.0	6352.8	6591.8	   112.0	     1.0	96.5	2194.7	549.3	0.000	0.0	0.0	12792.44	61907.61	24963.139	11004.11	3232.53	4259.54	61.66
OliveGIS	30set19	19:21:31	D:\wx_medgold\wx_agmerra_andalusia\agmerra_1423_213_ESP.txt	-4.3750	36.8750	1	7670	12	30	2000	2613.9	0.0	6026.6	6127.1	   113.0	     1.0	106.9	2312.9	518.8	0.000	0.0	0.0	17607.83	85141.72	35809.952	17960.27	4156.05	4636.15	72.03
OliveGIS	30set19	19:21:40	D:\wx_medgold\wx_agmerra_andalusia\agmerra_1424_207_ESP.txt	-4.1250	38.3750	1	7670	12	30	2000	2598.9	1.1	6450.8	6814.7	   135.0	     1.0	210.4	2317.0	466.6	0.000	0.0	0.0	15380.43	78342.38	33003.331	20198.05	3522.28	4411.72	62.06
OliveGIS	30set19	19:21:48	D:\wx_medgold\wx_agmerra_andalusia\agmerra_1424_208_ESP.txt	-4.1250	38.1250	1	7670	12	30	2000	2611.4	0.4	5887.4	6338.5	   124.0	     1.0	166.2	2072.4	434.0	0.000	0.0	0.0	9826.12	48542.70	19288.934	8270.68	2660.62	3730.01	56.38
OliveGIS	30set19	19:21:58	D:\wx_medgold\wx_agmerra_andalusia\agmerra_1424_209_ESP.txt	-4.1250	37.8750	1	7670	12	30	2000	2635.0	0.0	7081.0	7841.4	   101.0	     1.0	87.9	1540.5	520.2	0.000	0.0	0.0	7718.47	41337.80	14848.606	3825.37	2435.73	3697.56	44.85
OliveGIS	30set19	19:22:06	D:\wx_medgold\wx_agmerra_andalusia\agmerra_1424_210_ESP.txt	-4.1250	37.6250	1	7670	12	30	2000	2631.5	0.0	7226.0	7837.7	   109.0	     1.0	95.1	1858.3	517.3	0.000	0.0	0.0	9278.16	48318.01	18697.272	5342.13	2788.69	4063.64	49.23
OliveGIS	30set19	19:22:14	D:\wx_medgold\wx_agmerra_andalusia\agmerra_1424_211_ESP.txt	-4.1250	37.3750	1	7670	12	30	2000	2612.7	0.0	5947.4	6171.3	   123.0	     1.0	134.5	2326.3	518.5	0.000	0.0	0.0	14401.34	71611.47	29598.730	19238.78	3446.46	4223.78	65.54
OliveGIS	30set19	19:22:23	D:\wx_medgold\wx_agmerra_andalusia\agmerra_1424_212_ESP.txt	-4.1250	37.1250	1	7670	12	30	2000	2616.9	0.0	5858.3	6054.7	   116.0	     1.0	109.4	2265.9	527.6	0.000	0.0	0.0	14478.37	69608.98	29047.431	11644.83	3567.72	4311.19	67.93
OliveGIS	30set19	19:22:34	D:\wx_medgold\wx_agmerra_andalusia\agmerra_1424_213_ESP.txt	-4.1250	36.8750	1	7670	12	30	2000	2623.9	0.0	5915.0	5978.8	   116.0	     1.0	109.3	2390.2	491.3	0.000	0.0	0.0	19080.44	92025.56	39803.301	23790.80	4341.50	4657.00	74.00
OliveGIS	30set19	19:22:43	D:\wx_medgold\wx_agmerra_andalusia\agmerra_1425_207_ESP.txt	-3.8750	38.3750	1	7670	12	30	2000	2607.1	0.4	5962.3	6461.1	   126.0	     1.0	169.6	2098.5	490.7	0.000	0.0	0.0	10909.30	52626.95	20858.971	8082.17	2737.25	3857.15	57.29
OliveGIS	30set19	19:22:53	D:\wx_medgold\wx_agmerra_andalusia\agmerra_1425_208_ESP.txt	-3.8750	38.1250	1	7670	12	30	2000	2621.6	0.1	6501.5	7130.4	   114.0	     1.0	134.0	1836.8	454.6	0.000	0.0	0.0	8548.12	44353.15	17394.860	4617.99	2585.74	3732.71	49.89
OliveGIS	30set19	19:23:03	D:\wx_medgold\wx_agmerra_andalusia\agmerra_1425_209_ESP.txt	-3.8750	37.8750	1	7670	12	30	2000	2630.1	0.0	6504.8	7471.3	   104.0	     1.0	92.3	1434.6	547.5	0.000	0.0	0.0	5489.03	28595.13	9644.093	2720.43	1659.42	2855.45	36.36
OliveGIS	30set19	19:23:12	D:\wx_medgold\wx_agmerra_andalusia\agmerra_1425_210_ESP.txt	-3.8750	37.6250	1	7670	12	30	2000	2625.9	0.0	6257.6	6963.1	   113.0	     1.0	109.3	1844.9	560.4	0.000	0.0	0.0	7993.25	41540.94	16010.473	4927.99	2409.14	3532.96	48.35
OliveGIS	30set19	19:23:21	D:\wx_medgold\wx_agmerra_andalusia\agmerra_1425_211_ESP.txt	-3.8750	37.3750	1	7670	12	30	2000	2617.1	0.0	5999.3	6333.5	   125.0	     1.0	152.8	2209.3	482.1	0.000	0.0	0.0	12530.94	59874.79	24073.683	12494.55	2989.41	4063.93	61.44
OliveGIS	30set19	19:23:30	D:\wx_medgold\wx_agmerra_andalusia\agmerra_1425_212_ESP.txt	-3.8750	37.1250	1	7670	12	30	2000	2619.0	0.0	6157.9	6518.9	   116.0	     1.0	119.7	2071.2	495.0	0.000	0.0	0.0	10231.74	51010.59	20003.447	6072.71	2796.63	3856.06	56.45
OliveGIS	30set19	19:23:40	D:\wx_medgold\wx_agmerra_andalusia\agmerra_1425_213_ESP.txt	-3.8750	36.8750	1	7670	12	30	2000	2615.0	0.0	7410.5	7876.3	   110.0	     1.0	107.2	1844.0	551.9	0.000	0.0	0.0	11015.32	56210.61	21775.140	5580.00	3167.41	4458.93	54.19
OliveGIS	30set19	19:23:49	D:\wx_medgold\wx_agmerra_andalusia\agmerra_1426_207_ESP.txt	-3.6250	38.3750	1	7670	12	30	2000	2605.5	0.3	6113.9	6605.6	   127.0	     1.0	177.1	2111.3	467.8	0.000	0.0	0.0	11420.32	55276.60	21966.132	11058.03	2827.73	3958.55	57.54
OliveGIS	30set19	19:23:58	D:\wx_medgold\wx_agmerra_andalusia\agmerra_1426_208_ESP.txt	-3.6250	38.1250	1	7670	12	30	2000	2615.3	0.0	6046.6	6610.0	   117.0	     1.0	143.1	1899.2	424.3	0.000	0.0	0.0	8660.04	44377.29	17404.881	5886.49	2529.73	3614.39	52.28
OliveGIS	30set19	19:24:07	D:\wx_medgold\wx_agmerra_andalusia\agmerra_1426_209_ESP.txt	-3.6250	37.8750	1	7670	12	30	2000	2634.1	0.0	6610.5	7510.6	   110.0	     1.0	104.3	1575.3	521.1	0.000	0.0	0.0	5995.48	32439.52	11473.909	2854.20	1938.34	3065.87	38.68
OliveGIS	30set19	19:24:16	D:\wx_medgold\wx_agmerra_andalusia\agmerra_1426_210_ESP.txt	-3.6250	37.6250	1	7670	12	30	2000	2611.9	0.0	5495.4	6009.3	   120.0	     1.0	134.2	2056.4	529.6	0.000	0.0	0.0	9412.59	47353.86	19020.571	7050.94	2682.59	3598.26	57.42
OliveGIS	30set19	19:24:24	D:\wx_medgold\wx_agmerra_andalusia\agmerra_1426_211_ESP.txt	-3.6250	37.3750	1	7670	12	30	2000	2606.5	0.0	6104.6	6350.4	   133.0	     1.0	188.0	2342.7	476.2	0.000	0.0	0.0	18049.33	90360.55	40459.283	20201.33	4032.52	4623.40	69.68
OliveGIS	30set19	19:24:32	D:\wx_medgold\wx_agmerra_andalusia\agmerra_1426_212_ESP.txt	-3.6250	37.1250	1	7670	12	30	2000	2620.7	0.0	5950.4	6229.6	   124.0	     1.0	145.9	2223.5	557.7	0.000	0.0	0.0	12562.66	60172.01	23892.015	12680.22	2943.53	3998.60	61.42
OliveGIS	30set19	19:24:42	D:\wx_medgold\wx_agmerra_andalusia\agmerra_1426_213_ESP.txt	-3.6250	36.8750	1	7670	12	30	2000	2625.1	0.0	6108.4	6443.3	   113.0	     1.0	123.5	1963.5	543.9	0.000	0.0	0.0	11259.27	57051.59	22914.680	7774.09	3167.54	4110.47	60.64
OliveGIS	30set19	19:24:52	D:\wx_medgold\wx_agmerra_andalusia\agmerra_1427_207_ESP.txt	-3.3750	38.3750	1	7670	12	30	2000	2620.7	0.1	5720.9	6196.3	   122.0	     1.0	162.1	1992.8	494.5	0.000	0.0	0.0	9391.96	46661.50	18643.980	7118.77	2618.09	3638.94	56.13
OliveGIS	30set19	19:25:03	D:\wx_medgold\wx_agmerra_andalusia\agmerra_1427_208_ESP.txt	-3.3750	38.1250	1	7670	12	30	2000	2614.7	0.0	6646.1	7271.9	   114.0	     1.0	132.4	1821.5	457.4	0.000	0.0	0.0	8988.79	46058.79	18047.982	6092.58	2667.20	3844.58	50.54
OliveGIS	30set19	19:25:11	D:\wx_medgold\wx_agmerra_andalusia\agmerra_1427_209_ESP.txt	-3.3750	37.8750	1	7670	12	30	2000	2627.0	0.0	6777.5	7440.5	   111.0	     1.0	110.2	1725.9	447.8	0.000	0.0	0.0	8029.07	42681.85	16334.565	4557.03	2489.88	3661.04	46.81
OliveGIS	30set19	19:25:20	D:\wx_medgold\wx_agmerra_andalusia\agmerra_1427_210_ESP.txt	-3.3750	37.6250	1	7670	12	30	2000	2614.0	0.0	5840.4	6151.5	   125.0	     1.0	152.5	2272.4	453.1	0.000	0.0	0.0	14843.77	74685.40	31633.245	19060.05	3589.73	4277.18	66.58
OliveGIS	30set19	19:25:26	D:\wx_medgold\wx_agmerra_andalusia\agmerra_1427_211_ESP.txt	-3.3750	37.3750	1	7670	12	30	2000	2052.8	7.8	6918.8	7254.2	   156.0	     1.0	524.9	2917.3	295.3	0.000	0.0	0.0	11418.69	90940.37	74318.512	4669.58	1626.61	2215.85	29.96
OliveGIS	30set19	19:25:33	D:\wx_medgold\wx_agmerra_andalusia\agmerra_1427_212_ESP.txt	-3.3750	37.1250	1	7670	12	30	2000	2217.1	2.8	7187.9	7282.8	   152.0	     1.0	420.3	2899.7	769.8	0.000	0.0	0.0	20307.53	136213.73	156966.143	13976.10	3876.96	4146.61	55.67
OliveGIS	30set19	19:25:41	D:\wx_medgold\wx_agmerra_andalusia\agmerra_1427_213_ESP.txt	-3.3750	36.8750	1	7670	12	30	2000	2604.6	0.4	6023.7	6101.0	   137.0	     1.0	281.6	2514.3	729.8	0.000	0.0	0.0	22127.79	134860.80	156288.624	32776.15	5398.33	4656.58	72.38
OliveGIS	30set19	19:25:49	D:\wx_medgold\wx_agmerra_andalusia\agmerra_1428_207_ESP.txt	-3.1250	38.3750	1	7670	12	30	2000	2610.6	0.2	6121.6	6503.4	   129.0	     1.0	185.2	2184.4	476.0	0.000	0.0	0.0	13975.50	72438.78	29638.264	15640.30	3328.26	4199.95	61.86
OliveGIS	30set19	19:25:57	D:\wx_medgold\wx_agmerra_andalusia\agmerra_1428_208_ESP.txt	-3.1250	38.1250	1	7670	12	30	2000	2614.7	0.0	5645.6	6017.8	   124.0	     1.0	162.9	2144.4	467.7	0.000	0.0	0.0	12134.24	59311.16	24482.389	12156.12	3017.54	3908.50	62.08
OliveGIS	30set19	19:26:06	D:\wx_medgold\wx_agmerra_andalusia\agmerra_1428_209_ESP.txt	-3.1250	37.8750	1	7670	12	30	2000	2621.9	0.0	5744.1	6165.6	   118.0	     1.0	135.6	2018.3	447.4	0.000	0.0	0.0	9775.96	48248.78	19442.242	7196.09	2688.54	3683.03	57.07
OliveGIS	30set19	19:26:14	D:\wx_medgold\wx_agmerra_andalusia\agmerra_1428_210_ESP.txt	-3.1250	37.6250	1	7670	12	30	2000	2609.2	0.0	6035.5	6289.8	   129.0	     1.0	169.5	2370.2	435.5	0.000	0.0	0.0	16813.77	84520.11	38163.275	23449.43	3826.84	4465.10	67.99
OliveGIS	30set19	19:26:20	D:\wx_medgold\wx_agmerra_andalusia\agmerra_1428_211_ESP.txt	-3.1250	37.3750	1	7670	12	30	2000	2049.0	6.7	6854.8	7190.0	   155.0	     1.0	517.3	2936.8	285.0	0.000	0.0	0.0	16806.50	136310.75	115287.956	7137.27	2464.75	2995.66	40.81
OliveGIS	30set19	19:26:26	D:\wx_medgold\wx_agmerra_andalusia\agmerra_1428_212_ESP.txt	-3.1250	37.1250	1	7670	12	30	2000	2282.7	0.7	2060.8	3966.9	   149.0	     1.0	371.0	2877.5	548.7	0.000	0.0	0.0	16545.53	98712.81	160788.491	28844.90	3434.21	3008.29	72.76
OliveGIS	30set19	19:26:34	D:\wx_medgold\wx_agmerra_andalusia\agmerra_1428_213_ESP.txt	-3.1250	36.8750	1	7670	12	30	2000	2606.4	0.0	6081.6	6185.6	   133.0	     1.0	198.2	2469.0	502.7	0.000	0.0	0.0	22487.08	133329.06	87787.689	36632.77	5625.20	4845.01	74.39
OliveGIS	30set19	19:26:42	D:\wx_medgold\wx_agmerra_andalusia\agmerra_1429_207_ESP.txt	-2.8750	38.3750	1	7670	12	30	2000	2605.8	3.0	6189.8	6399.8	   139.0	     1.0	313.4	2408.1	456.4	0.000	0.0	0.0	22012.42	136137.16	134746.391	38902.68	4987.75	4738.13	70.40
OliveGIS	30set19	19:26:49	D:\wx_medgold\wx_agmerra_andalusia\agmerra_1429_208_ESP.txt	-2.8750	38.1250	1	7670	12	30	2000	2595.6	2.0	6224.2	6435.0	   138.0	     1.0	298.7	2446.7	485.1	0.000	0.0	0.0	23112.10	145166.66	140429.674	39356.14	5210.42	4837.81	71.45
OliveGIS	30set19	19:26:56	D:\wx_medgold\wx_agmerra_andalusia\agmerra_1429_209_ESP.txt	-2.8750	37.8750	1	7670	12	30	2000	2589.4	0.3	6303.4	6443.7	   138.0	     1.0	287.0	2556.7	475.1	0.000	0.0	0.0	22773.41	141105.70	176436.985	39269.98	5265.45	4784.20	70.71
OliveGIS	30set19	19:27:03	D:\wx_medgold\wx_agmerra_andalusia\agmerra_1429_210_ESP.txt	-2.8750	37.6250	1	7670	12	30	2000	2490.4	0.4	5905.0	6039.9	   140.0	     1.0	313.7	2687.9	383.6	0.000	0.0	0.0	21879.16	132754.97	179791.144	30220.47	4956.93	4415.08	71.01
OliveGIS	30set19	19:27:08	D:\wx_medgold\wx_agmerra_andalusia\agmerra_1429_211_ESP.txt	-2.8750	37.3750	1	7670	12	30	2000	1463.9	47.9	0.4	0.6	   177.0	     1.0	847.2	3293.1	368.7	0.000	0.0	0.0	2.65	16.82	25.944	48.80	0.33	0.38	54.81
OliveGIS	30set19	19:27:13	D:\wx_medgold\wx_agmerra_andalusia\agmerra_1429_212_ESP.txt	-2.8750	37.1250	1	7670	12	30	2000	1712.9	11.8	5303.5	7139.0	   166.0	     1.0	588.7	3349.1	413.3	0.000	0.0	0.0	7897.73	54501.74	48511.875	3148.52	999.12	1451.81	19.70
OliveGIS	30set19	19:27:21	D:\wx_medgold\wx_agmerra_andalusia\agmerra_1429_213_ESP.txt	-2.8750	36.8750	1	7670	12	30	2000	2627.0	0.0	7178.8	7461.2	   109.0	     1.0	89.1	1874.1	426.0	0.000	0.0	0.0	13078.78	66039.29	26169.397	9931.54	3593.35	4721.01	60.23
OliveGIS	30set19	19:27:28	D:\wx_medgold\wx_agmerra_andalusia\agmerra_1430_207_ESP.txt	-2.6250	38.3750	1	7670	12	30	2000	2491.4	4.4	6906.1	7089.9	   141.0	     1.0	374.1	2543.9	468.5	0.000	0.0	0.0	21335.43	132915.95	172817.984	25701.64	4701.94	4677.87	64.20
OliveGIS	30set19	19:27:35	D:\wx_medgold\wx_agmerra_andalusia\agmerra_1430_208_ESP.txt	-2.6250	38.1250	1	7670	12	30	2000	2427.2	3.7	6846.9	7027.9	   143.0	     1.0	378.0	2637.4	522.9	0.000	0.0	0.0	23436.55	143225.86	181417.704	28226.05	5147.83	4841.01	67.26
OliveGIS	30set19	19:27:41	D:\wx_medgold\wx_agmerra_andalusia\agmerra_1430_209_ESP.txt	-2.6250	37.8750	1	7670	12	30	2000	2427.8	0.7	3066.7	5260.1	   142.0	     1.0	331.8	2729.5	475.4	0.000	0.0	0.0	20506.25	118539.49	164538.685	31341.89	4581.91	4008.43	73.96
OliveGIS	30set19	19:27:48	D:\wx_medgold\wx_agmerra_andalusia\agmerra_1430_210_ESP.txt	-2.6250	37.6250	1	7670	12	30	2000	2464.0	0.4	6685.9	6810.9	   140.0	     1.0	317.1	2715.7	383.7	0.000	0.0	0.0	26460.47	156672.01	196718.468	44058.09	6028.72	5129.42	73.34
OliveGIS	30set19	19:27:53	D:\wx_medgold\wx_agmerra_andalusia\agmerra_1430_211_ESP.txt	-2.6250	37.3750	1	7670	12	30	2000	1507.6	37.2	31.1	51.9	   175.0	     1.0	784.5	3356.4	355.5	0.000	0.0	0.0	149.00	784.49	789.947	154.81	19.36	24.86	43.74
OliveGIS	30set19	19:27:58	D:\wx_medgold\wx_agmerra_andalusia\agmerra_1430_212_ESP.txt	-2.6250	37.1250	1	7670	12	30	2000	1817.1	4.2	2537.4	4177.1	   159.0	     1.0	488.0	3404.5	351.4	0.000	0.0	0.0	12722.94	103156.99	66713.575	8235.15	1656.00	2006.97	46.48
OliveGIS	30set19	19:28:06	D:\wx_medgold\wx_agmerra_andalusia\agmerra_1430_213_ESP.txt	-2.6250	36.8750	1	7670	12	30	2000	2629.5	0.0	8218.6	8578.1	   101.0	     1.0	62.2	1630.4	337.6	0.000	0.0	0.0	13277.74	68242.43	26645.009	6933.08	3822.12	5159.81	57.44
OliveGIS	30set19	19:28:13	D:\wx_medgold\wx_agmerra_andalusia\agmerra_1431_209_ESP.txt	-2.3750	37.8750	1	7670	12	30	2000	2004.5	11.1	6053.5	6541.9	   154.0	     1.0	500.2	3024.3	363.9	0.000	0.0	0.0	25195.03	204897.94	166753.565	13531.37	3794.07	3855.18	57.41
OliveGIS	30set19	19:28:19	D:\wx_medgold\wx_agmerra_andalusia\agmerra_1431_210_ESP.txt	-2.3750	37.6250	1	7670	12	30	2000	2125.0	5.3	3578.4	3709.6	   150.0	     1.0	426.0	2991.1	350.8	0.000	0.0	0.0	16424.89	113583.98	122272.552	14070.80	2972.63	2615.55	68.20
OliveGIS	30set19	19:28:25	D:\wx_medgold\wx_agmerra_andalusia\agmerra_1431_211_ESP.txt	-2.3750	37.3750	1	7670	12	30	2000	2103.7	4.9	2745.4	4617.2	   151.0	     1.0	420.3	3059.0	270.8	0.000	0.0	0.0	21074.98	149230.99	155524.108	15594.30	3831.66	3257.81	68.44
OliveGIS	30set19	19:28:31	D:\wx_medgold\wx_agmerra_andalusia\agmerra_1431_212_ESP.txt	-2.3750	37.1250	1	7670	12	30	2000	2446.1	0.0	6012.0	6066.2	   137.0	     1.0	206.6	2966.8	294.3	0.000	0.0	0.0	30731.87	172638.75	202319.483	79153.56	7028.09	5014.98	80.15
OliveGIS	30set19	19:28:40	D:\wx_medgold\wx_agmerra_andalusia\agmerra_1431_213_ESP.txt	-2.3750	36.8750	1	7670	12	30	2000	2628.7	0.0	8195.4	8541.4	   100.0	     1.0	55.5	1525.9	240.7	0.000	0.0	0.0	12409.60	63698.41	24376.253	7758.04	3601.06	4985.39	55.79
OliveGIS	30set19	19:28:47	D:\wx_medgold\wx_agmerra_andalusia\agmerra_1432_209_ESP.txt	-2.1250	37.8750	1	7670	12	30	2000	2141.3	6.6	2883.1	4162.9	   150.0	     1.0	423.8	2970.2	362.2	0.000	0.0	0.0	19844.91	124219.14	164845.953	26110.87	3714.61	3164.31	72.49
OliveGIS	30set19	19:28:54	D:\wx_medgold\wx_agmerra_andalusia\agmerra_1432_210_ESP.txt	-2.1250	37.6250	1	7670	12	30	2000	2368.2	1.4	2931.2	4811.5	   141.0	     1.0	311.8	2872.5	356.9	0.000	0.0	0.0	22095.47	123551.68	154841.735	43264.38	4766.38	3787.88	76.45
OliveGIS	30set19	19:29:01	D:\wx_medgold\wx_agmerra_andalusia\agmerra_1432_211_ESP.txt	-2.1250	37.3750	1	7670	12	30	2000	2366.1	0.4	2797.3	4366.4	   140.0	     1.0	279.5	2933.9	274.1	0.000	0.0	0.0	21845.71	121059.34	151708.367	47890.51	4759.15	3546.64	78.83
OliveGIS	30set19	19:29:08	D:\wx_medgold\wx_agmerra_andalusia\agmerra_1432_212_ESP.txt	-2.1250	37.1250	1	7670	12	30	2000	2611.3	0.0	6079.1	6091.4	   124.0	     1.0	94.5	2784.4	254.6	0.000	0.0	0.0	32479.39	178875.40	151443.499	102171.03	8259.43	5468.75	84.27
OliveGIS	30set19	19:29:18	D:\wx_medgold\wx_agmerra_andalusia\agmerra_1432_213_ESP.txt	-2.1250	36.8750	1	7670	12	30	2000	2630.6	0.0	8372.4	8697.0	    91.0	     1.0	24.2	1175.0	236.6	0.000	0.0	0.0	15068.86	77195.88	31773.846	9589.10	4588.56	5680.77	62.39
OliveGIS	30set19	19:29:26	D:\wx_medgold\wx_agmerra_andalusia\agmerra_1433_211_ESP.txt	-1.8750	37.3750	1	7670	12	30	2000	2611.3	0.1	7055.9	7425.8	   110.0	     1.0	119.3	1740.3	262.8	0.000	0.0	0.0	14526.58	75826.91	31206.511	12167.39	4127.23	4929.39	63.54
OliveGIS	30set19	19:29:36	D:\wx_medgold\wx_agmerra_andalusia\agmerra_1433_212_ESP.txt	-1.8750	37.1250	1	7670	12	30	2000	2628.2	0.0	8763.5	9067.5	    98.0	     1.0	41.0	1441.7	237.0	0.000	0.0	0.0	19446.39	101363.72	44751.472	14053.49	6006.50	6499.42	68.70
