Model	Date	Time	WxFile	Long	Lat	JdStart	DysToOut	Month	Day	Year	dd	ddbZero	FruWgt	fruNum	Bloomday	BloomYr	DDBSum	ChillHD	PrcpYrSum	TempIncr	ddbMinus10	ddbMinus83	OFEgDays	OFLrDays	OFPuDays	OFAdDays	OfPupSum	DamFrSum	PrcntAtkd
OliveGIS	30set19	19:10:02	D:\wx_medgold\wx_agmerra_andalusia\agmerra_1411_210_ESP.txt	-7.3750	37.6250	1	10227	12	31	2007	2644.4	0.2	8283.0	8599.9	   108.0	     1.0	54.4	2268.3	398.8	0.000	0.0	0.0	25955.61	135372.89	64180.694	17114.00	6966.00	6637.13	73.94
OliveGIS	30set19	19:10:13	D:\wx_medgold\wx_agmerra_andalusia\agmerra_1411_211_ESP.txt	-7.3750	37.3750	1	10227	12	31	2007	2645.9	0.2	8536.9	8719.3	   108.0	     1.0	58.1	2250.0	384.7	0.000	0.0	0.0	25544.33	132620.19	61817.263	15534.20	6661.45	6597.04	72.42
OliveGIS	30set19	19:10:20	D:\wx_medgold\wx_agmerra_andalusia\agmerra_1412_209_ESP.txt	-7.1250	37.8750	1	10227	12	31	2007	2645.5	0.3	9356.9	9699.7	   116.0	     1.0	69.6	2600.6	440.2	0.000	0.0	0.0	39389.04	207317.21	108314.479	35974.63	9852.72	8015.14	79.06
OliveGIS	30set19	19:10:27	D:\wx_medgold\wx_agmerra_andalusia\agmerra_1412_210_ESP.txt	-7.1250	37.6250	1	10227	12	31	2007	2640.5	0.3	7744.1	8039.8	   111.0	     1.0	59.2	2342.9	430.2	0.000	0.0	0.0	25168.23	130941.93	63111.835	16913.73	6597.72	6259.74	74.63
OliveGIS	30set19	19:10:35	D:\wx_medgold\wx_agmerra_andalusia\agmerra_1412_211_ESP.txt	-7.1250	37.3750	1	10227	12	31	2007	2636.2	0.3	8403.2	8616.7	   109.0	     1.0	62.8	2244.1	390.8	0.000	0.0	0.0	23448.87	123405.47	56704.010	13230.60	6284.52	6334.72	70.46
OliveGIS	30set19	19:10:42	D:\wx_medgold\wx_agmerra_andalusia\agmerra_1413_208_ESP.txt	-6.8750	38.1250	1	10227	12	31	2007	2628.4	0.8	7717.3	7990.9	   122.0	     1.0	105.6	2626.3	493.1	0.000	0.0	0.0	34186.54	177658.51	89786.039	33691.32	7818.16	6559.79	78.65
OliveGIS	30set19	19:10:49	D:\wx_medgold\wx_agmerra_andalusia\agmerra_1413_209_ESP.txt	-6.8750	37.8750	1	10227	12	31	2007	2649.1	0.3	7776.4	8041.9	   113.0	     1.0	69.1	2435.6	565.3	0.000	0.0	0.0	26522.05	140678.61	67535.755	18473.40	6732.49	6262.01	74.31
OliveGIS	30set19	19:10:57	D:\wx_medgold\wx_agmerra_andalusia\agmerra_1413_210_ESP.txt	-6.8750	37.6250	1	10227	12	31	2007	2646.9	0.2	8609.1	8931.5	   106.0	     1.0	55.0	2108.4	569.0	0.000	0.0	0.0	21268.04	108059.04	43871.956	10972.09	5409.98	6256.20	67.10
OliveGIS	30set19	19:11:08	D:\wx_medgold\wx_agmerra_andalusia\agmerra_1413_211_ESP.txt	-6.8750	37.3750	1	10227	12	31	2007	2645.3	0.2	8866.9	9129.1	   106.0	     1.0	55.4	2053.9	454.6	0.000	0.0	0.0	21853.22	110417.98	45303.102	11293.45	5553.47	6440.69	67.63
OliveGIS	30set19	19:11:15	D:\wx_medgold\wx_agmerra_andalusia\agmerra_1414_209_ESP.txt	-6.6250	37.8750	1	10227	12	31	2007	2645.4	0.4	8338.0	8605.2	   117.0	     1.0	81.1	2583.7	580.4	0.000	0.0	0.0	32132.55	168138.94	83152.806	25542.18	7851.88	6897.80	76.72
OliveGIS	30set19	19:11:23	D:\wx_medgold\wx_agmerra_andalusia\agmerra_1414_210_ESP.txt	-6.6250	37.6250	1	10227	12	31	2007	2643.5	0.3	8082.2	8398.2	   109.0	     1.0	60.7	2205.3	567.4	0.000	0.0	0.0	19887.10	102460.08	42236.743	10052.59	5122.11	5850.46	66.72
OliveGIS	30set19	19:11:32	D:\wx_medgold\wx_agmerra_andalusia\agmerra_1414_211_ESP.txt	-6.6250	37.3750	1	10227	12	31	2007	2653.6	0.3	8473.8	8769.5	   108.0	     1.0	62.4	2069.1	465.2	0.000	0.0	0.0	20109.46	102337.29	41423.050	10014.13	5153.75	6090.33	66.28
OliveGIS	30set19	19:11:39	D:\wx_medgold\wx_agmerra_andalusia\agmerra_1414_212_ESP.txt	-6.6250	37.1250	1	10227	12	31	2007	2671.9	0.0	8523.5	8693.0	    93.0	     1.0	19.1	1841.8	402.2	0.000	0.0	0.0	27877.91	133922.57	61036.673	18945.69	7299.71	7024.73	77.11
OliveGIS	30set19	19:11:47	D:\wx_medgold\wx_agmerra_andalusia\agmerra_1415_209_ESP.txt	-6.3750	37.8750	1	10227	12	31	2007	2645.1	0.6	9330.7	9657.6	   116.0	     1.0	93.6	2426.6	486.8	0.000	0.0	0.0	26953.62	140230.79	60719.298	14773.40	6377.13	6899.44	68.33
OliveGIS	30set19	19:11:55	D:\wx_medgold\wx_agmerra_andalusia\agmerra_1415_210_ESP.txt	-6.3750	37.6250	1	10227	12	31	2007	2649.4	0.4	7948.2	8302.1	   108.0	     1.0	69.2	2044.6	466.7	0.000	0.0	0.0	15420.78	77800.73	28946.541	6740.92	3888.47	5185.34	59.67
OliveGIS	30set19	19:12:04	D:\wx_medgold\wx_agmerra_andalusia\agmerra_1415_211_ESP.txt	-6.3750	37.3750	1	10227	12	31	2007	2664.1	0.2	8326.7	8781.9	   102.0	     1.0	46.9	1724.3	433.2	0.000	0.0	0.0	13522.34	68993.95	27201.815	7028.13	3947.35	5288.54	57.50
OliveGIS	30set19	19:12:13	D:\wx_medgold\wx_agmerra_andalusia\agmerra_1415_212_ESP.txt	-6.3750	37.1250	1	10227	12	31	2007	2673.6	0.0	9264.7	9579.7	    88.0	     1.0	19.0	1422.3	406.0	0.000	0.0	0.0	21800.27	107413.75	45163.323	13221.67	6082.64	6891.89	68.94
OliveGIS	30set19	19:12:22	D:\wx_medgold\wx_agmerra_andalusia\agmerra_1415_213_ESP.txt	-6.3750	36.8750	1	10227	12	31	2007	2662.2	0.0	8311.8	8504.9	    97.0	     1.0	26.8	1829.3	430.0	0.000	0.0	0.0	25002.06	121574.81	54233.263	16294.74	6666.77	6704.97	75.32
OliveGIS	30set19	19:12:29	D:\wx_medgold\wx_agmerra_andalusia\agmerra_1416_209_ESP.txt	-6.1250	37.8750	1	10227	12	31	2007	2646.2	0.6	8696.0	9000.7	   117.0	     1.0	98.5	2414.7	481.8	0.000	0.0	0.0	23894.27	122658.64	50947.421	12037.29	5451.86	6241.34	66.37
OliveGIS	30set19	19:12:37	D:\wx_medgold\wx_agmerra_andalusia\agmerra_1416_210_ESP.txt	-6.1250	37.6250	1	10227	12	31	2007	2642.2	0.4	8044.1	8416.8	   108.0	     1.0	71.0	2010.8	459.1	0.000	0.0	0.0	13877.42	69934.47	25092.990	5784.85	3494.84	4927.64	56.11
OliveGIS	30set19	19:12:46	D:\wx_medgold\wx_agmerra_andalusia\agmerra_1416_211_ESP.txt	-6.1250	37.3750	1	10227	12	31	2007	2657.2	0.3	8501.2	9027.3	   103.0	     1.0	55.7	1663.6	420.4	0.000	0.0	0.0	12361.75	64054.97	24839.842	6430.78	3720.22	5114.24	54.27
OliveGIS	30set19	19:12:55	D:\wx_medgold\wx_agmerra_andalusia\agmerra_1416_212_ESP.txt	-6.1250	37.1250	1	10227	12	31	2007	2667.1	0.1	8520.5	8917.1	    90.0	     1.0	33.5	1419.8	413.0	0.000	0.0	0.0	16154.57	81783.89	33363.016	9317.35	4669.93	5825.06	62.57
OliveGIS	30set19	19:13:04	D:\wx_medgold\wx_agmerra_andalusia\agmerra_1416_213_ESP.txt	-6.1250	36.8750	1	10227	12	31	2007	2664.7	0.5	8370.1	8671.0	   101.0	     1.0	51.3	1725.3	448.0	0.000	0.0	0.0	18036.53	89651.23	36639.476	9789.15	4929.06	5973.39	65.75
OliveGIS	30set19	19:13:13	D:\wx_medgold\wx_agmerra_andalusia\agmerra_1416_214_ESP.txt	-6.1250	36.6250	1	10227	12	31	2007	2665.2	0.2	8322.5	8495.4	    98.0	     1.0	32.6	1947.6	422.1	0.000	0.0	0.0	26757.15	131034.89	59053.956	17746.55	7048.59	6844.29	76.82
OliveGIS	30set19	19:13:22	D:\wx_medgold\wx_agmerra_andalusia\agmerra_1416_215_ESP.txt	-6.1250	36.3750	1	10227	12	31	2007	2666.0	0.2	8205.2	8566.2	    96.0	     1.0	38.6	1549.5	413.1	0.000	0.0	0.0	13864.87	69512.84	27045.380	7168.21	3886.08	5264.34	58.65
OliveGIS	30set19	19:13:30	D:\wx_medgold\wx_agmerra_andalusia\agmerra_1417_208_ESP.txt	-5.8750	38.1250	1	10227	12	31	2007	2632.4	1.3	8148.1	8451.4	   128.0	     1.0	147.5	2494.5	417.1	0.000	0.0	0.0	25609.87	128007.11	53433.910	13112.21	5089.74	5881.69	66.90
OliveGIS	30set19	19:13:37	D:\wx_medgold\wx_agmerra_andalusia\agmerra_1417_209_ESP.txt	-5.8750	37.8750	1	10227	12	31	2007	2634.8	0.6	8650.7	9040.1	   115.0	     1.0	101.8	2279.1	431.3	0.000	0.0	0.0	17732.48	89214.06	34372.503	7043.61	4183.80	5565.62	59.05
OliveGIS	30set19	19:13:45	D:\wx_medgold\wx_agmerra_andalusia\agmerra_1417_210_ESP.txt	-5.8750	37.6250	1	10227	12	31	2007	2655.2	0.4	8320.8	8768.3	   107.0	     1.0	75.0	1890.7	405.1	0.000	0.0	0.0	12658.40	63700.69	22930.859	5461.98	3297.73	4873.79	53.15
OliveGIS	30set19	19:13:54	D:\wx_medgold\wx_agmerra_andalusia\agmerra_1417_211_ESP.txt	-5.8750	37.3750	1	10227	12	31	2007	2657.6	0.3	7902.7	8459.2	   101.0	     1.0	55.6	1574.8	419.5	0.000	0.0	0.0	11575.57	60083.05	23312.935	6417.75	3501.03	4833.15	54.63
OliveGIS	30set19	19:14:06	D:\wx_medgold\wx_agmerra_andalusia\agmerra_1417_212_ESP.txt	-5.8750	37.1250	1	10227	12	31	2007	2681.5	0.3	8120.7	8582.3	    95.0	     1.0	42.8	1458.9	408.9	0.000	0.0	0.0	14123.35	72412.18	28952.691	8186.59	4178.11	5415.00	60.12
OliveGIS	30set19	19:14:15	D:\wx_medgold\wx_agmerra_andalusia\agmerra_1417_213_ESP.txt	-5.8750	36.8750	1	10227	12	31	2007	2651.6	0.6	9183.2	9528.0	   104.0	     1.0	52.9	1854.9	414.2	0.000	0.0	0.0	18090.86	91405.49	35286.324	8598.69	4795.24	6128.59	61.77
OliveGIS	30set19	19:14:23	D:\wx_medgold\wx_agmerra_andalusia\agmerra_1417_214_ESP.txt	-5.8750	36.6250	1	10227	12	31	2007	2663.5	0.3	8355.5	8547.7	    99.0	     1.0	32.6	1964.2	462.7	0.000	0.0	0.0	24418.26	119802.80	51734.856	14519.18	6320.13	6621.81	73.93
OliveGIS	30set19	19:14:30	D:\wx_medgold\wx_agmerra_andalusia\agmerra_1417_215_ESP.txt	-5.8750	36.3750	1	10227	12	31	2007	2669.0	0.1	8087.7	8227.2	    98.0	     1.0	27.1	2057.1	571.6	0.000	0.0	0.0	28267.55	139918.21	66034.508	20180.37	7528.08	6815.55	79.01
OliveGIS	30set19	19:14:38	D:\wx_medgold\wx_agmerra_andalusia\agmerra_1418_208_ESP.txt	-5.6250	38.1250	1	10227	12	31	2007	2628.2	1.1	7841.0	8192.3	   127.0	     1.0	141.8	2402.6	430.9	0.000	0.0	0.0	20907.61	105112.19	42602.515	9836.55	4532.08	5499.79	64.45
OliveGIS	30set19	19:14:45	D:\wx_medgold\wx_agmerra_andalusia\agmerra_1418_209_ESP.txt	-5.6250	37.8750	1	10227	12	31	2007	2635.7	0.6	7707.0	8097.5	   114.0	     1.0	96.7	2166.0	428.8	0.000	0.0	0.0	14264.45	73363.31	27417.644	5717.28	3606.58	4832.43	57.21
OliveGIS	30set19	19:14:54	D:\wx_medgold\wx_agmerra_andalusia\agmerra_1418_210_ESP.txt	-5.6250	37.6250	1	10227	12	31	2007	2659.1	0.5	8247.4	8692.1	   106.0	     1.0	74.8	1828.6	402.5	0.000	0.0	0.0	12221.33	61980.07	23160.219	5661.76	3368.34	4884.06	53.62
OliveGIS	30set19	19:15:03	D:\wx_medgold\wx_agmerra_andalusia\agmerra_1418_211_ESP.txt	-5.6250	37.3750	1	10227	12	31	2007	2670.3	0.5	8460.6	9030.9	   104.0	     1.0	62.5	1652.6	420.2	0.000	0.0	0.0	11007.76	57765.82	21785.588	5638.37	3375.57	4842.50	51.11
OliveGIS	30set19	19:15:11	D:\wx_medgold\wx_agmerra_andalusia\agmerra_1418_212_ESP.txt	-5.6250	37.1250	1	10227	12	31	2007	2659.5	0.5	8958.1	9435.8	   104.0	     1.0	57.1	1767.1	415.6	0.000	0.0	0.0	13104.88	66194.27	24940.686	6037.72	3677.03	5279.00	53.67
OliveGIS	30set19	19:15:19	D:\wx_medgold\wx_agmerra_andalusia\agmerra_1418_213_ESP.txt	-5.6250	36.8750	1	10227	12	31	2007	2646.1	0.9	7673.7	7857.9	   112.0	     1.0	72.3	2251.6	439.6	0.000	0.0	0.0	21323.17	109592.77	48757.662	12098.30	5422.57	5788.44	70.33
OliveGIS	30set19	19:15:27	D:\wx_medgold\wx_agmerra_andalusia\agmerra_1418_214_ESP.txt	-5.6250	36.6250	1	10227	12	31	2007	2655.3	0.4	8414.8	8521.1	   107.0	     1.0	43.0	2296.0	503.1	0.000	0.0	0.0	28152.49	140389.22	64991.903	18541.45	7024.06	6803.76	76.38
OliveGIS	30set19	19:15:35	D:\wx_medgold\wx_agmerra_andalusia\agmerra_1418_215_ESP.txt	-5.6250	36.3750	1	10227	12	31	2007	2664.7	0.1	8755.4	8836.6	   104.0	     1.0	33.1	2236.5	700.9	0.000	0.0	0.0	32833.58	165227.73	83347.389	25952.96	8577.85	7401.92	80.07
OliveGIS	30set19	19:15:42	D:\wx_medgold\wx_agmerra_andalusia\agmerra_1418_216_ESP.txt	-5.6250	36.1250	1	10227	12	31	2007	2679.6	0.0	8147.4	8201.6	    91.0	     1.0	7.0	2180.8	501.7	0.000	0.0	0.0	39239.05	199389.67	116579.294	45393.92	11081.33	7395.81	85.66
OliveGIS	30set19	19:15:49	D:\wx_medgold\wx_agmerra_andalusia\agmerra_1419_207_ESP.txt	-5.3750	38.3750	1	10227	12	31	2007	2635.1	2.0	7942.3	8303.3	   133.0	     1.0	188.9	2477.8	413.9	0.000	0.0	0.0	26479.15	134172.83	53060.896	13330.70	4867.66	5625.44	65.30
OliveGIS	30set19	19:15:57	D:\wx_medgold\wx_agmerra_andalusia\agmerra_1419_208_ESP.txt	-5.3750	38.1250	1	10227	12	31	2007	2621.5	1.5	8323.1	8786.8	   129.0	     1.0	161.2	2356.1	436.8	0.000	0.0	0.0	19559.98	96697.46	37368.512	8076.82	4089.13	5449.82	59.67
OliveGIS	30set19	19:16:05	D:\wx_medgold\wx_agmerra_andalusia\agmerra_1419_209_ESP.txt	-5.3750	37.8750	1	10227	12	31	2007	2650.6	0.5	7465.5	8018.5	   112.0	     1.0	87.9	1980.4	442.5	0.000	0.0	0.0	11013.36	56504.95	20048.321	4477.27	2935.40	4336.42	51.48
OliveGIS	30set19	19:16:14	D:\wx_medgold\wx_agmerra_andalusia\agmerra_1419_210_ESP.txt	-5.3750	37.6250	1	10227	12	31	2007	2657.4	0.5	8562.9	9148.2	   105.0	     1.0	71.4	1696.5	406.1	0.000	0.0	0.0	10886.69	56929.12	21424.379	5480.57	3319.72	4801.67	50.16
OliveGIS	30set19	19:16:23	D:\wx_medgold\wx_agmerra_andalusia\agmerra_1419_211_ESP.txt	-5.3750	37.3750	1	10227	12	31	2007	2656.9	0.6	8438.8	8946.4	   107.0	     1.0	71.3	1768.1	428.4	0.000	0.0	0.0	10565.53	53666.62	19684.889	4715.30	3009.62	4592.66	49.09
OliveGIS	30set19	19:16:31	D:\wx_medgold\wx_agmerra_andalusia\agmerra_1419_212_ESP.txt	-5.3750	37.1250	1	10227	12	31	2007	2652.5	0.8	7624.0	7917.0	   111.0	     1.0	77.1	2122.7	434.9	0.000	0.0	0.0	15513.46	78343.41	30271.107	6697.67	3893.49	5051.06	61.06
OliveGIS	30set19	19:16:38	D:\wx_medgold\wx_agmerra_andalusia\agmerra_1419_213_ESP.txt	-5.3750	36.8750	1	10227	12	31	2007	2545.7	2.5	7656.4	7686.7	   136.0	     1.0	192.6	3020.1	484.6	0.000	0.0	0.0	42528.30	259009.82	253324.935	87461.47	10122.26	6301.85	79.55
OliveGIS	30set19	19:16:46	D:\wx_medgold\wx_agmerra_andalusia\agmerra_1419_214_ESP.txt	-5.3750	36.6250	1	10227	12	31	2007	2603.0	1.0	7492.4	7523.0	   129.0	     1.0	120.9	3082.0	545.1	0.000	0.0	0.0	48894.66	280425.78	236952.148	130596.77	11516.33	6792.66	85.68
OliveGIS	30set19	19:16:53	D:\wx_medgold\wx_agmerra_andalusia\agmerra_1419_215_ESP.txt	-5.3750	36.3750	1	10227	12	31	2007	2662.4	0.1	8579.4	8703.2	   105.0	     1.0	36.2	2226.0	648.9	0.000	0.0	0.0	34083.26	168164.54	83326.341	31200.42	8744.88	7450.17	81.54
OliveGIS	30set19	19:17:01	D:\wx_medgold\wx_agmerra_andalusia\agmerra_1420_206_ESP.txt	-5.1250	38.6250	1	10227	12	31	2007	2626.1	1.4	8003.3	8539.8	   130.0	     1.0	166.9	2362.3	440.2	0.000	0.0	0.0	19772.68	98439.90	39840.971	8450.36	4054.78	5314.17	59.85
OliveGIS	30set19	19:17:08	D:\wx_medgold\wx_agmerra_andalusia\agmerra_1420_207_ESP.txt	-5.1250	38.3750	1	10227	12	31	2007	2625.6	2.1	7832.7	8147.9	   133.0	     1.0	192.1	2483.7	416.2	0.000	0.0	0.0	26346.99	134482.84	54152.250	13396.43	4754.15	5485.46	64.96
OliveGIS	30set19	19:17:16	D:\wx_medgold\wx_agmerra_andalusia\agmerra_1420_208_ESP.txt	-5.1250	38.1250	1	10227	12	31	2007	2632.9	1.5	8041.5	8485.8	   128.0	     1.0	158.5	2296.5	429.3	0.000	0.0	0.0	17205.26	84253.79	31649.359	6710.29	3597.21	5027.04	56.68
OliveGIS	30set19	19:17:25	D:\wx_medgold\wx_agmerra_andalusia\agmerra_1420_209_ESP.txt	-5.1250	37.8750	1	10227	12	31	2007	2659.2	0.6	7608.5	8181.1	   112.0	     1.0	86.6	1906.3	431.8	0.000	0.0	0.0	10689.95	54818.48	19346.225	4457.94	2886.91	4352.04	50.64
OliveGIS	30set19	19:17:34	D:\wx_medgold\wx_agmerra_andalusia\agmerra_1420_210_ESP.txt	-5.1250	37.6250	1	10227	12	31	2007	2666.3	0.6	8322.6	8887.5	   106.0	     1.0	73.0	1709.8	399.7	0.000	0.0	0.0	10606.63	55450.65	20965.474	5365.91	3248.51	4700.43	50.41
OliveGIS	30set19	19:17:43	D:\wx_medgold\wx_agmerra_andalusia\agmerra_1420_211_ESP.txt	-5.1250	37.3750	1	10227	12	31	2007	2660.4	0.8	8178.1	8658.6	   108.0	     1.0	73.7	1805.6	431.7	0.000	0.0	0.0	10896.01	55455.71	20061.932	4760.61	3014.43	4577.29	50.43
OliveGIS	30set19	19:17:52	D:\wx_medgold\wx_agmerra_andalusia\agmerra_1420_212_ESP.txt	-5.1250	37.1250	1	10227	12	31	2007	2661.1	0.9	7611.9	7884.1	   113.0	     1.0	80.0	2113.1	429.7	0.000	0.0	0.0	15331.11	77617.28	30048.834	6586.58	3844.61	5012.99	60.67
OliveGIS	30set19	19:17:59	D:\wx_medgold\wx_agmerra_andalusia\agmerra_1420_213_ESP.txt	-5.1250	36.8750	1	10227	12	31	2007	2571.4	2.0	7759.1	7764.3	   135.0	     1.0	179.9	2988.8	484.5	0.000	0.0	0.0	42613.49	255117.96	262584.260	85459.24	10519.61	6472.82	80.38
OliveGIS	30set19	19:18:07	D:\wx_medgold\wx_agmerra_andalusia\agmerra_1420_214_ESP.txt	-5.1250	36.6250	1	10227	12	31	2007	2636.7	0.3	7539.0	7529.7	   126.0	     1.0	70.6	2994.8	510.0	0.000	0.0	0.0	49615.37	274537.66	199239.349	130161.33	11816.88	6963.04	87.01
OliveGIS	30set19	19:18:15	D:\wx_medgold\wx_agmerra_andalusia\agmerra_1421_206_ESP.txt	-4.8750	38.6250	1	10227	12	31	2007	2631.9	1.3	8046.7	8618.5	   129.0	     1.0	161.4	2271.8	484.2	0.000	0.0	0.0	18849.75	93997.80	37079.909	7795.04	3989.93	5271.92	58.69
OliveGIS	30set19	19:18:22	D:\wx_medgold\wx_agmerra_andalusia\agmerra_1421_207_ESP.txt	-4.8750	38.3750	1	10227	12	31	2007	2604.3	3.5	8645.9	8847.3	   139.0	     1.0	306.3	2661.5	423.7	0.000	0.0	0.0	22256.54	148225.66	164422.662	14861.80	4930.83	4537.49	49.59
OliveGIS	30set19	19:18:30	D:\wx_medgold\wx_agmerra_andalusia\agmerra_1421_208_ESP.txt	-4.8750	38.1250	1	10227	12	31	2007	2635.2	2.4	8300.6	8643.8	   132.0	     1.0	190.3	2418.6	394.0	0.000	0.0	0.0	24772.67	122202.16	48302.730	11616.53	4506.67	5629.96	62.72
OliveGIS	30set19	19:18:40	D:\wx_medgold\wx_agmerra_andalusia\agmerra_1421_209_ESP.txt	-4.8750	37.8750	1	10227	12	31	2007	2649.3	1.3	9221.5	9819.3	   116.0	     1.0	115.5	2097.5	455.3	0.000	0.0	0.0	15808.72	81514.89	30671.358	6266.11	4098.81	5644.59	54.90
OliveGIS	30set19	19:18:49	D:\wx_medgold\wx_agmerra_andalusia\agmerra_1421_210_ESP.txt	-4.8750	37.6250	1	10227	12	31	2007	2651.6	1.3	7809.0	8274.2	   113.0	     1.0	102.0	1999.0	428.4	0.000	0.0	0.0	12488.67	64193.82	22957.109	5002.47	3284.38	4664.60	53.69
OliveGIS	30set19	19:18:58	D:\wx_medgold\wx_agmerra_andalusia\agmerra_1421_211_ESP.txt	-4.8750	37.3750	1	10227	12	31	2007	2648.1	1.3	8892.0	9236.8	   116.0	     1.0	97.9	2149.0	422.1	0.000	0.0	0.0	16379.14	82549.61	31169.581	6354.96	3953.57	5442.75	56.50
OliveGIS	30set19	19:19:07	D:\wx_medgold\wx_agmerra_andalusia\agmerra_1421_212_ESP.txt	-4.8750	37.1250	1	10227	12	31	2007	2653.9	1.4	8745.1	8931.2	   119.0	     1.0	102.0	2365.9	418.0	0.000	0.0	0.0	27187.32	142761.20	64849.106	15966.40	6473.72	6592.05	70.74
OliveGIS	30set19	19:19:16	D:\wx_medgold\wx_agmerra_andalusia\agmerra_1421_213_ESP.txt	-4.8750	36.8750	1	10227	12	31	2007	2660.9	1.0	8371.4	8476.5	   117.0	     1.0	86.8	2345.7	427.1	0.000	0.0	0.0	26597.81	138322.21	63524.759	19193.91	6379.67	6410.14	72.34
OliveGIS	30set19	19:19:24	D:\wx_medgold\wx_agmerra_andalusia\agmerra_1421_214_ESP.txt	-4.8750	36.6250	1	10227	12	31	2007	2668.8	0.0	8318.1	8377.6	   101.0	     1.0	21.6	2098.5	417.5	0.000	0.0	0.0	29731.46	147719.72	70361.583	22250.64	7778.92	6966.98	79.21
OliveGIS	30set19	19:19:31	D:\wx_medgold\wx_agmerra_andalusia\agmerra_1422_207_ESP.txt	-4.6250	38.3750	1	10227	12	31	2007	2591.3	3.9	8438.7	8614.8	   139.0	     1.0	314.2	2668.8	425.7	0.000	0.0	0.0	25132.29	166783.40	184300.071	15785.83	5605.18	4865.28	54.77
OliveGIS	30set19	19:19:40	D:\wx_medgold\wx_agmerra_andalusia\agmerra_1422_208_ESP.txt	-4.6250	38.1250	1	10227	12	31	2007	2628.7	2.5	8407.5	8766.0	   131.0	     1.0	189.9	2361.3	385.5	0.000	0.0	0.0	22348.91	109767.51	42790.582	9960.42	4211.61	5523.91	60.65
OliveGIS	30set19	19:19:51	D:\wx_medgold\wx_agmerra_andalusia\agmerra_1422_209_ESP.txt	-4.6250	37.8750	1	10227	12	31	2007	2655.4	1.5	9147.0	9737.6	   116.0	     1.0	116.9	2056.6	435.4	0.000	0.0	0.0	14058.82	71387.52	25829.762	5270.86	3569.40	5235.02	51.25
OliveGIS	30set19	19:20:00	D:\wx_medgold\wx_agmerra_andalusia\agmerra_1422_210_ESP.txt	-4.6250	37.6250	1	10227	12	31	2007	2654.6	1.5	8273.3	8744.0	   115.0	     1.0	108.6	2046.6	418.9	0.000	0.0	0.0	12905.73	65138.77	23266.225	4814.98	3218.84	4741.14	51.75
OliveGIS	30set19	19:20:10	D:\wx_medgold\wx_agmerra_andalusia\agmerra_1422_211_ESP.txt	-4.6250	37.3750	1	10227	12	31	2007	2653.3	1.4	9232.0	9570.6	   119.0	     1.0	104.7	2196.9	414.8	0.000	0.0	0.0	18635.00	92933.59	35233.666	7600.40	4224.68	5781.99	57.86
OliveGIS	30set19	19:20:19	D:\wx_medgold\wx_agmerra_andalusia\agmerra_1422_212_ESP.txt	-4.6250	37.1250	1	10227	12	31	2007	2647.1	1.4	8672.0	8868.0	   119.0	     1.0	104.1	2331.7	422.8	0.000	0.0	0.0	25103.76	133122.16	60229.476	15877.52	6075.51	6320.45	68.43
OliveGIS	30set19	19:20:28	D:\wx_medgold\wx_agmerra_andalusia\agmerra_1422_213_ESP.txt	-4.6250	36.8750	1	10227	12	31	2007	2649.1	0.7	8483.2	8603.2	   115.0	     1.0	75.3	2245.6	411.4	0.000	0.0	0.0	22556.87	115530.25	48904.268	13099.71	5347.97	6058.68	67.66
OliveGIS	30set19	19:20:37	D:\wx_medgold\wx_agmerra_andalusia\agmerra_1422_214_ESP.txt	-4.6250	36.6250	1	10227	12	31	2007	2684.4	0.0	8263.2	8334.1	    93.0	     1.0	11.2	1844.8	358.5	0.000	0.0	0.0	30335.65	150262.25	74683.127	24526.47	8313.67	7051.38	80.63
OliveGIS	30set19	19:20:46	D:\wx_medgold\wx_agmerra_andalusia\agmerra_1423_208_ESP.txt	-4.3750	38.1250	1	10227	12	31	2007	2632.4	2.4	8487.9	8923.7	   130.0	     1.0	178.3	2321.3	402.8	0.000	0.0	0.0	19649.68	97501.14	38059.299	8027.42	3948.91	5354.80	57.67
OliveGIS	30set19	19:20:56	D:\wx_medgold\wx_agmerra_andalusia\agmerra_1423_209_ESP.txt	-4.3750	37.8750	1	10227	12	31	2007	2650.7	1.0	7724.8	8470.4	   113.0	     1.0	95.7	1744.1	428.0	0.000	0.0	0.0	8564.13	44593.52	16027.217	3948.10	2568.77	4035.64	45.49
OliveGIS	30set19	19:21:06	D:\wx_medgold\wx_agmerra_andalusia\agmerra_1423_210_ESP.txt	-4.3750	37.6250	1	10227	12	31	2007	2655.2	1.2	7525.0	8128.9	   114.0	     1.0	97.6	1879.1	416.3	0.000	0.0	0.0	10277.84	52492.04	18411.163	4152.91	2775.88	4229.88	49.68
OliveGIS	30set19	19:21:15	D:\wx_medgold\wx_agmerra_andalusia\agmerra_1423_211_ESP.txt	-4.3750	37.3750	1	10227	12	31	2007	2646.2	2.0	8377.0	8707.5	   126.0	     1.0	130.6	2252.3	396.7	0.000	0.0	0.0	19937.05	99107.80	37782.655	8888.81	4254.38	5568.44	61.30
OliveGIS	30set19	19:21:24	D:\wx_medgold\wx_agmerra_andalusia\agmerra_1423_212_ESP.txt	-4.3750	37.1250	1	10227	12	31	2007	2646.7	1.7	8204.3	8444.7	   122.0	     1.0	118.6	2248.7	396.9	0.000	0.0	0.0	18274.14	89204.07	33461.697	8678.83	3808.74	5207.10	59.21
OliveGIS	30set19	19:21:34	D:\wx_medgold\wx_agmerra_andalusia\agmerra_1423_213_ESP.txt	-4.3750	36.8750	1	10227	12	31	2007	2651.2	0.9	8518.3	8702.3	   115.0	     1.0	91.4	2107.7	415.8	0.000	0.0	0.0	16191.97	81057.96	30511.456	7224.80	3878.25	5281.70	58.04
OliveGIS	30set19	19:21:42	D:\wx_medgold\wx_agmerra_andalusia\agmerra_1424_207_ESP.txt	-4.1250	38.3750	1	10227	12	31	2007	2624.3	3.8	8818.4	9153.9	   138.0	     1.0	239.8	2530.2	414.1	0.000	0.0	0.0	28722.14	188733.75	114488.085	24863.02	6352.55	5572.12	58.53
OliveGIS	30set19	19:21:50	D:\wx_medgold\wx_agmerra_andalusia\agmerra_1424_208_ESP.txt	-4.1250	38.1250	1	10227	12	31	2007	2639.8	2.7	8351.6	8809.1	   130.0	     1.0	185.5	2276.1	385.9	0.000	0.0	0.0	19260.12	95821.07	37394.170	8089.32	3908.58	5277.02	57.56
OliveGIS	30set19	19:22:00	D:\wx_medgold\wx_agmerra_andalusia\agmerra_1424_209_ESP.txt	-4.1250	37.8750	1	10227	12	31	2007	2655.6	1.2	7618.5	8333.1	   114.0	     1.0	106.5	1794.9	416.8	0.000	0.0	0.0	9428.95	48557.02	17267.389	4025.35	2680.37	4154.33	47.56
OliveGIS	30set19	19:22:08	D:\wx_medgold\wx_agmerra_andalusia\agmerra_1424_210_ESP.txt	-4.1250	37.6250	1	10227	12	31	2007	2651.6	1.6	9437.0	10104.8	   119.0	     1.0	119.8	2042.4	418.4	0.000	0.0	0.0	14998.37	75859.44	27496.644	5496.35	3699.84	5430.72	51.34
OliveGIS	30set19	19:22:16	D:\wx_medgold\wx_agmerra_andalusia\agmerra_1424_211_ESP.txt	-4.1250	37.3750	1	10227	12	31	2007	2637.9	2.6	8545.0	8781.2	   130.0	     1.0	157.4	2418.4	391.7	0.000	0.0	0.0	27734.77	141378.71	61592.050	19529.05	5607.75	6177.39	67.61
OliveGIS	30set19	19:22:25	D:\wx_medgold\wx_agmerra_andalusia\agmerra_1424_212_ESP.txt	-4.1250	37.1250	1	10227	12	31	2007	2643.6	1.7	8157.5	8343.5	   126.0	     1.0	131.0	2300.4	389.4	0.000	0.0	0.0	20063.03	100573.47	39442.224	12195.90	4307.55	5423.58	62.37
OliveGIS	30set19	19:22:36	D:\wx_medgold\wx_agmerra_andalusia\agmerra_1424_213_ESP.txt	-4.1250	36.8750	1	10227	12	31	2007	2660.6	0.7	8428.7	8565.2	   117.0	     1.0	91.5	2139.3	398.9	0.000	0.0	0.0	17824.21	88528.28	34148.875	9054.54	4155.29	5465.98	61.00
OliveGIS	30set19	19:22:45	D:\wx_medgold\wx_agmerra_andalusia\agmerra_1425_207_ESP.txt	-3.8750	38.3750	1	10227	12	31	2007	2623.8	2.1	8170.0	8793.5	   131.0	     1.0	180.4	2257.6	434.8	0.000	0.0	0.0	19460.78	98783.12	39132.519	8695.97	4163.96	5348.98	58.63
OliveGIS	30set19	19:22:55	D:\wx_medgold\wx_agmerra_andalusia\agmerra_1425_208_ESP.txt	-3.8750	38.1250	1	10227	12	31	2007	2642.5	1.5	8400.3	9167.7	   123.0	     1.0	145.4	1995.9	406.8	0.000	0.0	0.0	12646.66	64176.73	23254.197	4607.49	3179.32	4718.21	49.21
OliveGIS	30set19	19:23:05	D:\wx_medgold\wx_agmerra_andalusia\agmerra_1425_209_ESP.txt	-3.8750	37.8750	1	10227	12	31	2007	2646.6	1.1	7330.6	8346.5	   114.0	     1.0	106.8	1604.1	424.4	0.000	0.0	0.0	6409.78	34376.22	11741.790	3098.26	2052.23	3376.89	38.51
OliveGIS	30set19	19:23:14	D:\wx_medgold\wx_agmerra_andalusia\agmerra_1425_210_ESP.txt	-3.8750	37.6250	1	10227	12	31	2007	2656.4	1.7	8445.1	9338.3	   123.0	     1.0	130.5	1966.6	448.7	0.000	0.0	0.0	12586.22	64178.63	23352.765	4755.99	3213.99	4802.36	49.03
OliveGIS	30set19	19:23:23	D:\wx_medgold\wx_agmerra_andalusia\agmerra_1425_211_ESP.txt	-3.8750	37.3750	1	10227	12	31	2007	2636.3	4.3	8168.0	8428.2	   134.0	     1.0	196.4	2421.1	314.0	0.000	0.0	0.0	30025.29	159241.62	74568.276	25185.84	5938.05	5945.11	68.12
OliveGIS	30set19	19:23:32	D:\wx_medgold\wx_agmerra_andalusia\agmerra_1425_212_ESP.txt	-3.8750	37.1250	1	10227	12	31	2007	2643.5	2.9	8432.0	8698.9	   129.0	     1.0	158.3	2234.5	307.2	0.000	0.0	0.0	18922.51	93629.46	35609.291	9678.92	3966.08	5310.67	58.61
OliveGIS	30set19	19:23:43	D:\wx_medgold\wx_agmerra_andalusia\agmerra_1425_213_ESP.txt	-3.8750	36.8750	1	10227	12	31	2007	2650.2	1.2	8630.8	9180.5	   116.0	     1.0	107.7	1800.2	434.8	0.000	0.0	0.0	10332.51	51521.14	17887.938	3936.49	2705.43	4377.30	45.48
OliveGIS	30set19	19:23:51	D:\wx_medgold\wx_agmerra_andalusia\agmerra_1426_207_ESP.txt	-3.6250	38.3750	1	10227	12	31	2007	2634.7	2.1	7919.6	8485.2	   132.0	     1.0	188.8	2258.8	422.9	0.000	0.0	0.0	19759.63	101569.23	40779.881	9362.65	4194.30	5255.04	59.72
OliveGIS	30set19	19:24:00	D:\wx_medgold\wx_agmerra_andalusia\agmerra_1426_208_ESP.txt	-3.6250	38.1250	1	10227	12	31	2007	2647.2	1.6	8147.3	8819.8	   127.0	     1.0	157.1	2056.0	391.1	0.000	0.0	0.0	14080.79	71126.00	26471.401	5120.40	3341.52	4826.48	52.33
OliveGIS	30set19	19:24:10	D:\wx_medgold\wx_agmerra_andalusia\agmerra_1426_209_ESP.txt	-3.6250	37.8750	1	10227	12	31	2007	2653.6	1.3	8433.9	9583.5	   118.0	     1.0	122.4	1730.4	413.9	0.000	0.0	0.0	7958.30	41185.38	14009.648	3096.60	2313.01	3889.81	38.61
OliveGIS	30set19	19:24:18	D:\wx_medgold\wx_agmerra_andalusia\agmerra_1426_210_ESP.txt	-3.6250	37.6250	1	10227	12	31	2007	2641.9	2.3	7896.9	8572.0	   129.0	     1.0	157.9	2125.4	429.1	0.000	0.0	0.0	15609.51	78213.48	29983.426	6990.25	3560.75	4952.83	55.45
OliveGIS	30set19	19:24:26	D:\wx_medgold\wx_agmerra_andalusia\agmerra_1426_211_ESP.txt	-3.6250	37.3750	1	10227	12	31	2007	2627.3	5.9	8675.3	8844.8	   138.0	     1.0	256.8	2532.6	314.6	0.000	0.0	0.0	35987.02	241707.01	221634.808	45825.36	8828.43	6350.49	68.73
OliveGIS	30set19	19:24:34	D:\wx_medgold\wx_agmerra_andalusia\agmerra_1426_212_ESP.txt	-3.6250	37.1250	1	10227	12	31	2007	2639.4	4.1	8223.2	8414.6	   132.0	     1.0	187.3	2367.6	358.8	0.000	0.0	0.0	27073.82	137755.32	58125.628	19460.83	5147.97	5793.34	66.20
OliveGIS	30set19	19:24:45	D:\wx_medgold\wx_agmerra_andalusia\agmerra_1426_213_ESP.txt	-3.6250	36.8750	1	10227	12	31	2007	2646.3	1.7	8393.1	8888.6	   120.0	     1.0	122.9	1918.0	430.0	0.000	0.0	0.0	11061.83	54976.85	19482.545	3993.64	2769.31	4376.66	46.98
OliveGIS	30set19	19:24:54	D:\wx_medgold\wx_agmerra_andalusia\agmerra_1427_207_ESP.txt	-3.3750	38.3750	1	10227	12	31	2007	2641.6	1.5	7707.7	8361.3	   129.0	     1.0	168.9	2148.9	443.7	0.000	0.0	0.0	15530.11	78634.72	30256.425	6817.75	3550.53	4856.70	55.78
OliveGIS	30set19	19:25:04	D:\wx_medgold\wx_agmerra_andalusia\agmerra_1427_208_ESP.txt	-3.3750	38.1250	1	10227	12	31	2007	2651.8	1.3	8131.0	8925.9	   124.0	     1.0	143.0	1968.7	417.6	0.000	0.0	0.0	13013.16	66394.86	24260.791	5126.70	3285.12	4753.52	50.91
OliveGIS	30set19	19:25:13	D:\wx_medgold\wx_agmerra_andalusia\agmerra_1427_209_ESP.txt	-3.3750	37.8750	1	10227	12	31	2007	2652.7	1.2	9419.8	10444.4	   119.0	     1.0	124.5	1862.6	386.7	0.000	0.0	0.0	12098.59	62090.99	21026.039	4303.85	3172.02	4968.04	45.40
OliveGIS	30set19	19:25:22	D:\wx_medgold\wx_agmerra_andalusia\agmerra_1427_210_ESP.txt	-3.3750	37.6250	1	10227	12	31	2007	2653.8	2.7	8063.7	8529.1	   131.0	     1.0	170.2	2294.0	401.0	0.000	0.0	0.0	26331.54	140642.46	65056.447	21546.54	5935.43	6094.84	68.65
OliveGIS	30set19	19:25:28	D:\wx_medgold\wx_agmerra_andalusia\agmerra_1427_211_ESP.txt	-3.3750	37.3750	1	10227	12	31	2007	2072.7	15.7	6227.7	6665.9	   161.0	     1.0	503.1	2982.1	255.0	0.000	0.0	0.1	25527.58	178248.39	219066.709	14010.50	4752.28	3870.96	55.32
OliveGIS	30set19	19:25:35	D:\wx_medgold\wx_agmerra_andalusia\agmerra_1427_212_ESP.txt	-3.3750	37.1250	1	10227	12	31	2007	2252.3	10.0	7199.8	7350.1	   154.0	     1.0	404.1	2910.5	602.8	0.000	0.0	0.0	29399.56	178039.68	315239.602	30159.88	6322.40	4896.15	64.76
OliveGIS	30set19	19:25:43	D:\wx_medgold\wx_agmerra_andalusia\agmerra_1427_213_ESP.txt	-3.3750	36.8750	1	10227	12	31	2007	2620.2	6.8	7337.1	7405.1	   139.0	     1.0	297.3	2510.1	649.9	0.000	0.0	0.0	33289.97	205111.00	277332.938	48794.41	7885.96	5895.50	75.49
OliveGIS	30set19	19:25:51	D:\wx_medgold\wx_agmerra_andalusia\agmerra_1428_207_ESP.txt	-3.1250	38.3750	1	10227	12	31	2007	2631.1	2.2	7828.6	8311.1	   132.0	     1.0	193.6	2309.8	435.2	0.000	0.0	0.0	24720.55	141557.46	68959.448	15321.61	5963.09	5764.91	66.93
OliveGIS	30set19	19:25:59	D:\wx_medgold\wx_agmerra_andalusia\agmerra_1428_208_ESP.txt	-3.1250	38.1250	1	10227	12	31	2007	2630.6	1.9	8193.0	8731.5	   130.0	     1.0	175.7	2228.6	438.1	0.000	0.0	0.0	22353.85	118451.28	51287.488	13008.55	5191.71	5799.50	64.04
OliveGIS	30set19	19:26:08	D:\wx_medgold\wx_agmerra_andalusia\agmerra_1428_209_ESP.txt	-3.1250	37.8750	1	10227	12	31	2007	2647.4	1.5	7921.2	8557.9	   128.0	     1.0	151.6	2090.7	396.5	0.000	0.0	0.0	18068.43	95342.00	39728.003	9780.84	4529.27	5427.40	60.95
OliveGIS	30set19	19:26:15	D:\wx_medgold\wx_agmerra_andalusia\agmerra_1428_210_ESP.txt	-3.1250	37.6250	1	10227	12	31	2007	2641.5	2.6	7585.8	7935.5	   132.0	     1.0	184.6	2366.9	391.8	0.000	0.0	0.0	30931.25	166133.28	87661.008	36441.86	6746.51	6057.67	73.44
OliveGIS	30set19	19:26:21	D:\wx_medgold\wx_agmerra_andalusia\agmerra_1428_211_ESP.txt	-3.1250	37.3750	1	10227	12	31	2007	2077.6	13.9	6184.1	6619.1	   160.0	     1.0	493.2	2982.3	251.5	0.000	0.0	0.0	26132.38	183961.30	233755.854	15387.28	4973.36	3979.85	57.31
OliveGIS	30set19	19:26:28	D:\wx_medgold\wx_agmerra_andalusia\agmerra_1428_212_ESP.txt	-3.1250	37.1250	1	10227	12	31	2007	2324.6	7.0	7373.3	7439.1	   149.0	     1.0	353.0	2899.3	449.3	0.000	0.0	0.0	33190.73	204547.39	342677.086	43681.31	7440.09	5341.47	70.16
OliveGIS	30set19	19:26:36	D:\wx_medgold\wx_agmerra_andalusia\agmerra_1428_213_ESP.txt	-3.1250	36.8750	1	10227	12	31	2007	2625.3	4.9	7113.6	7200.3	   135.0	     1.0	214.5	2448.6	447.0	0.000	0.0	0.0	32012.08	195733.73	159379.585	46998.72	7713.70	5781.38	76.38
OliveGIS	30set19	19:26:43	D:\wx_medgold\wx_agmerra_andalusia\agmerra_1429_207_ESP.txt	-2.8750	38.3750	1	10227	12	31	2007	2595.9	5.9	8393.9	8676.7	   139.0	     1.0	334.8	2535.0	429.3	0.000	0.0	0.0	31495.40	202264.75	243495.280	44212.17	7454.83	5893.51	65.73
OliveGIS	30set19	19:26:50	D:\wx_medgold\wx_agmerra_andalusia\agmerra_1429_208_ESP.txt	-2.8750	38.1250	1	10227	12	31	2007	2600.6	5.2	8561.0	8840.9	   139.0	     1.0	322.7	2536.2	482.0	0.000	0.0	0.0	36748.99	235327.68	274180.084	52074.68	8574.10	6474.06	70.61
OliveGIS	30set19	19:26:57	D:\wx_medgold\wx_agmerra_andalusia\agmerra_1429_209_ESP.txt	-2.8750	37.8750	1	10227	12	31	2007	2576.3	3.9	8159.6	8378.6	   139.0	     1.0	292.8	2623.6	491.9	0.000	0.0	0.0	36681.85	235404.78	253707.131	68798.65	8475.68	6330.94	73.03
OliveGIS	30set19	19:27:04	D:\wx_medgold\wx_agmerra_andalusia\agmerra_1429_210_ESP.txt	-2.8750	37.6250	1	10227	12	31	2007	2498.2	4.4	7650.8	7799.8	   140.0	     1.0	313.7	2719.6	376.3	0.000	0.0	0.0	32670.99	203678.66	288013.093	53117.58	7700.64	5665.17	71.14
OliveGIS	30set19	19:27:09	D:\wx_medgold\wx_agmerra_andalusia\agmerra_1429_211_ESP.txt	-2.8750	37.3750	1	10227	12	31	2007	1464.2	60.2	14.4	26.0	   183.0	     1.0	831.4	3469.3	365.8	0.000	0.0	0.2	83.53	535.46	470.443	112.48	11.19	12.65	44.04
OliveGIS	30set19	19:27:14	D:\wx_medgold\wx_agmerra_andalusia\agmerra_1429_212_ESP.txt	-2.8750	37.1250	1	10227	12	31	2007	1723.9	20.9	7716.1	10491.1	   171.0	     1.0	581.7	3422.7	405.7	0.000	0.0	0.0	23485.86	181117.01	181293.139	8818.84	3821.49	3862.38	35.43
OliveGIS	30set19	19:27:23	D:\wx_medgold\wx_agmerra_andalusia\agmerra_1429_213_ESP.txt	-2.8750	36.8750	1	10227	12	31	2007	2647.2	1.1	8198.3	8534.8	   115.0	     1.0	96.5	1845.9	389.8	0.000	0.0	0.0	14789.82	74182.43	28120.328	9419.83	3790.40	5204.35	58.17
OliveGIS	30set19	19:27:30	D:\wx_medgold\wx_agmerra_andalusia\agmerra_1430_207_ESP.txt	-2.6250	38.3750	1	10227	12	31	2007	2455.7	8.3	8296.4	8533.3	   141.0	     1.0	372.5	2662.7	450.4	0.000	0.0	0.0	32526.08	206807.65	292964.712	42620.17	7432.48	5858.23	67.25
OliveGIS	30set19	19:27:36	D:\wx_medgold\wx_agmerra_andalusia\agmerra_1430_208_ESP.txt	-2.6250	38.1250	1	10227	12	31	2007	2408.5	7.8	8023.7	8245.3	   143.0	     1.0	377.4	2711.5	550.6	0.000	0.0	0.0	31312.50	195548.40	330525.049	52987.97	7301.38	5684.73	67.41
OliveGIS	30set19	19:27:43	D:\wx_medgold\wx_agmerra_andalusia\agmerra_1430_209_ESP.txt	-2.6250	37.8750	1	10227	12	31	2007	2422.3	5.1	7041.4	7203.4	   143.0	     1.0	333.3	2773.5	491.5	0.000	0.0	0.0	31600.83	195929.48	282226.679	50128.69	7421.36	5307.34	72.22
OliveGIS	30set19	19:27:49	D:\wx_medgold\wx_agmerra_andalusia\agmerra_1430_210_ESP.txt	-2.6250	37.6250	1	10227	12	31	2007	2476.3	4.1	7614.9	7758.7	   140.0	     1.0	315.1	2728.5	374.5	0.000	0.0	0.0	34979.02	217511.12	315771.372	66941.98	8067.43	5814.02	73.39
OliveGIS	30set19	19:27:54	D:\wx_medgold\wx_agmerra_andalusia\agmerra_1430_211_ESP.txt	-2.6250	37.3750	1	10227	12	31	2007	1513.6	47.8	81.9	138.8	   179.0	     1.0	768.9	3471.5	344.7	0.000	0.0	0.0	317.16	2176.88	1799.192	243.22	44.21	53.61	35.58
OliveGIS	30set19	19:27:59	D:\wx_medgold\wx_agmerra_andalusia\agmerra_1430_212_ESP.txt	-2.6250	37.1250	1	10227	12	31	2007	1833.4	12.4	6336.5	7878.4	   165.0	     1.0	479.6	3445.9	341.7	0.000	0.0	0.0	32647.15	244695.63	306775.616	27712.43	6005.70	4832.47	58.52
OliveGIS	30set19	19:28:08	D:\wx_medgold\wx_agmerra_andalusia\agmerra_1430_213_ESP.txt	-2.6250	36.8750	1	10227	12	31	2007	2647.1	0.4	8783.6	9156.6	   109.0	     1.0	67.6	1618.6	307.0	0.000	0.0	0.0	16169.09	81248.82	31633.662	8970.91	4426.68	5845.57	60.97
OliveGIS	30set19	19:28:15	D:\wx_medgold\wx_agmerra_andalusia\agmerra_1431_209_ESP.txt	-2.3750	37.8750	1	10227	12	31	2007	2038.4	12.5	6334.5	6908.0	   159.0	     1.0	472.8	3099.4	431.8	0.000	0.0	0.0	31154.97	224575.64	260407.580	23775.13	5935.28	4671.72	64.09
OliveGIS	30set19	19:28:20	D:\wx_medgold\wx_agmerra_andalusia\agmerra_1431_210_ESP.txt	-2.3750	37.6250	1	10227	12	31	2007	2180.4	7.7	6534.1	6803.7	   151.0	     1.0	400.6	3003.2	409.0	0.000	0.0	0.0	31934.61	208698.40	323512.813	30151.53	6613.82	4867.83	69.08
OliveGIS	30set19	19:28:26	D:\wx_medgold\wx_agmerra_andalusia\agmerra_1431_211_ESP.txt	-2.3750	37.3750	1	10227	12	31	2007	2118.3	10.5	6551.9	6907.6	   155.0	     1.0	413.9	3113.3	305.2	0.000	0.0	0.0	34498.19	225989.16	310959.968	39317.02	7248.09	5157.63	72.04
OliveGIS	30set19	19:28:32	D:\wx_medgold\wx_agmerra_andalusia\agmerra_1431_212_ESP.txt	-2.3750	37.1250	1	10227	12	31	2007	2491.0	2.3	6713.7	6746.0	   136.0	     1.0	200.0	2923.4	337.3	0.000	0.0	0.0	35375.09	204111.99	253223.787	104744.37	8892.96	5725.38	81.62
OliveGIS	30set19	19:28:43	D:\wx_medgold\wx_agmerra_andalusia\agmerra_1431_213_ESP.txt	-2.3750	36.8750	1	10227	12	31	2007	2644.1	0.4	8581.9	8940.2	   108.0	     1.0	61.0	1516.2	251.9	0.000	0.0	0.0	16306.28	82547.90	32926.987	10219.26	4589.21	5849.28	62.60
OliveGIS	30set19	19:28:49	D:\wx_medgold\wx_agmerra_andalusia\agmerra_1432_209_ESP.txt	-2.1250	37.8750	1	10227	12	31	2007	2141.0	8.5	6569.8	6920.2	   152.0	     1.0	403.0	3078.3	424.2	0.000	0.0	0.0	34493.03	223112.99	337156.490	41587.56	6997.48	5100.35	71.13
OliveGIS	30set19	19:28:56	D:\wx_medgold\wx_agmerra_andalusia\agmerra_1432_210_ESP.txt	-2.1250	37.6250	1	10227	12	31	2007	2388.9	3.8	7411.6	7509.6	   139.0	     1.0	293.6	2884.8	413.6	0.000	0.0	0.0	37087.27	221732.91	291446.541	63670.59	8432.36	5843.36	76.11
OliveGIS	30set19	19:29:03	D:\wx_medgold\wx_agmerra_andalusia\agmerra_1432_211_ESP.txt	-2.1250	37.3750	1	10227	12	31	2007	2358.6	4.6	7024.9	7104.6	   141.0	     1.0	278.3	2967.9	306.0	0.000	0.0	0.0	37040.14	220379.36	278955.980	73680.56	8649.27	5713.56	78.17
OliveGIS	30set19	19:29:10	D:\wx_medgold\wx_agmerra_andalusia\agmerra_1432_212_ESP.txt	-2.1250	37.1250	1	10227	12	31	2007	2632.0	0.6	7142.6	7180.3	   126.0	     1.0	89.8	2693.9	287.5	0.000	0.0	0.0	39575.47	221808.85	167815.775	121540.82	10479.88	6568.86	85.46
OliveGIS	30set19	19:29:20	D:\wx_medgold\wx_agmerra_andalusia\agmerra_1432_213_ESP.txt	-2.1250	36.8750	1	10227	12	31	2007	2654.6	0.0	8360.4	8649.4	    97.0	     1.0	32.0	1174.5	250.0	0.000	0.0	0.0	18327.35	94121.07	41979.206	13191.33	5694.43	6283.50	69.50
OliveGIS	30set19	19:29:28	D:\wx_medgold\wx_agmerra_andalusia\agmerra_1433_211_ESP.txt	-1.8750	37.3750	1	10227	12	31	2007	2642.1	1.1	8231.2	8643.6	   115.0	     1.0	106.1	1782.7	316.4	0.000	0.0	0.0	18056.90	92970.51	37147.408	10800.19	4783.03	5794.87	64.20
OliveGIS	30set19	19:29:38	D:\wx_medgold\wx_agmerra_andalusia\agmerra_1433_212_ESP.txt	-1.8750	37.1250	1	10227	12	31	2007	2660.9	0.0	8197.1	8473.7	   101.0	     1.0	36.1	1361.8	275.8	0.000	0.0	0.0	19967.07	102548.40	46959.049	14930.40	6111.90	6371.67	71.68
