Model	Date	Time	WxFile	Long	Lat	JdStart	DysToOut	Month	Day	Year	dd	ddbZero	FruWgt	fruNum	Bloomday	BloomYr	DDBSum	ChillHD	PrcpYrSum	TempIncr	ddbMinus10	ddbMinus83	OFEgDays	OFLrDays	OFPuDays	OFAdDays	OfPupSum	DamFrSum	PrcntAtkd
OliveGIS	30set19	19:10:02	D:\wx_medgold\wx_agmerra_andalusia\agmerra_1411_210_ESP.txt	-7.3750	37.6250	1	10592	12	30	2008	2648.7	0.0	8481.5	8937.9	    93.0	     1.0	24.4	2124.1	515.9	0.000	0.0	0.0	28178.04	136164.65	60390.327	21286.43	6933.27	7135.72	75.60
OliveGIS	30set19	19:10:13	D:\wx_medgold\wx_agmerra_andalusia\agmerra_1411_211_ESP.txt	-7.3750	37.3750	1	10592	12	30	2008	2643.3	0.0	8458.7	8790.6	    92.0	     1.0	24.7	2074.3	523.6	0.000	0.0	0.0	29528.49	141374.10	63479.177	24304.41	7268.75	7198.86	77.64
OliveGIS	30set19	19:10:20	D:\wx_medgold\wx_agmerra_andalusia\agmerra_1412_209_ESP.txt	-7.1250	37.8750	1	10592	12	30	2008	2635.6	0.0	7965.9	8387.3	    99.0	     1.0	37.6	2429.2	569.0	0.000	0.0	0.0	33341.15	162289.61	75167.979	59164.07	7838.84	7102.33	80.05
OliveGIS	30set19	19:10:27	D:\wx_medgold\wx_agmerra_andalusia\agmerra_1412_210_ESP.txt	-7.1250	37.6250	1	10592	12	30	2008	2652.9	0.0	7950.8	8377.8	    95.0	     1.0	28.2	2160.8	559.5	0.000	0.0	0.0	26730.49	130137.08	58371.770	22986.61	6685.59	6752.63	76.15
OliveGIS	30set19	19:10:35	D:\wx_medgold\wx_agmerra_andalusia\agmerra_1412_211_ESP.txt	-7.1250	37.3750	1	10592	12	30	2008	2641.4	0.0	8612.4	8979.8	    93.0	     1.0	28.4	2032.7	534.6	0.000	0.0	0.0	27641.83	134217.39	59709.101	25563.31	6975.93	7144.71	75.57
OliveGIS	30set19	19:10:42	D:\wx_medgold\wx_agmerra_andalusia\agmerra_1413_208_ESP.txt	-6.8750	38.1250	1	10592	12	30	2008	2629.5	0.0	7595.9	7980.6	   110.0	     1.0	66.1	2615.9	614.4	0.000	0.0	0.0	34527.96	173321.02	87725.469	62442.08	7883.85	6802.64	80.46
OliveGIS	30set19	19:10:50	D:\wx_medgold\wx_agmerra_andalusia\agmerra_1413_209_ESP.txt	-6.8750	37.8750	1	10592	12	30	2008	2636.4	0.0	7743.3	8160.0	    97.0	     1.0	40.3	2366.6	677.8	0.000	0.0	0.0	28418.27	138807.12	61490.201	37464.01	6800.37	6671.51	77.36
OliveGIS	30set19	19:10:57	D:\wx_medgold\wx_agmerra_andalusia\agmerra_1413_210_ESP.txt	-6.8750	37.6250	1	10592	12	30	2008	2654.8	0.0	8384.3	8866.2	    92.0	     1.0	28.1	2017.3	682.8	0.000	0.0	0.0	24062.17	118901.89	51323.848	15154.67	6232.65	6756.14	72.35
OliveGIS	30set19	19:11:08	D:\wx_medgold\wx_agmerra_andalusia\agmerra_1413_211_ESP.txt	-6.8750	37.3750	1	10592	12	30	2008	2654.8	0.0	8801.6	9168.9	    91.0	     1.0	27.7	1959.4	585.1	0.000	0.0	0.0	25907.58	126963.44	55587.376	17547.00	6770.42	7133.39	73.80
OliveGIS	30set19	19:11:16	D:\wx_medgold\wx_agmerra_andalusia\agmerra_1414_209_ESP.txt	-6.6250	37.8750	1	10592	12	30	2008	2633.5	0.0	8708.0	9148.6	   101.0	     1.0	49.2	2483.8	692.4	0.000	0.0	0.0	35301.94	174946.99	81118.128	54173.59	8291.94	7619.73	79.08
OliveGIS	30set19	19:11:24	D:\wx_medgold\wx_agmerra_andalusia\agmerra_1414_210_ESP.txt	-6.6250	37.6250	1	10592	12	30	2008	2647.9	0.0	8053.0	8528.6	    94.0	     1.0	33.0	2093.3	682.2	0.000	0.0	0.0	23471.74	116654.68	51410.537	15882.65	6171.94	6549.47	72.82
OliveGIS	30set19	19:11:32	D:\wx_medgold\wx_agmerra_andalusia\agmerra_1414_211_ESP.txt	-6.6250	37.3750	1	10592	12	30	2008	2644.7	0.0	8294.2	8698.3	    93.0	     1.0	33.6	1943.2	597.8	0.000	0.0	0.0	23552.12	116500.67	51146.434	15653.67	6320.35	6678.37	73.14
OliveGIS	30set19	19:11:40	D:\wx_medgold\wx_agmerra_andalusia\agmerra_1414_212_ESP.txt	-6.6250	37.1250	1	10592	12	30	2008	2665.9	0.0	9498.5	9799.1	    81.0	     1.0	4.9	1707.4	506.4	0.000	0.0	0.0	29477.79	142368.78	63386.204	19438.08	7691.92	7758.26	75.77
OliveGIS	30set19	19:11:47	D:\wx_medgold\wx_agmerra_andalusia\agmerra_1415_209_ESP.txt	-6.3750	37.8750	1	10592	12	30	2008	2633.9	0.0	8602.8	9068.4	   102.0	     1.0	62.9	2407.1	589.7	0.000	0.0	0.0	29080.82	144044.76	63459.367	35984.75	6975.94	7143.84	74.90
OliveGIS	30set19	19:11:56	D:\wx_medgold\wx_agmerra_andalusia\agmerra_1415_210_ESP.txt	-6.3750	37.6250	1	10592	12	30	2008	2633.2	0.0	7818.7	8325.0	    93.0	     1.0	42.2	1982.8	572.7	0.000	0.0	0.0	18836.25	93994.54	39130.475	11010.78	5053.49	5923.74	67.94
OliveGIS	30set19	19:12:04	D:\wx_medgold\wx_agmerra_andalusia\agmerra_1415_211_ESP.txt	-6.3750	37.3750	1	10592	12	30	2008	2662.3	0.0	8964.2	9529.3	    88.0	     1.0	27.0	1643.9	555.7	0.000	0.0	0.0	20463.31	104943.77	45677.088	13357.07	6173.45	6882.14	68.86
OliveGIS	30set19	19:12:13	D:\wx_medgold\wx_agmerra_andalusia\agmerra_1415_212_ESP.txt	-6.3750	37.1250	1	10592	12	30	2008	2674.5	0.0	9346.7	9792.2	    77.0	     1.0	6.1	1398.5	507.7	0.000	0.0	0.0	23225.78	116317.59	51740.132	15589.02	6876.58	7341.76	71.55
OliveGIS	30set19	19:12:22	D:\wx_medgold\wx_agmerra_andalusia\agmerra_1415_213_ESP.txt	-6.3750	36.8750	1	10592	12	30	2008	2663.8	0.0	9672.4	9920.7	    87.0	     1.0	11.2	1811.2	585.5	0.000	0.0	0.0	30373.19	146788.41	65186.467	19953.96	7991.21	7970.65	76.40
OliveGIS	30set19	19:12:29	D:\wx_medgold\wx_agmerra_andalusia\agmerra_1416_209_ESP.txt	-6.1250	37.8750	1	10592	12	30	2008	2630.6	0.0	8383.5	8847.4	   103.0	     1.0	67.8	2339.7	590.9	0.000	0.0	0.0	26106.33	131202.04	55944.625	28770.75	6305.18	6754.82	72.80
OliveGIS	30set19	19:12:37	D:\wx_medgold\wx_agmerra_andalusia\agmerra_1416_210_ESP.txt	-6.1250	37.6250	1	10592	12	30	2008	2641.8	0.0	7858.3	8382.9	    93.0	     1.0	44.3	1910.4	561.1	0.000	0.0	0.0	18231.36	92869.81	38593.044	10596.28	5101.12	5932.75	67.45
OliveGIS	30set19	19:12:46	D:\wx_medgold\wx_agmerra_andalusia\agmerra_1416_211_ESP.txt	-6.1250	37.3750	1	10592	12	30	2008	2654.0	0.0	8987.2	9619.7	    88.0	     1.0	33.9	1552.0	539.4	0.000	0.0	0.0	18038.44	94360.75	40804.812	11782.83	5644.85	6600.29	65.63
OliveGIS	30set19	19:12:55	D:\wx_medgold\wx_agmerra_andalusia\agmerra_1416_212_ESP.txt	-6.1250	37.1250	1	10592	12	30	2008	2671.8	0.0	9392.5	9955.0	    79.0	     1.0	15.3	1317.3	519.7	0.000	0.0	0.0	20860.52	108730.23	48550.557	14895.06	6664.91	7226.25	69.25
OliveGIS	30set19	19:13:05	D:\wx_medgold\wx_agmerra_andalusia\agmerra_1416_213_ESP.txt	-6.1250	36.8750	1	10592	12	30	2008	2642.1	0.0	9435.6	9811.1	    89.0	     1.0	28.9	1641.5	613.1	0.000	0.0	0.0	23053.57	114754.64	49727.576	14512.70	6561.99	7227.33	70.54
OliveGIS	30set19	19:13:13	D:\wx_medgold\wx_agmerra_andalusia\agmerra_1416_214_ESP.txt	-6.1250	36.6250	1	10592	12	30	2008	2647.6	0.0	9890.4	10138.6	    88.0	     1.0	13.8	1920.0	580.9	0.000	0.0	0.0	30077.03	145489.98	64197.899	21103.48	7889.63	8002.96	75.47
OliveGIS	30set19	19:13:23	D:\wx_medgold\wx_agmerra_andalusia\agmerra_1416_215_ESP.txt	-6.1250	36.3750	1	10592	12	30	2008	2658.6	0.0	9667.0	10232.0	    86.0	     1.0	17.7	1364.7	595.1	0.000	0.0	0.0	19962.68	104491.73	45968.351	13585.54	6384.12	7182.46	67.30
OliveGIS	30set19	19:13:30	D:\wx_medgold\wx_agmerra_andalusia\agmerra_1417_208_ESP.txt	-5.8750	38.1250	1	10592	12	30	2008	2615.3	0.1	7840.1	8312.4	   115.0	     1.0	109.2	2469.8	504.2	0.000	0.0	0.0	28948.04	146499.55	67163.036	40701.81	6739.40	6609.74	75.76
OliveGIS	30set19	19:13:38	D:\wx_medgold\wx_agmerra_andalusia\agmerra_1417_209_ESP.txt	-5.8750	37.8750	1	10592	12	30	2008	2634.6	0.0	8469.8	9015.7	    99.0	     1.0	73.4	2198.5	533.3	0.000	0.0	0.0	20915.66	104638.35	43267.708	15410.30	5336.59	6382.59	67.41
OliveGIS	30set19	19:13:45	D:\wx_medgold\wx_agmerra_andalusia\agmerra_1417_210_ESP.txt	-5.8750	37.6250	1	10592	12	30	2008	2645.2	0.0	7944.4	8537.9	    91.0	     1.0	49.7	1785.6	490.3	0.000	0.0	0.0	16611.69	84603.29	35314.866	9919.33	4811.89	5837.71	65.22
OliveGIS	30set19	19:13:55	D:\wx_medgold\wx_agmerra_andalusia\agmerra_1417_211_ESP.txt	-5.8750	37.3750	1	10592	12	30	2008	2659.2	0.0	8972.6	9689.0	    84.0	     1.0	31.7	1469.2	508.1	0.000	0.0	0.0	16525.17	89403.73	39304.716	11739.74	5615.78	6503.35	64.19
OliveGIS	30set19	19:14:06	D:\wx_medgold\wx_agmerra_andalusia\agmerra_1417_212_ESP.txt	-5.8750	37.1250	1	10592	12	30	2008	2669.5	0.0	9220.8	9862.9	    79.0	     1.0	20.7	1367.3	494.6	0.000	0.0	0.0	16711.82	91014.15	39761.226	11757.91	5691.84	6602.49	63.90
OliveGIS	30set19	19:14:15	D:\wx_medgold\wx_agmerra_andalusia\agmerra_1417_213_ESP.txt	-5.8750	36.8750	1	10592	12	30	2008	2652.2	0.0	8783.2	9145.0	    90.0	     1.0	29.5	1866.4	545.4	0.000	0.0	0.0	21905.12	111229.06	47841.918	14031.60	6229.82	6784.77	70.57
OliveGIS	30set19	19:14:23	D:\wx_medgold\wx_agmerra_andalusia\agmerra_1417_214_ESP.txt	-5.8750	36.6250	1	10592	12	30	2008	2661.2	0.0	9630.0	9916.3	    88.0	     1.0	13.6	1995.7	612.8	0.000	0.0	0.0	27366.08	135616.42	60014.798	18157.19	7409.24	7672.25	73.55
OliveGIS	30set19	19:14:30	D:\wx_medgold\wx_agmerra_andalusia\agmerra_1417_215_ESP.txt	-5.8750	36.3750	1	10592	12	30	2008	2660.5	0.0	9371.9	9663.2	    85.0	     1.0	8.2	1960.7	811.1	0.000	0.0	0.0	30684.20	148464.41	67359.499	24040.14	8196.60	7878.55	77.58
OliveGIS	30set19	19:14:38	D:\wx_medgold\wx_agmerra_andalusia\agmerra_1418_208_ESP.txt	-5.6250	38.1250	1	10592	12	30	2008	2620.4	0.1	7553.2	8082.8	   114.0	     1.0	105.2	2355.3	511.4	0.000	0.0	0.0	23784.84	120022.32	51796.847	27348.02	5769.67	6153.28	72.55
OliveGIS	30set19	19:14:46	D:\wx_medgold\wx_agmerra_andalusia\agmerra_1418_209_ESP.txt	-5.6250	37.8750	1	10592	12	30	2008	2631.2	0.0	7554.3	8077.6	    97.0	     1.0	70.4	2062.5	530.3	0.000	0.0	0.0	17500.46	88379.96	36654.168	11615.88	4732.81	5666.94	66.62
OliveGIS	30set19	19:14:54	D:\wx_medgold\wx_agmerra_andalusia\agmerra_1418_210_ESP.txt	-5.6250	37.6250	1	10592	12	30	2008	2632.4	0.0	8201.1	8811.3	    90.0	     1.0	50.2	1711.8	484.8	0.000	0.0	0.0	16414.07	85335.77	36203.007	10380.04	5047.39	5975.50	64.94
OliveGIS	30set19	19:15:03	D:\wx_medgold\wx_agmerra_andalusia\agmerra_1418_211_ESP.txt	-5.6250	37.3750	1	10592	12	30	2008	2648.9	0.0	9232.7	9927.0	    87.0	     1.0	37.2	1542.2	506.2	0.000	0.0	0.0	16689.08	89028.29	38526.977	11320.75	5468.70	6555.40	63.35
OliveGIS	30set19	19:15:11	D:\wx_medgold\wx_agmerra_andalusia\agmerra_1418_212_ESP.txt	-5.6250	37.1250	1	10592	12	30	2008	2656.4	0.0	9141.7	9725.2	    88.0	     1.0	31.3	1687.4	502.8	0.000	0.0	0.0	18727.36	97969.08	42137.611	12524.31	5885.53	6773.76	66.50
OliveGIS	30set19	19:15:20	D:\wx_medgold\wx_agmerra_andalusia\agmerra_1418_213_ESP.txt	-5.6250	36.8750	1	10592	12	30	2008	2634.1	0.0	8113.0	8380.2	    97.0	     1.0	46.3	2247.9	579.1	0.000	0.0	0.0	24911.55	124249.27	55973.521	24974.98	6600.92	6662.60	75.16
OliveGIS	30set19	19:15:27	D:\wx_medgold\wx_agmerra_andalusia\agmerra_1418_214_ESP.txt	-5.6250	36.6250	1	10592	12	30	2008	2638.6	0.0	8348.7	8566.8	    94.0	     1.0	23.0	2323.9	658.0	0.000	0.0	0.0	29474.24	143918.43	66031.901	34148.76	7519.42	7121.47	78.46
OliveGIS	30set19	19:15:35	D:\wx_medgold\wx_agmerra_andalusia\agmerra_1418_215_ESP.txt	-5.6250	36.3750	1	10592	12	30	2008	2658.7	0.0	8245.6	8478.3	    90.0	     1.0	12.9	2163.2	976.0	0.000	0.0	0.0	29938.64	145700.41	68945.099	32780.20	7928.35	7201.31	79.87
OliveGIS	30set19	19:15:42	D:\wx_medgold\wx_agmerra_andalusia\agmerra_1418_216_ESP.txt	-5.6250	36.1250	1	10592	12	30	2008	2684.7	0.0	9875.4	10095.0	    82.0	     1.0	1.3	2211.5	719.3	0.000	0.0	0.0	44600.09	217964.27	114985.958	50551.60	11945.18	9012.28	84.13
OliveGIS	30set19	19:15:49	D:\wx_medgold\wx_agmerra_andalusia\agmerra_1419_207_ESP.txt	-5.3750	38.3750	1	10592	12	30	2008	2609.4	0.4	6688.5	7147.8	   119.0	     1.0	148.3	2458.3	498.9	0.000	0.0	0.0	25967.72	132581.13	63020.685	37510.35	5961.07	5701.04	76.00
OliveGIS	30set19	19:15:57	D:\wx_medgold\wx_agmerra_andalusia\agmerra_1419_208_ESP.txt	-5.3750	38.1250	1	10592	12	30	2008	2610.3	0.2	7981.3	8630.0	   116.0	     1.0	124.5	2314.6	518.5	0.000	0.0	0.0	22380.82	113453.04	46918.899	23174.15	5383.26	6210.81	69.03
OliveGIS	30set19	19:16:05	D:\wx_medgold\wx_agmerra_andalusia\agmerra_1419_209_ESP.txt	-5.3750	37.8750	1	10592	12	30	2008	2626.0	0.0	7214.4	7885.2	    95.0	     1.0	62.4	1845.9	554.1	0.000	0.0	0.0	13584.80	70235.78	29135.374	8476.92	4084.83	5134.34	62.24
OliveGIS	30set19	19:16:14	D:\wx_medgold\wx_agmerra_andalusia\agmerra_1419_210_ESP.txt	-5.3750	37.6250	1	10592	12	30	2008	2652.9	0.0	8723.3	9473.6	    89.0	     1.0	46.7	1559.8	503.0	0.000	0.0	0.0	14808.98	80114.72	34280.565	10006.67	4935.94	6086.56	61.31
OliveGIS	30set19	19:16:23	D:\wx_medgold\wx_agmerra_andalusia\agmerra_1419_211_ESP.txt	-5.3750	37.3750	1	10592	12	30	2008	2651.0	0.0	8612.3	9222.3	    89.0	     1.0	42.2	1637.2	521.7	0.000	0.0	0.0	16724.59	88891.41	38221.558	11436.41	5407.28	6308.05	65.14
OliveGIS	30set19	19:16:31	D:\wx_medgold\wx_agmerra_andalusia\agmerra_1419_212_ESP.txt	-5.3750	37.1250	1	10592	12	30	2008	2641.2	0.0	7913.6	8373.0	    94.0	     1.0	44.2	2021.4	536.0	0.000	0.0	0.0	19565.96	99239.74	42696.651	15170.44	5553.23	6185.46	70.10
OliveGIS	30set19	19:16:39	D:\wx_medgold\wx_agmerra_andalusia\agmerra_1419_213_ESP.txt	-5.3750	36.8750	1	10592	12	30	2008	2540.9	0.7	5991.8	6016.1	   122.0	     1.0	175.3	3067.6	615.0	0.000	0.0	0.0	34027.24	209315.06	229892.595	160326.28	7739.45	5133.27	81.97
OliveGIS	30set19	19:16:46	D:\wx_medgold\wx_agmerra_andalusia\agmerra_1419_214_ESP.txt	-5.3750	36.6250	1	10592	12	30	2008	2564.9	0.1	6448.8	6520.2	   117.0	     1.0	106.8	3167.2	686.0	0.000	0.0	0.0	37996.24	219586.61	233411.859	144514.54	8786.54	5797.33	84.37
OliveGIS	30set19	19:16:54	D:\wx_medgold\wx_agmerra_andalusia\agmerra_1419_215_ESP.txt	-5.3750	36.3750	1	10592	12	30	2008	2650.4	0.0	8259.9	8654.8	    91.0	     1.0	14.6	2152.2	843.2	0.000	0.0	0.0	27205.13	135267.12	62802.727	29718.65	7554.38	7122.55	77.87
OliveGIS	30set19	19:17:01	D:\wx_medgold\wx_agmerra_andalusia\agmerra_1420_206_ESP.txt	-5.1250	38.6250	1	10592	12	30	2008	2621.1	0.2	7397.0	8138.2	   117.0	     1.0	125.8	2330.7	486.8	0.000	0.0	0.0	22323.60	113352.06	47781.265	22516.10	5324.26	5953.71	69.87
OliveGIS	30set19	19:17:09	D:\wx_medgold\wx_agmerra_andalusia\agmerra_1420_207_ESP.txt	-5.1250	38.3750	1	10592	12	30	2008	2603.3	0.5	6776.2	7206.7	   119.0	     1.0	150.9	2502.3	500.0	0.000	0.0	0.0	27423.01	141774.67	69293.401	43783.27	6228.51	5792.46	76.62
OliveGIS	30set19	19:17:17	D:\wx_medgold\wx_agmerra_andalusia\agmerra_1420_208_ESP.txt	-5.1250	38.1250	1	10592	12	30	2008	2619.3	0.2	7611.8	8249.3	   115.0	     1.0	123.4	2259.2	516.7	0.000	0.0	0.0	20148.52	102159.89	42161.898	20508.47	4982.98	5871.19	67.97
OliveGIS	30set19	19:17:25	D:\wx_medgold\wx_agmerra_andalusia\agmerra_1420_209_ESP.txt	-5.1250	37.8750	1	10592	12	30	2008	2621.7	0.0	7387.6	8075.4	    94.0	     1.0	63.1	1782.8	533.1	0.000	0.0	0.0	13709.17	71845.15	30184.889	8862.57	4285.40	5279.90	62.51
OliveGIS	30set19	19:17:35	D:\wx_medgold\wx_agmerra_andalusia\agmerra_1420_210_ESP.txt	-5.1250	37.6250	1	10592	12	30	2008	2648.8	0.0	8245.9	8951.0	    90.0	     1.0	49.9	1604.2	484.4	0.000	0.0	0.0	14492.04	78769.48	33788.388	9961.88	4832.86	5849.60	62.33
OliveGIS	30set19	19:17:43	D:\wx_medgold\wx_agmerra_andalusia\agmerra_1420_211_ESP.txt	-5.1250	37.3750	1	10592	12	30	2008	2640.1	0.0	8060.9	8630.0	    91.0	     1.0	46.8	1731.4	516.6	0.000	0.0	0.0	15670.41	82151.78	34892.582	10571.35	4895.09	5846.15	64.66
OliveGIS	30set19	19:17:52	D:\wx_medgold\wx_agmerra_andalusia\agmerra_1420_212_ESP.txt	-5.1250	37.1250	1	10592	12	30	2008	2634.3	0.0	7734.7	8179.6	    96.0	     1.0	48.9	2061.2	516.4	0.000	0.0	0.0	18785.81	94721.33	40337.406	14994.17	5257.63	5973.06	69.53
OliveGIS	30set19	19:18:00	D:\wx_medgold\wx_agmerra_andalusia\agmerra_1420_213_ESP.txt	-5.1250	36.8750	1	10592	12	30	2008	2553.9	0.5	6095.7	6126.3	   122.0	     1.0	167.3	3041.8	606.1	0.000	0.0	0.0	34809.37	215129.77	226953.838	141741.18	8019.47	5273.68	82.41
OliveGIS	30set19	19:18:07	D:\wx_medgold\wx_agmerra_andalusia\agmerra_1420_214_ESP.txt	-5.1250	36.6250	1	10592	12	30	2008	2628.9	0.0	6985.2	7068.4	   115.0	     1.0	49.3	3092.3	635.1	0.000	0.0	0.0	41883.23	242156.87	202836.838	169080.92	10180.98	6492.77	85.52
OliveGIS	30set19	19:18:15	D:\wx_medgold\wx_agmerra_andalusia\agmerra_1421_206_ESP.txt	-4.8750	38.6250	1	10592	12	30	2008	2610.7	0.2	7834.7	8719.8	   116.0	     1.0	118.4	2259.9	556.2	0.000	0.0	0.0	20221.72	102894.50	42818.990	21424.76	5183.47	6098.83	67.04
OliveGIS	30set19	19:18:22	D:\wx_medgold\wx_agmerra_andalusia\agmerra_1421_207_ESP.txt	-4.8750	38.3750	1	10592	12	30	2008	2596.5	1.0	5851.5	6081.7	   126.0	     1.0	220.8	2697.2	531.3	0.000	0.0	0.0	31696.06	197049.57	183901.982	68241.10	6971.00	5181.39	80.30
OliveGIS	30set19	19:18:30	D:\wx_medgold\wx_agmerra_andalusia\agmerra_1421_208_ESP.txt	-4.8750	38.1250	1	10592	12	30	2008	2606.8	0.4	7003.9	7535.2	   118.0	     1.0	149.7	2402.9	492.8	0.000	0.0	0.0	25488.29	131503.09	58714.943	39386.29	5980.55	5911.21	74.83
OliveGIS	30set19	19:18:40	D:\wx_medgold\wx_agmerra_andalusia\agmerra_1421_209_ESP.txt	-4.8750	37.8750	1	10592	12	30	2008	2617.4	0.0	7687.1	8426.6	    98.0	     1.0	81.7	1971.2	584.2	0.000	0.0	0.0	15920.14	82430.45	34112.140	13751.49	4665.26	5661.42	64.29
OliveGIS	30set19	19:18:49	D:\wx_medgold\wx_agmerra_andalusia\agmerra_1421_210_ESP.txt	-4.8750	37.6250	1	10592	12	30	2008	2631.9	0.0	7010.5	7625.6	    96.0	     1.0	69.8	1891.6	530.4	0.000	0.0	0.0	14275.03	74453.41	31056.255	9984.81	4298.82	5202.09	64.87
OliveGIS	30set19	19:18:58	D:\wx_medgold\wx_agmerra_andalusia\agmerra_1421_211_ESP.txt	-4.8750	37.3750	1	10592	12	30	2008	2631.4	0.0	8173.0	8682.4	    98.0	     1.0	66.3	2073.1	516.3	0.000	0.0	0.0	19296.75	97267.10	40841.202	17919.12	5290.98	6202.27	68.11
OliveGIS	30set19	19:19:07	D:\wx_medgold\wx_agmerra_andalusia\agmerra_1421_212_ESP.txt	-4.8750	37.1250	1	10592	12	30	2008	2634.7	0.1	7629.4	8014.3	   105.0	     1.0	66.8	2305.7	514.4	0.000	0.0	0.0	24477.32	120853.05	52608.611	46345.78	6180.20	6395.34	75.45
OliveGIS	30set19	19:19:16	D:\wx_medgold\wx_agmerra_andalusia\agmerra_1421_213_ESP.txt	-4.8750	36.8750	1	10592	12	30	2008	2639.1	0.0	8192.6	8540.0	   102.0	     1.0	57.1	2287.0	525.2	0.000	0.0	0.0	27584.80	136740.67	61935.515	48618.44	7251.74	7020.72	77.59
OliveGIS	30set19	19:19:24	D:\wx_medgold\wx_agmerra_andalusia\agmerra_1421_214_ESP.txt	-4.8750	36.6250	1	10592	12	30	2008	2661.9	0.0	8956.3	9289.5	    90.0	     1.0	9.4	2062.3	514.0	0.000	0.0	0.0	31947.08	155745.99	75346.297	30198.67	8846.50	7867.51	80.08
OliveGIS	30set19	19:19:31	D:\wx_medgold\wx_agmerra_andalusia\agmerra_1422_207_ESP.txt	-4.6250	38.3750	1	10592	12	30	2008	2592.3	2.6	5963.2	6175.8	   127.0	     1.0	292.5	2720.3	527.7	0.000	0.0	0.0	31247.97	203397.89	228930.573	70712.77	6964.98	5149.89	78.90
OliveGIS	30set19	19:19:41	D:\wx_medgold\wx_agmerra_andalusia\agmerra_1422_208_ESP.txt	-4.6250	38.1250	1	10592	12	30	2008	2613.2	0.6	7345.1	7917.2	   118.0	     1.0	150.2	2371.9	475.5	0.000	0.0	0.0	24919.27	129247.90	56860.911	29834.39	5756.34	5967.41	72.15
OliveGIS	30set19	19:19:51	D:\wx_medgold\wx_agmerra_andalusia\agmerra_1422_209_ESP.txt	-4.6250	37.8750	1	10592	12	30	2008	2624.2	0.1	7625.5	8363.5	    98.0	     1.0	84.5	1953.1	542.6	0.000	0.0	0.0	15960.14	83187.70	34357.807	13709.96	4722.21	5654.08	64.57
OliveGIS	30set19	19:20:01	D:\wx_medgold\wx_agmerra_andalusia\agmerra_1422_210_ESP.txt	-4.6250	37.6250	1	10592	12	30	2008	2623.4	0.1	7818.4	8509.3	    98.0	     1.0	77.7	1984.2	524.8	0.000	0.0	0.0	15989.12	81996.80	33659.893	12045.76	4605.36	5690.74	64.01
OliveGIS	30set19	19:20:10	D:\wx_medgold\wx_agmerra_andalusia\agmerra_1422_211_ESP.txt	-4.6250	37.3750	1	10592	12	30	2008	2632.4	0.1	8187.5	8702.2	   102.0	     1.0	74.8	2169.7	508.8	0.000	0.0	0.0	21246.04	107071.56	45824.300	20472.92	5714.07	6432.81	70.34
OliveGIS	30set19	19:20:19	D:\wx_medgold\wx_agmerra_andalusia\agmerra_1422_212_ESP.txt	-4.6250	37.1250	1	10592	12	30	2008	2628.2	0.1	7614.3	8020.1	   106.0	     1.0	71.6	2306.8	524.2	0.000	0.0	0.0	24107.26	119452.73	51875.877	36997.58	6098.97	6348.08	75.00
OliveGIS	30set19	19:20:29	D:\wx_medgold\wx_agmerra_andalusia\agmerra_1422_213_ESP.txt	-4.6250	36.8750	1	10592	12	30	2008	2642.9	0.0	8389.7	8770.2	   101.0	     1.0	51.2	2202.1	505.3	0.000	0.0	0.0	26000.52	128670.28	57123.853	33059.06	6947.22	7036.35	75.82
OliveGIS	30set19	19:20:37	D:\wx_medgold\wx_agmerra_andalusia\agmerra_1422_214_ESP.txt	-4.6250	36.6250	1	10592	12	30	2008	2667.2	0.0	9367.0	9721.2	    85.0	     1.0	3.9	1804.0	445.1	0.000	0.0	0.0	34112.76	164069.32	80066.765	30310.31	9538.81	8241.14	80.54
OliveGIS	30set19	19:20:46	D:\wx_medgold\wx_agmerra_andalusia\agmerra_1423_208_ESP.txt	-4.3750	38.1250	1	10592	12	30	2008	2613.7	0.4	7662.5	8391.5	   117.0	     1.0	136.7	2314.1	514.5	0.000	0.0	0.0	24199.02	123234.11	53306.587	29468.08	5836.72	6292.92	71.67
OliveGIS	30set19	19:20:56	D:\wx_medgold\wx_agmerra_andalusia\agmerra_1423_209_ESP.txt	-4.3750	37.8750	1	10592	12	30	2008	2624.4	0.1	7062.4	7929.6	    95.0	     1.0	66.4	1641.6	565.2	0.000	0.0	0.0	10784.05	59735.14	25286.465	7530.50	3727.22	4767.68	57.50
OliveGIS	30set19	19:21:06	D:\wx_medgold\wx_agmerra_andalusia\agmerra_1423_210_ESP.txt	-4.3750	37.6250	1	10592	12	30	2008	2637.3	0.1	7198.2	7995.1	    97.0	     1.0	67.9	1807.6	549.6	0.000	0.0	0.0	13054.23	68851.58	28560.723	9524.48	4069.60	5151.52	61.34
OliveGIS	30set19	19:21:15	D:\wx_medgold\wx_agmerra_andalusia\agmerra_1423_211_ESP.txt	-4.3750	37.3750	1	10592	12	30	2008	2622.6	0.3	7585.8	8115.6	   109.0	     1.0	94.3	2236.4	512.0	0.000	0.0	0.0	21487.89	105181.85	44686.082	25634.06	5500.85	6166.73	72.24
OliveGIS	30set19	19:21:24	D:\wx_medgold\wx_agmerra_andalusia\agmerra_1423_212_ESP.txt	-4.3750	37.1250	1	10592	12	30	2008	2627.6	0.2	7494.7	7972.6	   108.0	     1.0	82.2	2244.5	520.5	0.000	0.0	0.0	20397.40	100262.46	42560.897	25841.81	5292.37	5999.78	71.47
OliveGIS	30set19	19:21:34	D:\wx_medgold\wx_agmerra_andalusia\agmerra_1423_213_ESP.txt	-4.3750	36.8750	1	10592	12	30	2008	2635.2	0.0	8347.4	8837.5	   102.0	     1.0	64.0	2026.9	503.6	0.000	0.0	0.0	19719.79	98656.57	41902.675	19700.84	5470.40	6369.48	68.64
OliveGIS	30set19	19:21:42	D:\wx_medgold\wx_agmerra_andalusia\agmerra_1424_207_ESP.txt	-4.1250	38.3750	1	10592	12	30	2008	2603.1	1.2	6083.9	6511.9	   124.0	     1.0	179.2	2572.4	537.0	0.000	0.0	0.0	29174.14	156342.70	131393.386	64660.31	6833.52	5527.30	80.22
OliveGIS	30set19	19:21:50	D:\wx_medgold\wx_agmerra_andalusia\agmerra_1424_208_ESP.txt	-4.1250	38.1250	1	10592	12	30	2008	2616.7	0.6	7731.7	8513.0	   117.0	     1.0	143.6	2289.9	492.3	0.000	0.0	0.0	24289.63	123344.16	52685.775	27406.55	5788.59	6333.50	71.06
OliveGIS	30set19	19:22:00	D:\wx_medgold\wx_agmerra_andalusia\agmerra_1424_209_ESP.txt	-4.1250	37.8750	1	10592	12	30	2008	2620.9	0.1	6861.9	7729.5	    96.0	     1.0	75.4	1733.0	551.8	0.000	0.0	0.0	11789.14	63206.28	26678.197	8041.26	3876.00	4866.31	60.08
OliveGIS	30set19	19:22:08	D:\wx_medgold\wx_agmerra_andalusia\agmerra_1424_210_ESP.txt	-4.1250	37.6250	1	10592	12	30	2008	2621.9	0.3	8486.3	9466.8	   103.0	     1.0	86.1	2050.8	556.7	0.000	0.0	0.0	18446.41	93782.16	38563.153	14434.90	5183.01	6403.82	64.77
OliveGIS	30set19	19:22:16	D:\wx_medgold\wx_agmerra_andalusia\agmerra_1424_211_ESP.txt	-4.1250	37.3750	1	10592	12	30	2008	2618.5	0.5	8054.1	8529.8	   117.0	     1.0	117.2	2481.1	504.6	0.000	0.0	0.0	31597.05	162240.55	75342.444	52006.41	7528.67	6988.29	77.81
OliveGIS	30set19	19:22:25	D:\wx_medgold\wx_agmerra_andalusia\agmerra_1424_212_ESP.txt	-4.1250	37.1250	1	10592	12	30	2008	2621.3	0.3	7310.0	7770.6	   113.0	     1.0	94.3	2296.1	510.8	0.000	0.0	0.0	22793.21	111324.13	47364.772	29409.22	5595.68	6066.10	74.11
OliveGIS	30set19	19:22:37	D:\wx_medgold\wx_agmerra_andalusia\agmerra_1424_213_ESP.txt	-4.1250	36.8750	1	10592	12	30	2008	2640.4	0.0	8138.2	8596.6	   104.0	     1.0	65.6	2072.0	487.4	0.000	0.0	0.0	22051.42	108878.89	46979.576	26915.33	5997.32	6577.33	72.46
OliveGIS	30set19	19:22:45	D:\wx_medgold\wx_agmerra_andalusia\agmerra_1425_207_ESP.txt	-3.8750	38.3750	1	10592	12	30	2008	2611.8	0.5	7699.8	8649.0	   117.0	     1.0	131.4	2276.1	580.2	0.000	0.0	0.0	22511.60	115020.57	49027.070	27846.11	5640.81	6292.86	69.66
OliveGIS	30set19	19:22:55	D:\wx_medgold\wx_agmerra_andalusia\agmerra_1425_208_ESP.txt	-3.8750	38.1250	1	10592	12	30	2008	2626.0	0.3	7631.2	8688.3	   107.0	     1.0	105.7	2016.9	536.4	0.000	0.0	0.0	15964.25	82374.13	33035.702	13029.93	4477.37	5677.33	62.34
OliveGIS	30set19	19:23:05	D:\wx_medgold\wx_agmerra_andalusia\agmerra_1425_209_ESP.txt	-3.8750	37.8750	1	10592	12	30	2008	2635.2	0.2	6735.6	7847.9	    97.0	     1.0	73.6	1527.3	577.6	0.000	0.0	0.0	7994.11	44598.58	18426.289	5255.05	2794.13	3978.25	48.03
OliveGIS	30set19	19:23:15	D:\wx_medgold\wx_agmerra_andalusia\agmerra_1425_210_ESP.txt	-3.8750	37.6250	1	10592	12	30	2008	2622.7	0.4	7469.4	8591.6	   107.0	     1.0	91.6	1991.7	611.0	0.000	0.0	0.0	15361.81	79025.90	32488.738	11161.94	4479.39	5642.09	62.82
OliveGIS	30set19	19:23:23	D:\wx_medgold\wx_agmerra_andalusia\agmerra_1425_211_ESP.txt	-3.8750	37.3750	1	10592	12	30	2008	2616.3	0.8	6952.4	7386.5	   120.0	     1.0	144.8	2497.2	426.7	0.000	0.0	0.0	29459.93	152642.06	74474.841	66173.79	6996.06	6173.83	79.04
OliveGIS	30set19	19:23:32	D:\wx_medgold\wx_agmerra_andalusia\agmerra_1425_212_ESP.txt	-3.8750	37.1250	1	10592	12	30	2008	2625.4	0.5	7722.4	8284.1	   116.0	     1.0	112.0	2246.9	428.2	0.000	0.0	0.0	22534.27	110568.63	46535.855	31219.02	5580.82	6264.47	71.95
OliveGIS	30set19	19:23:43	D:\wx_medgold\wx_agmerra_andalusia\agmerra_1425_213_ESP.txt	-3.8750	36.8750	1	10592	12	30	2008	2644.8	0.0	8689.8	9531.3	   102.0	     1.0	75.2	1716.3	499.7	0.000	0.0	0.0	14371.93	76124.02	31314.045	9560.25	4533.82	5893.07	58.95
OliveGIS	30set19	19:23:51	D:\wx_medgold\wx_agmerra_andalusia\agmerra_1426_207_ESP.txt	-3.6250	38.3750	1	10592	12	30	2008	2619.2	0.6	7392.2	8278.3	   118.0	     1.0	140.8	2329.3	560.3	0.000	0.0	0.0	24772.60	125708.04	55009.583	36472.79	5993.53	6312.55	72.74
OliveGIS	30set19	19:24:00	D:\wx_medgold\wx_agmerra_andalusia\agmerra_1426_208_ESP.txt	-3.6250	38.1250	1	10592	12	30	2008	2628.6	0.5	7236.0	8220.2	   114.0	     1.0	116.5	2127.3	513.0	0.000	0.0	0.0	16896.35	86892.25	35831.010	15592.64	4680.90	5637.97	65.33
OliveGIS	30set19	19:24:10	D:\wx_medgold\wx_agmerra_andalusia\agmerra_1426_209_ESP.txt	-3.6250	37.8750	1	10592	12	30	2008	2628.3	0.3	8016.0	9409.3	   101.0	     1.0	85.4	1727.6	559.5	0.000	0.0	0.0	10333.08	53913.76	21167.904	6210.13	3193.48	4788.90	48.59
OliveGIS	30set19	19:24:18	D:\wx_medgold\wx_agmerra_andalusia\agmerra_1426_210_ESP.txt	-3.6250	37.6250	1	10592	12	30	2008	2618.2	0.6	7790.5	8831.3	   116.0	     1.0	113.6	2212.2	583.4	0.000	0.0	0.0	18304.21	91898.27	37389.143	19922.26	4878.55	6035.94	65.41
OliveGIS	30set19	19:24:26	D:\wx_medgold\wx_agmerra_andalusia\agmerra_1426_211_ESP.txt	-3.6250	37.3750	1	10592	12	30	2008	2603.5	1.4	6180.9	6429.8	   125.0	     1.0	201.2	2672.0	428.0	0.000	0.0	0.0	32174.39	189518.35	175447.672	99081.61	7049.67	5465.44	79.98
OliveGIS	30set19	19:24:34	D:\wx_medgold\wx_agmerra_andalusia\agmerra_1426_212_ESP.txt	-3.6250	37.1250	1	10592	12	30	2008	2620.1	0.7	7309.0	7746.8	   120.0	     1.0	135.8	2434.6	494.6	0.000	0.0	0.0	28336.14	142699.81	64268.144	49115.16	6527.89	6316.66	77.26
OliveGIS	30set19	19:24:45	D:\wx_medgold\wx_agmerra_andalusia\agmerra_1426_213_ESP.txt	-3.6250	36.8750	1	10592	12	30	2008	2641.6	0.1	7465.6	8177.4	   107.0	     1.0	86.9	1899.4	486.8	0.000	0.0	0.0	15284.18	79476.14	33628.754	12372.45	4640.15	5577.49	64.89
OliveGIS	30set19	19:24:54	D:\wx_medgold\wx_agmerra_andalusia\agmerra_1427_207_ESP.txt	-3.3750	38.3750	1	10592	12	30	2008	2615.7	0.4	7358.6	8339.4	   115.0	     1.0	124.4	2161.8	579.0	0.000	0.0	0.0	18128.36	91448.69	37668.372	19458.60	4861.83	5821.78	66.83
OliveGIS	30set19	19:25:05	D:\wx_medgold\wx_agmerra_andalusia\agmerra_1427_208_ESP.txt	-3.3750	38.1250	1	10592	12	30	2008	2626.9	0.4	7761.8	8901.2	   107.0	     1.0	105.2	1989.7	541.9	0.000	0.0	0.0	16741.74	85968.36	35013.418	14748.21	4730.98	5923.13	63.42
OliveGIS	30set19	19:25:14	D:\wx_medgold\wx_agmerra_andalusia\agmerra_1427_209_ESP.txt	-3.3750	37.8750	1	10592	12	30	2008	2629.8	0.4	8440.9	9671.6	   102.0	     1.0	88.4	1884.2	503.3	0.000	0.0	0.0	16260.22	83525.18	34223.889	11833.13	4795.01	6176.28	60.96
OliveGIS	30set19	19:25:22	D:\wx_medgold\wx_agmerra_andalusia\agmerra_1427_210_ESP.txt	-3.3750	37.6250	1	10592	12	30	2008	2608.4	0.7	8332.4	9135.7	   117.0	     1.0	125.1	2417.9	520.5	0.000	0.0	0.0	30224.58	151065.30	67057.941	52774.28	7142.07	7202.55	75.23
OliveGIS	30set19	19:25:28	D:\wx_medgold\wx_agmerra_andalusia\agmerra_1427_211_ESP.txt	-3.3750	37.3750	1	10592	12	30	2008	2041.4	13.1	5935.0	6327.6	   161.0	     1.0	494.7	3230.5	294.0	0.000	0.0	0.0	15443.21	110266.53	182189.401	24795.37	2503.89	3016.84	45.85
OliveGIS	30set19	19:25:35	D:\wx_medgold\wx_agmerra_andalusia\agmerra_1427_212_ESP.txt	-3.3750	37.1250	1	10592	12	30	2008	2232.9	7.0	5685.7	5784.5	   149.0	     1.0	391.2	3092.6	724.4	0.000	0.0	0.0	19340.45	123926.35	167532.140	41799.49	3685.59	3752.65	62.76
OliveGIS	30set19	19:25:43	D:\wx_medgold\wx_agmerra_andalusia\agmerra_1427_213_ESP.txt	-3.3750	36.8750	1	10592	12	30	2008	2616.7	2.6	5502.3	5676.2	   131.0	     1.0	289.1	2642.9	663.1	0.000	0.0	0.0	28201.84	181328.72	197143.972	69273.74	6229.19	4796.99	79.50
OliveGIS	30set19	19:25:51	D:\wx_medgold\wx_agmerra_andalusia\agmerra_1428_207_ESP.txt	-3.1250	38.3750	1	10592	12	30	2008	2614.6	0.8	7139.9	7910.3	   119.0	     1.0	147.3	2397.1	563.2	0.000	0.0	0.0	27486.54	140867.18	65109.508	52097.46	6420.00	6264.44	75.39
OliveGIS	30set19	19:26:00	D:\wx_medgold\wx_agmerra_andalusia\agmerra_1428_208_ESP.txt	-3.1250	38.1250	1	10592	12	30	2008	2615.4	0.7	7800.2	8722.5	   118.0	     1.0	132.8	2299.9	562.0	0.000	0.0	0.0	26693.84	132685.19	58431.094	43333.88	6436.15	6746.48	73.79
OliveGIS	30set19	19:26:08	D:\wx_medgold\wx_agmerra_andalusia\agmerra_1428_209_ESP.txt	-3.1250	37.8750	1	10592	12	30	2008	2618.2	0.6	7438.4	8385.5	   115.0	     1.0	110.2	2152.3	513.2	0.000	0.0	0.0	19217.75	95529.04	40030.227	29031.85	5187.09	6053.24	68.88
OliveGIS	30set19	19:26:16	D:\wx_medgold\wx_agmerra_andalusia\agmerra_1428_210_ESP.txt	-3.1250	37.6250	1	10592	12	30	2008	2621.4	0.9	7033.5	7619.0	   120.0	     1.0	138.0	2511.5	505.7	0.000	0.0	0.0	28882.82	148691.30	69829.231	73995.20	6694.74	6215.29	77.39
OliveGIS	30set19	19:26:21	D:\wx_medgold\wx_agmerra_andalusia\agmerra_1428_211_ESP.txt	-3.1250	37.3750	1	10592	12	30	2008	2051.8	12.7	5860.1	6208.8	   159.0	     1.0	488.4	3210.7	286.8	0.000	0.0	0.0	14762.00	91962.73	197332.978	26146.95	2668.14	3103.96	48.01
OliveGIS	30set19	19:26:28	D:\wx_medgold\wx_agmerra_andalusia\agmerra_1428_212_ESP.txt	-3.1250	37.1250	1	10592	12	30	2008	2304.1	5.0	4436.0	4537.2	   144.0	     1.0	348.2	3033.2	537.8	0.000	0.0	0.0	17225.15	108019.66	160909.002	62741.59	3460.63	3263.25	69.43
OliveGIS	30set19	19:26:37	D:\wx_medgold\wx_agmerra_andalusia\agmerra_1428_213_ESP.txt	-3.1250	36.8750	1	10592	12	30	2008	2617.2	0.7	6294.1	6544.4	   127.0	     1.0	168.5	2562.9	452.0	0.000	0.0	0.0	30114.60	160595.11	115421.495	58489.44	6794.16	5599.89	80.63
OliveGIS	30set19	19:26:44	D:\wx_medgold\wx_agmerra_andalusia\agmerra_1429_207_ESP.txt	-2.8750	38.3750	1	10592	12	30	2008	2580.0	4.8	6230.2	6574.6	   127.0	     1.0	319.8	2674.9	540.6	0.000	0.0	0.0	29249.49	186860.37	233961.716	62534.96	6970.18	5279.55	76.74
OliveGIS	30set19	19:26:51	D:\wx_medgold\wx_agmerra_andalusia\agmerra_1429_208_ESP.txt	-2.8750	38.1250	1	10592	12	30	2008	2589.8	4.7	6286.0	6631.3	   127.0	     1.0	312.3	2670.6	590.2	0.000	0.0	0.0	31712.60	199782.63	246154.949	81495.65	7242.42	5473.73	78.39
OliveGIS	30set19	19:26:57	D:\wx_medgold\wx_agmerra_andalusia\agmerra_1429_209_ESP.txt	-2.8750	37.8750	1	10592	12	30	2008	2538.9	3.4	6372.8	6604.9	   127.0	     1.0	283.1	2798.6	567.6	0.000	0.0	0.0	33208.68	206731.57	251539.490	87207.43	7190.17	5375.71	78.34
OliveGIS	30set19	19:27:04	D:\wx_medgold\wx_agmerra_andalusia\agmerra_1429_210_ESP.txt	-2.8750	37.6250	1	10592	12	30	2008	2468.1	3.5	5894.3	6052.8	   129.0	     1.0	300.1	2890.7	452.1	0.000	0.0	0.0	27176.63	169013.43	202777.185	71528.55	5627.88	4627.90	74.33
OliveGIS	30set19	19:27:09	D:\wx_medgold\wx_agmerra_andalusia\agmerra_1429_211_ESP.txt	-2.8750	37.3750	1	10592	12	30	2008	1424.2	50.2	56.4	103.1	   182.0	     1.0	848.6	3571.2	400.1	0.000	0.0	0.1	224.39	1478.30	1507.207	154.09	33.78	38.37	33.65
OliveGIS	30set19	19:27:14	D:\wx_medgold\wx_agmerra_andalusia\agmerra_1429_212_ESP.txt	-2.8750	37.1250	1	10592	12	30	2008	1673.0	19.3	5152.5	7197.1	   174.0	     1.0	593.7	3612.6	439.2	0.000	0.0	0.0	20585.81	141555.74	201551.346	19617.28	3066.19	3170.49	41.33
OliveGIS	30set19	19:27:23	D:\wx_medgold\wx_agmerra_andalusia\agmerra_1429_213_ESP.txt	-2.8750	36.8750	1	10592	12	30	2008	2634.1	0.1	8295.1	8815.0	   106.0	     1.0	70.8	2043.5	407.9	0.000	0.0	0.0	21420.17	106310.95	45695.507	16283.85	5920.83	6586.47	71.16
OliveGIS	30set19	19:27:30	D:\wx_medgold\wx_agmerra_andalusia\agmerra_1430_207_ESP.txt	-2.6250	38.3750	1	10592	12	30	2008	2433.4	6.7	5880.8	6132.7	   135.0	     1.0	359.4	2832.1	565.8	0.000	0.0	0.0	27461.45	185328.89	231223.089	58953.01	6001.96	4690.94	74.51
OliveGIS	30set19	19:27:36	D:\wx_medgold\wx_agmerra_andalusia\agmerra_1430_208_ESP.txt	-2.6250	38.1250	1	10592	12	30	2008	2398.2	7.3	5837.6	6063.4	   137.0	     1.0	367.9	2870.7	660.3	0.000	0.0	0.0	25316.74	173358.36	208642.560	60208.94	5392.55	4435.87	71.44
OliveGIS	30set19	19:27:43	D:\wx_medgold\wx_agmerra_andalusia\agmerra_1430_209_ESP.txt	-2.6250	37.8750	1	10592	12	30	2008	2390.3	5.0	3858.0	4046.2	   136.0	     1.0	323.6	2981.1	567.6	0.000	0.0	0.0	18477.33	118399.44	160282.184	51601.08	4021.84	3160.74	75.77
OliveGIS	30set19	19:27:49	D:\wx_medgold\wx_agmerra_andalusia\agmerra_1430_210_ESP.txt	-2.6250	37.6250	1	10592	12	30	2008	2457.0	3.7	5970.3	6145.2	   129.0	     1.0	302.2	2898.7	443.6	0.000	0.0	0.0	27686.65	177350.88	221825.464	90877.00	6010.39	4743.67	75.29
OliveGIS	30set19	19:27:54	D:\wx_medgold\wx_agmerra_andalusia\agmerra_1430_211_ESP.txt	-2.6250	37.3750	1	10592	12	30	2008	1481.5	41.0	682.1	1167.6	   180.0	     1.0	788.7	3572.9	379.7	0.000	0.0	0.1	992.23	7502.29	6087.588	468.90	136.19	180.10	14.48
OliveGIS	30set19	19:27:59	D:\wx_medgold\wx_agmerra_andalusia\agmerra_1430_212_ESP.txt	-2.6250	37.1250	1	10592	12	30	2008	1780.6	12.0	5183.7	6545.7	   168.0	     1.0	497.2	3622.0	377.7	0.000	0.0	0.0	23965.66	177911.49	279420.411	42751.21	3486.73	3615.41	52.96
OliveGIS	30set19	19:28:09	D:\wx_medgold\wx_agmerra_andalusia\agmerra_1430_213_ESP.txt	-2.6250	36.8750	1	10592	12	30	2008	2648.0	0.0	9240.5	9802.7	   100.0	     1.0	49.8	1817.4	313.0	0.000	0.0	0.0	20565.34	104368.67	44667.953	12780.36	5987.39	6940.86	67.69
OliveGIS	30set19	19:28:15	D:\wx_medgold\wx_agmerra_andalusia\agmerra_1431_209_ESP.txt	-2.3750	37.8750	1	10592	12	30	2008	2003.9	13.1	5751.9	6245.9	   159.0	     1.0	477.5	3320.8	467.4	0.000	0.0	0.0	19881.19	141925.06	225165.737	34219.34	3197.37	3409.21	52.67
OliveGIS	30set19	19:28:20	D:\wx_medgold\wx_agmerra_andalusia\agmerra_1431_210_ESP.txt	-2.3750	37.6250	1	10592	12	30	2008	2151.0	8.5	5688.9	5897.1	   149.0	     1.0	403.9	3207.4	436.4	0.000	0.0	0.0	24478.00	174895.71	250712.315	58063.19	4447.94	3989.47	65.58
OliveGIS	30set19	19:28:26	D:\wx_medgold\wx_agmerra_andalusia\agmerra_1431_211_ESP.txt	-2.3750	37.3750	1	10592	12	30	2008	2050.9	9.1	5283.0	5657.8	   155.0	     1.0	412.1	3360.8	310.6	0.000	0.0	0.0	22214.12	167253.05	228239.960	47631.92	3612.21	3476.99	59.38
OliveGIS	30set19	19:28:33	D:\wx_medgold\wx_agmerra_andalusia\agmerra_1431_212_ESP.txt	-2.3750	37.1250	1	10592	12	30	2008	2398.4	1.2	5821.6	5884.5	   132.0	     1.0	206.7	3204.2	340.2	0.000	0.0	0.0	29978.40	184559.83	211489.893	116718.71	6853.42	4765.34	78.92
OliveGIS	30set19	19:28:43	D:\wx_medgold\wx_agmerra_andalusia\agmerra_1431_213_ESP.txt	-2.3750	36.8750	1	10592	12	30	2008	2643.1	0.0	8824.5	9394.5	    98.0	     1.0	40.6	1533.3	250.0	0.000	0.0	0.0	20958.06	107785.63	49194.968	17178.30	6628.50	7022.04	71.23
OliveGIS	30set19	19:28:49	D:\wx_medgold\wx_agmerra_andalusia\agmerra_1432_209_ESP.txt	-2.1250	37.8750	1	10592	12	30	2008	2132.7	8.3	5618.6	5855.2	   150.0	     1.0	402.0	3239.7	460.0	0.000	0.0	0.0	23903.18	174537.87	252919.913	54779.99	4305.23	3900.38	64.40
OliveGIS	30set19	19:28:56	D:\wx_medgold\wx_agmerra_andalusia\agmerra_1432_210_ESP.txt	-2.1250	37.6250	1	10592	12	30	2008	2381.0	3.7	4040.2	4217.4	   135.0	     1.0	296.9	3020.0	439.8	0.000	0.0	0.0	20017.05	125569.37	161767.676	97941.43	4321.61	3364.18	77.39
OliveGIS	30set19	19:29:03	D:\wx_medgold\wx_agmerra_andalusia\agmerra_1432_211_ESP.txt	-2.1250	37.3750	1	10592	12	30	2008	2302.2	2.9	5062.0	5176.1	   138.0	     1.0	277.6	3246.9	314.4	0.000	0.0	0.0	27074.54	174993.96	208549.244	95944.90	5886.71	4183.83	78.24
OliveGIS	30set19	19:29:10	D:\wx_medgold\wx_agmerra_andalusia\agmerra_1432_212_ESP.txt	-2.1250	37.1250	1	10592	12	30	2008	2619.9	0.1	6611.7	6715.9	   119.0	     1.0	78.3	3027.8	290.1	0.000	0.0	0.0	38168.45	216983.44	170620.036	108295.32	9420.19	6136.92	85.11
OliveGIS	30set19	19:29:20	D:\wx_medgold\wx_agmerra_andalusia\agmerra_1432_213_ESP.txt	-2.1250	36.8750	1	10592	12	30	2008	2655.1	0.0	9775.4	10283.5	    91.0	     1.0	17.0	1196.9	240.8	0.000	0.0	0.0	24606.19	124675.85	57672.560	19940.13	7833.77	7877.89	73.23
OliveGIS	30set19	19:29:29	D:\wx_medgold\wx_agmerra_andalusia\agmerra_1433_211_ESP.txt	-1.8750	37.3750	1	10592	12	30	2008	2641.0	0.2	8544.6	9257.9	   105.0	     1.0	83.3	1815.0	316.8	0.000	0.0	0.0	21794.74	113128.64	51563.535	21455.17	6674.97	6966.86	71.51
OliveGIS	30set19	19:29:38	D:\wx_medgold\wx_agmerra_andalusia\agmerra_1433_212_ESP.txt	-1.8750	37.1250	1	10592	12	30	2008	2650.1	0.0	9519.6	10051.9	    95.0	     1.0	23.7	1465.7	280.0	0.000	0.0	0.0	23903.39	122335.73	57642.486	19014.05	7623.13	7665.73	72.78
