Model	Date	Time	WxFile	Long	Lat	JdStart	DysToOut	Month	Day	Year	dd	ddbZero	FruWgt	fruNum	Bloomday	BloomYr	DDBSum	ChillHD	PrcpYrSum	TempIncr	ddbMinus10	ddbMinus83	OFEgDays	OFLrDays	OFPuDays	OFAdDays	OfPupSum	DamFrSum	PrcntAtkd
OliveGIS	30set19	19:09:59	D:\wx_medgold\wx_agmerra_andalusia\agmerra_1411_210_ESP.txt	-7.3750	37.6250	1	5479	12	31	1994	2639.8	0.2	8959.5	9208.3	   102.0	     1.0	69.7	2128.5	399.6	0.000	0.0	0.0	29147.99	141075.96	62889.265	64228.53	7132.14	7307.30	75.44
OliveGIS	30set19	19:10:09	D:\wx_medgold\wx_agmerra_andalusia\agmerra_1411_211_ESP.txt	-7.3750	37.3750	1	5479	12	31	1994	2642.8	0.2	8709.6	8925.5	   101.0	     1.0	66.3	2017.4	394.0	0.000	0.0	0.0	26583.33	127963.43	55327.711	43487.92	6562.41	6994.28	74.40
OliveGIS	30set19	19:10:17	D:\wx_medgold\wx_agmerra_andalusia\agmerra_1412_209_ESP.txt	-7.1250	37.8750	1	5479	12	31	1994	2626.1	0.5	7510.5	7688.0	   117.0	     1.0	92.1	2394.6	446.3	0.000	0.0	0.0	31022.40	154557.27	80327.200	78145.07	7297.05	6463.15	79.56
OliveGIS	30set19	19:10:24	D:\wx_medgold\wx_agmerra_andalusia\agmerra_1412_210_ESP.txt	-7.1250	37.6250	1	5479	12	31	1994	2637.1	0.2	8249.2	8517.6	   105.0	     1.0	75.7	2148.5	435.3	0.000	0.0	0.0	27114.91	133274.36	60991.511	65264.80	6805.49	6777.24	75.70
OliveGIS	30set19	19:10:31	D:\wx_medgold\wx_agmerra_andalusia\agmerra_1412_211_ESP.txt	-7.1250	37.3750	1	5479	12	31	1994	2641.9	0.2	8752.6	9040.7	   102.0	     1.0	71.5	1944.1	395.8	0.000	0.0	0.0	24819.42	120519.33	52011.103	49576.99	6281.76	6891.06	72.57
OliveGIS	30set19	19:10:39	D:\wx_medgold\wx_agmerra_andalusia\agmerra_1413_208_ESP.txt	-6.8750	38.1250	1	5479	12	31	1994	2622.0	1.6	7319.7	7477.8	   120.0	     1.0	135.3	2487.9	496.8	0.000	0.0	0.0	31458.14	158795.77	86965.503	80110.22	7107.87	6272.92	79.34
OliveGIS	30set19	19:10:46	D:\wx_medgold\wx_agmerra_andalusia\agmerra_1413_209_ESP.txt	-6.8750	37.8750	1	5479	12	31	1994	2630.3	0.4	7658.4	7872.7	   115.0	     1.0	95.7	2338.4	538.1	0.000	0.0	0.0	28476.07	140765.31	65457.419	59368.07	6687.20	6395.18	77.13
OliveGIS	30set19	19:10:54	D:\wx_medgold\wx_agmerra_andalusia\agmerra_1413_210_ESP.txt	-6.8750	37.6250	1	5479	12	31	1994	2644.3	0.2	8605.8	8947.2	   101.0	     1.0	74.3	1981.4	544.7	0.000	0.0	0.0	21351.25	103328.74	42823.284	32081.06	5374.32	6418.79	68.29
OliveGIS	30set19	19:11:02	D:\wx_medgold\wx_agmerra_andalusia\agmerra_1413_211_ESP.txt	-6.8750	37.3750	1	5479	12	31	1994	2642.2	0.2	8386.5	8734.0	   100.0	     1.0	68.2	1854.7	422.2	0.000	0.0	0.0	19821.37	97604.02	41193.933	29437.74	5325.15	6259.07	68.28
OliveGIS	30set19	19:11:12	D:\wx_medgold\wx_agmerra_andalusia\agmerra_1414_209_ESP.txt	-6.6250	37.8750	1	5479	12	31	1994	2634.0	0.6	7600.9	7794.6	   119.0	     1.0	110.9	2411.8	550.4	0.000	0.0	0.0	30191.57	151179.27	75411.333	63694.47	6965.53	6432.54	78.05
OliveGIS	30set19	19:11:20	D:\wx_medgold\wx_agmerra_andalusia\agmerra_1414_210_ESP.txt	-6.6250	37.6250	1	5479	12	31	1994	2636.4	0.2	8906.9	9313.9	   104.0	     1.0	82.2	1999.7	541.8	0.000	0.0	0.0	21740.95	106631.10	43944.864	26278.18	5514.50	6596.94	67.54
OliveGIS	30set19	19:11:28	D:\wx_medgold\wx_agmerra_andalusia\agmerra_1414_211_ESP.txt	-6.6250	37.3750	1	5479	12	31	1994	2640.7	0.3	8728.4	9184.0	   101.0	     1.0	76.9	1779.1	431.9	0.000	0.0	0.0	17878.90	89801.24	37349.473	23931.31	5026.99	6199.17	64.41
OliveGIS	30set19	19:11:36	D:\wx_medgold\wx_agmerra_andalusia\agmerra_1414_212_ESP.txt	-6.6250	37.1250	1	5479	12	31	1994	2660.4	0.0	9183.3	9530.3	    93.0	     1.0	28.0	1713.9	374.3	0.000	0.0	0.0	26615.00	130031.37	59019.388	37845.03	7334.07	7465.11	74.61
OliveGIS	30set19	19:11:44	D:\wx_medgold\wx_agmerra_andalusia\agmerra_1415_209_ESP.txt	-6.3750	37.8750	1	5479	12	31	1994	2623.9	0.8	7520.7	7750.8	   120.0	     1.0	129.9	2378.3	446.6	0.000	0.0	0.0	26942.16	134857.30	65513.920	50062.54	6104.82	6119.59	75.09
OliveGIS	30set19	19:11:52	D:\wx_medgold\wx_agmerra_andalusia\agmerra_1415_210_ESP.txt	-6.3750	37.6250	1	5479	12	31	1994	2633.8	0.4	8234.4	8676.8	   107.0	     1.0	96.3	1999.0	432.6	0.000	0.0	0.0	16314.30	79881.42	31430.572	16183.54	4137.24	5515.01	60.80
OliveGIS	30set19	19:12:00	D:\wx_medgold\wx_agmerra_andalusia\agmerra_1415_211_ESP.txt	-6.3750	37.3750	1	5479	12	31	1994	2642.8	0.1	7945.1	8513.7	    98.0	     1.0	65.9	1608.8	396.2	0.000	0.0	0.0	11889.15	62906.51	25280.342	11051.41	3769.61	4998.43	56.03
OliveGIS	30set19	19:12:09	D:\wx_medgold\wx_agmerra_andalusia\agmerra_1415_212_ESP.txt	-6.3750	37.1250	1	5479	12	31	1994	2664.2	0.0	9268.7	9812.4	    91.0	     1.0	30.8	1442.1	373.9	0.000	0.0	0.0	18980.73	97728.73	41580.923	17484.82	5750.27	6748.59	65.51
OliveGIS	30set19	19:12:18	D:\wx_medgold\wx_agmerra_andalusia\agmerra_1415_213_ESP.txt	-6.3750	36.8750	1	5479	12	31	1994	2659.5	0.0	9124.1	9451.9	    92.0	     1.0	31.1	1468.9	408.9	0.000	0.0	0.0	28634.38	139559.10	65409.619	30665.87	8135.39	7735.71	77.32
OliveGIS	30set19	19:12:26	D:\wx_medgold\wx_agmerra_andalusia\agmerra_1416_209_ESP.txt	-6.1250	37.8750	1	5479	12	31	1994	2622.5	0.9	7453.7	7725.9	   119.0	     1.0	137.3	2292.5	445.3	0.000	0.0	0.0	24268.92	119643.98	53471.243	42815.35	5543.68	5957.83	73.20
OliveGIS	30set19	19:12:34	D:\wx_medgold\wx_agmerra_andalusia\agmerra_1416_210_ESP.txt	-6.1250	37.6250	1	5479	12	31	1994	2636.1	0.4	8540.3	9057.3	   105.0	     1.0	100.9	1898.9	424.2	0.000	0.0	0.0	15563.25	77522.15	30870.683	14554.36	4205.09	5623.56	59.31
OliveGIS	30set19	19:12:42	D:\wx_medgold\wx_agmerra_andalusia\agmerra_1416_211_ESP.txt	-6.1250	37.3750	1	5479	12	31	1994	2648.2	0.2	7829.4	8486.5	    98.0	     1.0	78.1	1486.5	382.7	0.000	0.0	0.0	10949.82	58461.26	23161.126	7968.18	3503.22	4818.75	54.05
OliveGIS	30set19	19:12:51	D:\wx_medgold\wx_agmerra_andalusia\agmerra_1416_212_ESP.txt	-6.1250	37.1250	1	5479	12	31	1994	2652.0	0.0	8936.8	9626.1	    92.0	     1.0	52.0	1317.0	380.5	0.000	0.0	0.0	14587.25	76477.05	31633.892	9381.18	4601.19	5935.57	58.86
OliveGIS	30set19	19:13:00	D:\wx_medgold\wx_agmerra_andalusia\agmerra_1416_213_ESP.txt	-6.1250	36.8750	1	5479	12	31	1994	2652.4	0.1	8732.0	9249.7	    93.0	     1.0	59.1	1279.3	426.4	0.000	0.0	0.0	19103.89	98959.87	43748.346	18171.27	5949.78	6631.45	68.03
OliveGIS	30set19	19:13:09	D:\wx_medgold\wx_agmerra_andalusia\agmerra_1416_214_ESP.txt	-6.1250	36.6250	1	5479	12	31	1994	2657.6	0.0	8228.9	8509.8	    94.0	     1.0	38.3	1611.9	395.5	0.000	0.0	0.0	27866.83	132769.43	62829.385	43439.85	7636.38	7146.80	78.92
OliveGIS	30set19	19:13:18	D:\wx_medgold\wx_agmerra_andalusia\agmerra_1416_215_ESP.txt	-6.1250	36.3750	1	5479	12	31	1994	2640.9	0.0	8371.6	8856.4	    96.0	     1.0	54.9	1397.7	288.7	0.000	0.0	0.0	16906.51	87787.45	37959.314	14701.90	5262.97	6128.44	65.84
OliveGIS	30set19	19:13:27	D:\wx_medgold\wx_agmerra_andalusia\agmerra_1417_208_ESP.txt	-5.8750	38.1250	1	5479	12	31	1994	2613.5	2.1	6997.8	7358.3	   122.0	     1.0	173.6	2289.9	365.2	0.000	0.0	0.0	22684.16	113276.04	58857.254	39081.49	5155.65	5593.14	72.31
OliveGIS	30set19	19:13:34	D:\wx_medgold\wx_agmerra_andalusia\agmerra_1417_209_ESP.txt	-5.8750	37.8750	1	5479	12	31	1994	2626.8	0.8	7646.7	8037.0	   118.0	     1.0	134.0	2188.2	384.5	0.000	0.0	0.0	20549.88	101567.44	42965.407	29833.04	4814.60	5697.45	67.47
OliveGIS	30set19	19:13:42	D:\wx_medgold\wx_agmerra_andalusia\agmerra_1417_210_ESP.txt	-5.8750	37.6250	1	5479	12	31	1994	2640.8	0.4	9072.6	9717.6	   103.0	     1.0	100.4	1820.6	356.1	0.000	0.0	0.0	13204.84	68111.25	26407.738	11214.09	3872.49	5487.65	53.72
OliveGIS	30set19	19:13:50	D:\wx_medgold\wx_agmerra_andalusia\agmerra_1417_211_ESP.txt	-5.8750	37.3750	1	5479	12	31	1994	2656.9	0.1	7954.9	8699.9	    96.0	     1.0	72.6	1486.6	395.9	0.000	0.0	0.0	9909.66	53379.70	20616.446	5770.83	3191.93	4620.00	50.31
OliveGIS	30set19	19:14:00	D:\wx_medgold\wx_agmerra_andalusia\agmerra_1417_212_ESP.txt	-5.8750	37.1250	1	5479	12	31	1994	2648.8	0.0	8728.4	9489.4	    93.0	     1.0	58.7	1448.2	387.3	0.000	0.0	0.0	12324.01	64270.87	25571.472	7572.47	3829.84	5349.67	53.88
OliveGIS	30set19	19:14:11	D:\wx_medgold\wx_agmerra_andalusia\agmerra_1417_213_ESP.txt	-5.8750	36.8750	1	5479	12	31	1994	2653.3	0.0	8257.2	8761.1	    94.0	     1.0	55.9	1482.1	341.9	0.000	0.0	0.0	16471.51	85317.55	36493.062	16250.49	5083.74	5982.71	64.83
OliveGIS	30set19	19:14:19	D:\wx_medgold\wx_agmerra_andalusia\agmerra_1417_214_ESP.txt	-5.8750	36.6250	1	5479	12	31	1994	2661.1	0.0	9066.6	9458.6	    93.0	     1.0	35.1	1693.5	381.0	0.000	0.0	0.0	23821.90	118323.71	52927.683	29473.26	6771.53	7176.65	72.17
OliveGIS	30set19	19:14:27	D:\wx_medgold\wx_agmerra_andalusia\agmerra_1417_215_ESP.txt	-5.8750	36.3750	1	5479	12	31	1994	2666.5	0.0	8840.5	9070.6	    92.0	     1.0	27.3	1878.0	379.8	0.000	0.0	0.0	34557.33	164120.21	80211.989	61417.28	9097.30	7871.34	81.52
OliveGIS	30set19	19:14:34	D:\wx_medgold\wx_agmerra_andalusia\agmerra_1418_208_ESP.txt	-5.6250	38.1250	1	5479	12	31	1994	2616.1	2.1	7115.8	7593.6	   121.0	     1.0	168.5	2147.3	377.8	0.000	0.0	0.0	20703.81	102885.43	50044.402	34172.81	4885.00	5564.85	69.79
OliveGIS	30set19	19:14:42	D:\wx_medgold\wx_agmerra_andalusia\agmerra_1418_209_ESP.txt	-5.6250	37.8750	1	5479	12	31	1994	2629.6	0.9	7452.0	7934.1	   116.0	     1.0	129.8	2018.9	379.3	0.000	0.0	0.0	16108.40	80228.34	32742.057	22401.13	4100.52	5261.89	63.08
OliveGIS	30set19	19:14:50	D:\wx_medgold\wx_agmerra_andalusia\agmerra_1418_210_ESP.txt	-5.6250	37.6250	1	5479	12	31	1994	2640.2	0.5	8849.1	9524.0	   102.0	     1.0	102.3	1735.7	353.0	0.000	0.0	0.0	12756.87	65993.45	25902.421	9866.57	3839.26	5391.86	53.98
OliveGIS	30set19	19:14:59	D:\wx_medgold\wx_agmerra_andalusia\agmerra_1418_211_ESP.txt	-5.6250	37.3750	1	5479	12	31	1994	2640.8	0.1	8063.8	8790.9	    98.0	     1.0	82.2	1530.1	394.6	0.000	0.0	0.0	9485.15	50778.94	19348.133	6339.79	3024.59	4470.09	48.56
OliveGIS	30set19	19:15:08	D:\wx_medgold\wx_agmerra_andalusia\agmerra_1418_212_ESP.txt	-5.6250	37.1250	1	5479	12	31	1994	2640.8	0.0	8707.6	9350.2	    99.0	     1.0	76.8	1723.9	386.0	0.000	0.0	0.0	12680.59	65786.18	25812.137	8911.85	3844.31	5331.33	54.48
OliveGIS	30set19	19:15:16	D:\wx_medgold\wx_agmerra_andalusia\agmerra_1418_213_ESP.txt	-5.6250	36.8750	1	5479	12	31	1994	2638.9	0.0	8787.6	9204.9	   101.0	     1.0	75.6	1836.7	358.9	0.000	0.0	0.0	20583.98	103101.49	44650.015	24087.16	5848.14	6642.96	68.63
OliveGIS	30set19	19:15:24	D:\wx_medgold\wx_agmerra_andalusia\agmerra_1418_214_ESP.txt	-5.6250	36.6250	1	5479	12	31	1994	2646.4	0.0	9281.1	9610.0	    98.0	     1.0	44.7	1981.1	409.7	0.000	0.0	0.0	31527.45	152215.54	71100.273	41991.38	8468.46	8004.67	78.59
OliveGIS	30set19	19:15:32	D:\wx_medgold\wx_agmerra_andalusia\agmerra_1418_215_ESP.txt	-5.6250	36.3750	1	5479	12	31	1994	2649.1	0.0	8676.3	8889.4	    96.0	     1.0	33.6	2054.3	471.8	0.000	0.0	0.0	35102.64	169151.20	82561.141	66115.20	9151.94	7756.53	82.11
OliveGIS	30set19	19:15:39	D:\wx_medgold\wx_agmerra_andalusia\agmerra_1418_216_ESP.txt	-5.6250	36.1250	1	5479	12	31	1994	2679.7	0.0	8837.5	8984.4	    92.0	     1.0	5.7	2195.9	331.9	0.000	0.0	0.0	43355.18	216171.96	120404.464	124575.90	11722.89	8171.34	85.53
OliveGIS	30set19	19:15:46	D:\wx_medgold\wx_agmerra_andalusia\agmerra_1419_207_ESP.txt	-5.3750	38.3750	1	5479	12	31	1994	2609.6	3.6	6181.9	6608.5	   125.0	     1.0	209.8	2242.8	320.6	0.000	0.0	0.0	20303.73	103313.71	58915.339	25145.76	4647.93	5007.94	72.12
OliveGIS	30set19	19:15:54	D:\wx_medgold\wx_agmerra_andalusia\agmerra_1419_208_ESP.txt	-5.3750	38.1250	1	5479	12	31	1994	2610.7	2.6	6903.4	7568.4	   122.0	     1.0	176.5	2043.4	338.5	0.000	0.0	0.0	16661.91	85458.73	37099.980	29020.65	4290.42	5170.07	65.23
OliveGIS	30set19	19:16:02	D:\wx_medgold\wx_agmerra_andalusia\agmerra_1419_209_ESP.txt	-5.3750	37.8750	1	5479	12	31	1994	2642.5	0.4	8619.4	9617.5	   104.0	     1.0	99.5	1628.6	364.4	0.000	0.0	0.0	9804.83	52954.55	19841.066	8234.34	3212.91	4761.73	47.16
OliveGIS	30set19	19:16:10	D:\wx_medgold\wx_agmerra_andalusia\agmerra_1419_210_ESP.txt	-5.3750	37.6250	1	5479	12	31	1994	2638.8	0.2	7634.5	8520.2	    96.0	     1.0	81.5	1404.3	331.7	0.000	0.0	0.0	8222.47	45323.23	17870.091	5884.51	2845.45	4155.68	46.39
OliveGIS	30set19	19:16:19	D:\wx_medgold\wx_agmerra_andalusia\agmerra_1419_211_ESP.txt	-5.3750	37.3750	1	5479	12	31	1994	2651.1	0.1	8006.2	8650.7	    97.0	     1.0	77.7	1537.8	385.2	0.000	0.0	0.0	10641.15	57116.01	22270.176	6770.13	3426.56	4780.91	52.48
OliveGIS	30set19	19:16:27	D:\wx_medgold\wx_agmerra_andalusia\agmerra_1419_212_ESP.txt	-5.3750	37.1250	1	5479	12	31	1994	2648.4	0.0	8430.1	8925.3	   103.0	     1.0	83.4	1932.2	397.0	0.000	0.0	0.0	16491.02	82454.53	33527.444	12568.72	4549.81	5803.77	61.88
OliveGIS	30set19	19:16:35	D:\wx_medgold\wx_agmerra_andalusia\agmerra_1419_213_ESP.txt	-5.3750	36.8750	1	5479	12	31	1994	2623.0	0.8	5830.8	5828.0	   126.0	     1.0	161.7	2769.9	364.6	0.000	0.0	0.0	33091.34	190940.92	164582.134	85908.22	7535.53	5092.28	82.30
OliveGIS	30set19	19:16:43	D:\wx_medgold\wx_agmerra_andalusia\agmerra_1419_214_ESP.txt	-5.3750	36.6250	1	5479	12	31	1994	2629.8	0.0	5872.5	5890.4	   124.0	     1.0	101.7	3039.7	406.0	0.000	0.0	0.0	37619.65	209628.74	173950.025	120909.39	8434.23	5364.90	85.32
OliveGIS	30set19	19:16:50	D:\wx_medgold\wx_agmerra_andalusia\agmerra_1419_215_ESP.txt	-5.3750	36.3750	1	5479	12	31	1994	2658.8	0.0	9027.5	9297.4	    97.0	     1.0	35.5	1972.2	362.4	0.000	0.0	0.0	33417.54	164267.06	81211.692	56508.39	9318.02	7935.42	80.57
OliveGIS	30set19	19:16:58	D:\wx_medgold\wx_agmerra_andalusia\agmerra_1420_206_ESP.txt	-5.1250	38.6250	1	5479	12	31	1994	2609.0	2.5	6589.0	7227.1	   123.0	     1.0	191.3	2087.3	333.4	0.000	0.0	0.0	18928.72	95490.93	54326.875	27826.05	4822.50	5330.38	70.20
OliveGIS	30set19	19:17:05	D:\wx_medgold\wx_agmerra_andalusia\agmerra_1420_207_ESP.txt	-5.1250	38.3750	1	5479	12	31	1994	2598.9	3.4	6139.8	6537.1	   125.0	     1.0	212.6	2276.7	318.7	0.000	0.0	0.0	21518.94	114379.46	68136.585	27012.40	5198.72	5049.42	73.62
OliveGIS	30set19	19:17:13	D:\wx_medgold\wx_agmerra_andalusia\agmerra_1420_208_ESP.txt	-5.1250	38.1250	1	5479	12	31	1994	2607.9	2.6	6966.3	7656.5	   121.0	     1.0	175.6	1998.7	336.0	0.000	0.0	0.0	15758.94	79019.25	33463.305	20175.92	4225.38	5203.73	64.92
OliveGIS	30set19	19:17:22	D:\wx_medgold\wx_agmerra_andalusia\agmerra_1420_209_ESP.txt	-5.1250	37.8750	1	5479	12	31	1994	2633.3	0.4	8189.4	9187.6	   103.0	     1.0	100.3	1567.4	355.7	0.000	0.0	0.0	8643.83	46767.63	17304.529	6500.17	2797.80	4334.57	45.00
OliveGIS	30set19	19:17:31	D:\wx_medgold\wx_agmerra_andalusia\agmerra_1420_210_ESP.txt	-5.1250	37.6250	1	5479	12	31	1994	2645.5	0.2	7546.7	8435.1	    97.0	     1.0	85.4	1411.7	325.5	0.000	0.0	0.0	8187.45	45230.05	17685.819	5782.63	2815.40	4153.32	46.71
OliveGIS	30set19	19:17:39	D:\wx_medgold\wx_agmerra_andalusia\agmerra_1420_211_ESP.txt	-5.1250	37.3750	1	5479	12	31	1994	2646.6	0.1	7948.0	8600.9	    98.0	     1.0	82.3	1580.1	390.3	0.000	0.0	0.0	10833.94	57989.32	22769.581	7890.37	3499.85	4827.45	53.27
OliveGIS	30set19	19:17:48	D:\wx_medgold\wx_agmerra_andalusia\agmerra_1420_212_ESP.txt	-5.1250	37.1250	1	5479	12	31	1994	2645.1	0.0	8111.9	8618.2	   104.0	     1.0	87.6	1937.0	388.1	0.000	0.0	0.0	16263.84	81640.12	33680.202	14943.13	4544.74	5686.20	62.80
OliveGIS	30set19	19:17:56	D:\wx_medgold\wx_agmerra_andalusia\agmerra_1420_213_ESP.txt	-5.1250	36.8750	1	5479	12	31	1994	2613.7	0.6	5814.4	5832.8	   125.0	     1.0	150.1	2745.6	359.0	0.000	0.0	0.0	33459.10	192085.32	149615.113	85538.50	7651.77	5163.17	83.20
OliveGIS	30set19	19:18:03	D:\wx_medgold\wx_agmerra_andalusia\agmerra_1420_214_ESP.txt	-5.1250	36.6250	1	5479	12	31	1994	2631.5	0.0	6282.1	6329.1	   121.0	     1.0	69.2	3003.1	372.2	0.000	0.0	0.0	40017.25	216796.14	156780.768	129247.60	9344.48	5852.01	86.47
OliveGIS	30set19	19:18:11	D:\wx_medgold\wx_agmerra_andalusia\agmerra_1421_206_ESP.txt	-4.8750	38.6250	1	5479	12	31	1994	2601.6	2.1	6757.2	7467.3	   122.0	     1.0	181.9	2046.4	353.1	0.000	0.0	0.0	17045.86	86686.98	48315.989	25216.22	4675.62	5372.89	68.51
OliveGIS	30set19	19:18:19	D:\wx_medgold\wx_agmerra_andalusia\agmerra_1421_207_ESP.txt	-4.8750	38.3750	1	5479	12	31	1994	2602.1	4.8	5776.2	6063.1	   128.0	     1.0	240.8	2389.6	312.8	0.000	0.0	0.0	24841.38	141954.33	98703.027	32192.49	5690.43	4803.99	75.57
OliveGIS	30set19	19:18:27	D:\wx_medgold\wx_agmerra_andalusia\agmerra_1421_208_ESP.txt	-4.8750	38.1250	1	5479	12	31	1994	2612.0	3.5	6538.2	7116.6	   123.0	     1.0	196.0	2058.1	295.7	0.000	0.0	0.0	17497.02	89685.20	45381.025	24767.12	4527.97	5118.73	68.53
OliveGIS	30set19	19:18:35	D:\wx_medgold\wx_agmerra_andalusia\agmerra_1421_209_ESP.txt	-4.8750	37.8750	1	5479	12	31	1994	2629.5	0.5	8207.1	9233.1	   104.0	     1.0	109.3	1587.8	359.8	0.000	0.0	0.0	8561.11	46908.93	17376.895	8983.44	2848.89	4356.35	44.89
OliveGIS	30set19	19:18:46	D:\wx_medgold\wx_agmerra_andalusia\agmerra_1421_210_ESP.txt	-4.8750	37.6250	1	5479	12	31	1994	2637.4	0.2	7760.8	8707.8	   100.0	     1.0	97.1	1529.8	332.3	0.000	0.0	0.0	8590.35	47205.27	18022.671	5888.68	2875.32	4306.00	47.07
OliveGIS	30set19	19:18:54	D:\wx_medgold\wx_agmerra_andalusia\agmerra_1421_211_ESP.txt	-4.8750	37.3750	1	5479	12	31	1994	2629.3	0.2	7908.5	8394.1	   107.0	     1.0	101.2	1881.1	343.4	0.000	0.0	0.0	15274.45	78096.98	32407.877	15943.92	4430.56	5495.14	62.56
OliveGIS	30set19	19:19:03	D:\wx_medgold\wx_agmerra_andalusia\agmerra_1421_212_ESP.txt	-4.8750	37.1250	1	5479	12	31	1994	2637.7	0.1	7408.9	7759.0	   114.0	     1.0	103.7	2131.4	339.5	0.000	0.0	0.0	22269.29	111593.56	50575.905	32243.02	5818.93	6023.67	73.29
OliveGIS	30set19	19:19:12	D:\wx_medgold\wx_agmerra_andalusia\agmerra_1421_213_ESP.txt	-4.8750	36.8750	1	5479	12	31	1994	2643.5	0.1	7038.9	7248.7	   112.0	     1.0	96.0	2176.1	328.1	0.000	0.0	0.0	26967.63	133810.85	64144.516	41375.47	6692.15	6124.59	79.17
OliveGIS	30set19	19:19:21	D:\wx_medgold\wx_agmerra_andalusia\agmerra_1421_214_ESP.txt	-4.8750	36.6250	1	5479	12	31	1994	2660.5	0.0	8982.6	9258.7	    98.0	     1.0	24.7	2176.1	330.1	0.000	0.0	0.0	38520.98	187389.84	93130.542	49304.78	10066.93	8127.18	82.70
OliveGIS	30set19	19:19:28	D:\wx_medgold\wx_agmerra_andalusia\agmerra_1422_207_ESP.txt	-4.6250	38.3750	1	5479	12	31	1994	2601.8	4.9	5835.8	6110.3	   129.0	     1.0	247.1	2404.7	312.4	0.000	0.0	0.0	24416.20	146169.33	101646.381	29760.50	5644.46	4773.78	74.39
OliveGIS	30set19	19:19:37	D:\wx_medgold\wx_agmerra_andalusia\agmerra_1422_208_ESP.txt	-4.6250	38.1250	1	5479	12	31	1994	2608.0	3.6	6713.8	7310.6	   122.0	     1.0	198.0	2038.0	287.9	0.000	0.0	0.0	17301.50	90739.89	43107.519	24788.47	4614.63	5251.15	68.25
OliveGIS	30set19	19:19:46	D:\wx_medgold\wx_agmerra_andalusia\agmerra_1422_209_ESP.txt	-4.6250	37.8750	1	5479	12	31	1994	2637.3	0.6	8231.0	9277.6	   104.0	     1.0	113.0	1579.6	335.2	0.000	0.0	0.0	8839.79	48499.26	18007.232	7109.03	2939.48	4477.07	45.79
OliveGIS	30set19	19:19:56	D:\wx_medgold\wx_agmerra_andalusia\agmerra_1422_210_ESP.txt	-4.6250	37.6250	1	5479	12	31	1994	2637.8	0.3	8361.8	9381.2	   103.0	     1.0	104.7	1600.1	324.8	0.000	0.0	0.0	9033.08	49532.10	18466.977	7127.53	3006.05	4536.54	46.00
OliveGIS	30set19	19:20:06	D:\wx_medgold\wx_agmerra_andalusia\agmerra_1422_211_ESP.txt	-4.6250	37.3750	1	5479	12	31	1994	2630.9	0.3	7350.0	7799.9	   112.0	     1.0	109.1	1951.0	340.0	0.000	0.0	0.0	16320.21	82007.54	34951.910	22988.80	4527.67	5408.37	66.03
OliveGIS	30set19	19:20:15	D:\wx_medgold\wx_agmerra_andalusia\agmerra_1422_212_ESP.txt	-4.6250	37.1250	1	5479	12	31	1994	2629.6	0.2	7249.1	7637.4	   114.0	     1.0	106.4	2093.8	343.1	0.000	0.0	0.0	22139.64	109995.17	49222.008	32674.91	5747.19	5974.00	74.00
OliveGIS	30set19	19:20:24	D:\wx_medgold\wx_agmerra_andalusia\agmerra_1422_213_ESP.txt	-4.6250	36.8750	1	5479	12	31	1994	2640.3	0.1	7204.2	7469.2	   108.0	     1.0	84.3	2094.2	314.0	0.000	0.0	0.0	26315.14	127241.07	58445.734	40068.09	6548.99	6238.01	78.34
OliveGIS	30set19	19:20:33	D:\wx_medgold\wx_agmerra_andalusia\agmerra_1422_214_ESP.txt	-4.6250	36.6250	1	5479	12	31	1994	2656.0	0.0	8644.6	8995.0	    93.0	     1.0	12.5	1978.2	276.6	0.000	0.0	0.0	33389.06	165692.99	85599.140	55040.36	9669.91	7665.04	81.12
OliveGIS	30set19	19:20:42	D:\wx_medgold\wx_agmerra_andalusia\agmerra_1423_208_ESP.txt	-4.3750	38.1250	1	5479	12	31	1994	2612.2	2.5	6844.4	7521.4	   122.0	     1.0	183.9	2000.2	312.1	0.000	0.0	0.0	16752.48	84745.59	39123.474	25462.43	4577.53	5348.56	67.74
OliveGIS	30set19	19:20:52	D:\wx_medgold\wx_agmerra_andalusia\agmerra_1423_209_ESP.txt	-4.3750	37.8750	1	5479	12	31	1994	2624.7	0.2	7555.6	8700.8	   100.0	     1.0	97.0	1322.5	354.0	0.000	0.0	0.0	5653.36	32471.61	12782.094	6294.86	2144.62	3340.94	36.46
OliveGIS	30set19	19:21:02	D:\wx_medgold\wx_agmerra_andalusia\agmerra_1423_210_ESP.txt	-4.3750	37.6250	1	5479	12	31	1994	2629.3	0.2	8242.6	9368.9	   103.0	     1.0	97.3	1517.3	348.0	0.000	0.0	0.0	7401.68	40648.12	14897.044	6570.48	2464.76	4010.70	40.78
OliveGIS	30set19	19:21:11	D:\wx_medgold\wx_agmerra_andalusia\agmerra_1423_211_ESP.txt	-4.3750	37.3750	1	5479	12	31	1994	2619.0	0.7	7156.4	7607.5	   118.0	     1.0	132.3	1960.8	342.1	0.000	0.0	0.0	17441.93	87062.83	38054.063	32818.51	4865.62	5530.06	69.17
OliveGIS	30set19	19:21:20	D:\wx_medgold\wx_agmerra_andalusia\agmerra_1423_212_ESP.txt	-4.3750	37.1250	1	5479	12	31	1994	2632.6	0.5	7105.7	7538.9	   116.0	     1.0	117.5	1979.2	344.9	0.000	0.0	0.0	18797.93	92039.50	40769.146	30887.28	5160.34	5704.55	71.47
OliveGIS	30set19	19:21:29	D:\wx_medgold\wx_agmerra_andalusia\agmerra_1423_213_ESP.txt	-4.3750	36.8750	1	5479	12	31	1994	2630.4	0.3	7144.5	7494.5	   110.0	     1.0	104.5	1932.0	312.9	0.000	0.0	0.0	20212.50	98187.23	42973.058	39550.36	5380.49	5779.03	72.99
OliveGIS	30set19	19:21:38	D:\wx_medgold\wx_agmerra_andalusia\agmerra_1424_207_ESP.txt	-4.1250	38.3750	1	5479	12	31	1994	2604.2	4.3	5704.9	6153.8	   127.0	     1.0	237.9	2242.7	320.1	0.000	0.0	0.0	19892.11	105691.91	68438.516	25580.68	4535.31	4656.46	72.20
OliveGIS	30set19	19:21:47	D:\wx_medgold\wx_agmerra_andalusia\agmerra_1424_208_ESP.txt	-4.1250	38.1250	1	5479	12	31	1994	2607.0	2.9	6694.3	7403.4	   122.0	     1.0	194.2	1982.1	297.9	0.000	0.0	0.0	16089.81	81008.60	35844.894	24595.82	4435.15	5223.21	67.23
OliveGIS	30set19	19:21:56	D:\wx_medgold\wx_agmerra_andalusia\agmerra_1424_209_ESP.txt	-4.1250	37.8750	1	5479	12	31	1994	2631.6	0.3	8255.8	9505.5	   104.0	     1.0	108.2	1436.5	344.6	0.000	0.0	0.0	6626.60	35932.70	13284.769	7740.86	2202.51	3760.36	37.58
OliveGIS	30set19	19:22:05	D:\wx_medgold\wx_agmerra_andalusia\agmerra_1424_210_ESP.txt	-4.1250	37.6250	1	5479	12	31	1994	2630.7	0.3	6905.9	7756.2	   115.0	     1.0	118.4	1743.5	349.2	0.000	0.0	0.0	8501.64	45995.96	17954.071	17222.41	2763.39	3981.53	48.85
OliveGIS	30set19	19:22:12	D:\wx_medgold\wx_agmerra_andalusia\agmerra_1424_211_ESP.txt	-4.1250	37.3750	1	5479	12	31	1994	2624.9	1.2	6524.6	6864.0	   123.0	     1.0	158.9	2167.3	339.4	0.000	0.0	0.0	21674.67	108734.55	53762.172	43066.00	5196.36	5369.18	74.13
OliveGIS	30set19	19:22:21	D:\wx_medgold\wx_agmerra_andalusia\agmerra_1424_212_ESP.txt	-4.1250	37.1250	1	5479	12	31	1994	2631.2	0.7	6825.3	7216.3	   119.0	     1.0	128.7	2068.8	340.4	0.000	0.0	0.0	19361.20	96705.86	43781.835	27423.42	5090.10	5493.19	72.12
OliveGIS	30set19	19:22:32	D:\wx_medgold\wx_agmerra_andalusia\agmerra_1424_213_ESP.txt	-4.1250	36.8750	1	5479	12	31	1994	2639.7	0.2	6771.9	7060.4	   114.0	     1.0	102.8	2030.6	311.7	0.000	0.0	0.0	22319.73	108874.45	48648.740	46929.43	5670.57	5695.60	75.86
OliveGIS	30set19	19:22:42	D:\wx_medgold\wx_agmerra_andalusia\agmerra_1425_207_ESP.txt	-3.8750	38.3750	1	5479	12	31	1994	2612.7	1.8	6213.8	6939.3	   123.0	     1.0	184.9	2006.8	353.1	0.000	0.0	0.0	15628.29	80325.40	41550.328	28130.07	4230.85	4923.23	67.54
OliveGIS	30set19	19:22:51	D:\wx_medgold\wx_agmerra_andalusia\agmerra_1425_208_ESP.txt	-3.8750	38.1250	1	5479	12	31	1994	2619.1	1.1	6886.0	7863.2	   118.0	     1.0	150.7	1745.1	331.0	0.000	0.0	0.0	10809.65	58607.45	24167.829	16744.00	3560.10	4647.01	56.20
OliveGIS	30set19	19:23:01	D:\wx_medgold\wx_agmerra_andalusia\agmerra_1425_209_ESP.txt	-3.8750	37.8750	1	5479	12	31	1994	2628.1	0.3	7450.0	9033.4	   105.0	     1.0	108.8	1340.5	354.0	0.000	0.0	0.0	3661.05	21076.67	7986.524	4366.10	1422.20	2431.36	25.18
OliveGIS	30set19	19:23:10	D:\wx_medgold\wx_agmerra_andalusia\agmerra_1425_210_ESP.txt	-3.8750	37.6250	1	5479	12	31	1994	2630.8	0.5	6838.5	7930.8	   118.0	     1.0	129.7	1717.9	383.2	0.000	0.0	0.0	9273.77	51001.22	20861.176	13153.87	3120.71	4291.24	51.21
OliveGIS	30set19	19:23:19	D:\wx_medgold\wx_agmerra_andalusia\agmerra_1425_211_ESP.txt	-3.8750	37.3750	1	5479	12	31	1994	2610.0	2.2	6282.4	6652.4	   124.0	     1.0	187.4	2113.0	288.8	0.000	0.0	0.0	19085.07	97497.84	53932.690	32908.18	4938.89	5100.13	72.66
OliveGIS	30set19	19:23:28	D:\wx_medgold\wx_agmerra_andalusia\agmerra_1425_212_ESP.txt	-3.8750	37.1250	1	5479	12	31	1994	2613.6	1.1	6620.5	7083.8	   119.0	     1.0	145.1	1916.3	286.9	0.000	0.0	0.0	16385.07	81085.72	37792.124	29668.92	4761.03	5256.34	70.24
OliveGIS	30set19	19:23:38	D:\wx_medgold\wx_agmerra_andalusia\agmerra_1425_213_ESP.txt	-3.8750	36.8750	1	5479	12	31	1994	2641.0	0.5	7196.8	7876.7	   110.0	     1.0	119.8	1620.5	320.6	0.000	0.0	0.0	10620.52	57145.32	22912.214	12253.15	3425.18	4596.54	55.47
OliveGIS	30set19	19:23:47	D:\wx_medgold\wx_agmerra_andalusia\agmerra_1426_207_ESP.txt	-3.6250	38.3750	1	5479	12	31	1994	2603.9	1.9	6065.7	6741.4	   123.0	     1.0	195.2	2051.3	337.7	0.000	0.0	0.0	15915.11	84443.11	45670.310	34695.34	4269.20	4827.11	68.11
OliveGIS	30set19	19:23:56	D:\wx_medgold\wx_agmerra_andalusia\agmerra_1426_208_ESP.txt	-3.6250	38.1250	1	5479	12	31	1994	2614.2	1.3	6759.8	7664.4	   120.0	     1.0	162.5	1845.4	318.7	0.000	0.0	0.0	12269.64	65340.37	27477.495	27455.84	3897.03	4850.44	60.31
OliveGIS	30set19	19:24:05	D:\wx_medgold\wx_agmerra_andalusia\agmerra_1426_209_ESP.txt	-3.6250	37.8750	1	5479	12	31	1994	2634.1	0.4	6929.9	8288.4	   114.0	     1.0	123.7	1508.2	342.7	0.000	0.0	0.0	4972.28	27653.21	9592.760	6894.50	1666.81	2915.49	33.12
OliveGIS	30set19	19:24:14	D:\wx_medgold\wx_agmerra_andalusia\agmerra_1426_210_ESP.txt	-3.6250	37.6250	1	5479	12	31	1994	2613.4	0.9	6550.5	7393.9	   122.0	     1.0	159.6	1953.7	366.8	0.000	0.0	0.0	14910.20	75619.41	33048.043	43105.70	4368.66	5123.08	66.02
OliveGIS	30set19	19:24:22	D:\wx_medgold\wx_agmerra_andalusia\agmerra_1426_211_ESP.txt	-3.6250	37.3750	1	5479	12	31	1994	2616.9	3.4	5819.7	6079.8	   128.0	     1.0	229.4	2297.3	290.4	0.000	0.0	0.0	22203.09	119036.31	66631.388	26588.52	4984.96	4758.33	74.38
OliveGIS	30set19	19:24:30	D:\wx_medgold\wx_agmerra_andalusia\agmerra_1426_212_ESP.txt	-3.6250	37.1250	1	5479	12	31	1994	2611.9	1.8	6135.8	6494.6	   123.0	     1.0	175.8	2093.3	345.0	0.000	0.0	0.0	17579.20	90305.46	44934.098	26954.99	4573.26	4866.28	70.98
OliveGIS	30set19	19:24:40	D:\wx_medgold\wx_agmerra_andalusia\agmerra_1426_213_ESP.txt	-3.6250	36.8750	1	5479	12	31	1994	2635.3	0.6	6769.8	7327.9	   116.0	     1.0	136.6	1760.2	308.6	0.000	0.0	0.0	11730.69	62132.12	25961.764	24690.11	3720.64	4642.10	60.02
OliveGIS	30set19	19:24:50	D:\wx_medgold\wx_agmerra_andalusia\agmerra_1427_207_ESP.txt	-3.3750	38.3750	1	5479	12	31	1994	2618.5	1.3	6745.9	7529.4	   121.0	     1.0	173.9	1954.0	365.4	0.000	0.0	0.0	15935.51	80902.35	36122.389	35606.08	4491.26	5279.85	66.72
OliveGIS	30set19	19:24:59	D:\wx_medgold\wx_agmerra_andalusia\agmerra_1427_208_ESP.txt	-3.3750	38.1250	1	5479	12	31	1994	2614.8	0.8	7069.6	8050.7	   118.0	     1.0	147.3	1785.6	351.0	0.000	0.0	0.0	12431.43	66577.71	27759.288	30760.87	4023.17	5028.28	59.45
OliveGIS	30set19	19:25:09	D:\wx_medgold\wx_agmerra_andalusia\agmerra_1427_209_ESP.txt	-3.3750	37.8750	1	5479	12	31	1994	2627.5	0.5	7002.6	7972.7	   116.0	     1.0	129.2	1678.8	318.0	0.000	0.0	0.0	10715.39	58315.42	23929.698	12907.26	3572.07	4676.96	55.65
OliveGIS	30set19	19:25:18	D:\wx_medgold\wx_agmerra_andalusia\agmerra_1427_210_ESP.txt	-3.3750	37.6250	1	5479	12	31	1994	2620.1	1.3	6246.4	6721.8	   124.0	     1.0	179.9	2188.6	338.6	0.000	0.0	0.0	21332.38	110740.92	62334.741	42889.83	5357.41	5250.89	74.20
OliveGIS	30set19	19:25:25	D:\wx_medgold\wx_agmerra_andalusia\agmerra_1427_211_ESP.txt	-3.3750	37.3750	1	5479	12	31	1994	2084.8	17.7	6839.5	7312.2	   157.0	     1.0	504.3	2910.0	211.9	0.000	0.0	0.0	13861.54	96109.99	85192.214	9181.23	2278.79	2619.24	34.28
OliveGIS	30set19	19:25:32	D:\wx_medgold\wx_agmerra_andalusia\agmerra_1427_212_ESP.txt	-3.3750	37.1250	1	5479	12	31	1994	2284.5	10.6	7112.4	7268.0	   151.0	     1.0	396.4	2869.0	520.6	0.000	0.0	0.0	20606.73	131611.70	154640.040	18203.13	4009.43	3928.16	52.58
OliveGIS	30set19	19:25:39	D:\wx_medgold\wx_agmerra_andalusia\agmerra_1427_213_ESP.txt	-3.3750	36.8750	1	5479	12	31	1994	2612.7	5.2	5894.2	6141.5	   135.0	     1.0	261.0	2433.7	453.2	0.000	0.0	0.0	26703.90	167879.48	133788.938	43757.37	6173.42	4743.53	73.22
OliveGIS	30set19	19:25:48	D:\wx_medgold\wx_agmerra_andalusia\agmerra_1428_207_ESP.txt	-3.1250	38.3750	1	5479	12	31	1994	2607.8	1.9	6070.6	6629.8	   124.0	     1.0	202.7	2145.0	351.4	0.000	0.0	0.0	20109.14	104990.45	63191.527	37203.52	5135.56	5113.58	73.24
OliveGIS	30set19	19:25:56	D:\wx_medgold\wx_agmerra_andalusia\agmerra_1428_208_ESP.txt	-3.1250	38.1250	1	5479	12	31	1994	2610.1	1.5	6093.3	6720.7	   123.0	     1.0	184.4	2065.4	367.6	0.000	0.0	0.0	18611.98	98886.71	54258.899	48689.94	4998.93	5083.35	71.85
OliveGIS	30set19	19:26:04	D:\wx_medgold\wx_agmerra_andalusia\agmerra_1428_209_ESP.txt	-3.1250	37.8750	1	5479	12	31	1994	2619.8	1.0	6879.4	7600.3	   121.0	     1.0	160.0	1938.4	329.1	0.000	0.0	0.0	18281.50	91984.71	42725.995	47595.65	5186.64	5664.05	70.68
OliveGIS	30set19	19:26:13	D:\wx_medgold\wx_agmerra_andalusia\agmerra_1428_210_ESP.txt	-3.1250	37.6250	1	5479	12	31	1994	2623.9	1.7	5700.1	6089.4	   126.0	     1.0	197.6	2272.0	327.8	0.000	0.0	0.0	22458.37	122616.37	73692.442	43514.17	5502.25	4869.16	75.89
OliveGIS	30set19	19:26:19	D:\wx_medgold\wx_agmerra_andalusia\agmerra_1428_211_ESP.txt	-3.1250	37.3750	1	5479	12	31	1994	2085.0	17.0	7637.6	8161.4	   157.0	     1.0	495.8	2938.6	206.1	0.000	0.0	0.0	17630.85	111870.97	122839.382	14964.42	2991.72	3420.58	39.45
OliveGIS	30set19	19:26:25	D:\wx_medgold\wx_agmerra_andalusia\agmerra_1428_212_ESP.txt	-3.1250	37.1250	1	5479	12	31	1994	2347.9	8.0	2714.0	4269.1	   149.0	     1.0	353.1	2867.1	409.4	0.000	0.0	0.0	17157.63	103505.92	134394.620	21542.29	3587.58	3074.20	68.56
OliveGIS	30set19	19:26:33	D:\wx_medgold\wx_agmerra_andalusia\agmerra_1428_213_ESP.txt	-3.1250	36.8750	1	5479	12	31	1994	2614.9	3.3	5845.4	6112.8	   130.0	     1.0	224.5	2390.3	297.1	0.000	0.0	0.0	26330.26	154704.25	103842.532	41444.45	6155.37	4897.08	76.12
OliveGIS	30set19	19:26:40	D:\wx_medgold\wx_agmerra_andalusia\agmerra_1429_207_ESP.txt	-2.8750	38.3750	1	5479	12	31	1994	2604.8	5.0	5904.3	6228.9	   132.0	     1.0	283.0	2410.2	330.2	0.000	0.0	0.0	28220.08	171683.00	164122.755	51484.56	6139.57	4872.49	74.34
OliveGIS	30set19	19:26:48	D:\wx_medgold\wx_agmerra_andalusia\agmerra_1429_208_ESP.txt	-2.8750	38.1250	1	5479	12	31	1994	2605.3	4.8	5949.1	6285.2	   133.0	     1.0	278.5	2437.1	382.2	0.000	0.0	0.0	26925.48	165709.21	142112.478	49648.05	6027.26	4842.37	73.13
OliveGIS	30set19	19:26:54	D:\wx_medgold\wx_agmerra_andalusia\agmerra_1429_209_ESP.txt	-2.8750	37.8750	1	5479	12	31	1994	2610.8	4.0	5938.3	6148.6	   136.0	     1.0	266.4	2582.0	422.9	0.000	0.0	0.0	29088.86	181253.50	170384.311	59885.34	6446.52	4880.31	74.97
OliveGIS	30set19	19:27:01	D:\wx_medgold\wx_agmerra_andalusia\agmerra_1429_210_ESP.txt	-2.8750	37.6250	1	5479	12	31	1994	2547.3	4.5	6115.3	6288.9	   141.0	     1.0	292.8	2688.3	310.7	0.000	0.0	0.0	26559.73	162064.40	185512.766	48148.46	5528.56	4550.88	69.81
OliveGIS	30set19	19:27:07	D:\wx_medgold\wx_agmerra_andalusia\agmerra_1429_211_ESP.txt	-2.8750	37.3750	1	5479	12	31	1994	1479.3	54.2	6.2	11.2	   179.0	     1.0	813.6	3310.5	321.6	0.000	0.0	0.0	25.73	165.97	219.723	48.24	4.41	5.23	42.20
OliveGIS	30set19	19:27:12	D:\wx_medgold\wx_agmerra_andalusia\agmerra_1429_212_ESP.txt	-2.8750	37.1250	1	5479	12	31	1994	1745.3	22.8	1298.3	1747.6	   169.0	     1.0	565.2	3388.0	368.4	0.000	0.0	0.0	4149.32	25525.68	40631.912	4331.83	712.18	793.00	41.41
OliveGIS	30set19	19:27:19	D:\wx_medgold\wx_agmerra_andalusia\agmerra_1429_213_ESP.txt	-2.8750	36.8750	1	5479	12	31	1994	2641.3	0.1	7079.8	7614.1	   110.0	     1.0	107.6	1827.9	341.4	0.000	0.0	0.0	16476.65	83232.75	36289.432	21565.41	4923.92	5526.83	68.65
OliveGIS	30set19	19:27:27	D:\wx_medgold\wx_agmerra_andalusia\agmerra_1430_207_ESP.txt	-2.6250	38.3750	1	5479	12	31	1994	2550.7	6.5	6101.3	6399.7	   141.0	     1.0	341.9	2540.1	349.5	0.000	0.0	0.0	25083.66	151231.09	195990.718	45758.12	5629.00	4826.40	72.00
OliveGIS	30set19	19:27:33	D:\wx_medgold\wx_agmerra_andalusia\agmerra_1430_208_ESP.txt	-2.6250	38.1250	1	5479	12	31	1994	2496.9	6.9	6424.9	6735.3	   144.0	     1.0	350.5	2606.3	435.6	0.000	0.0	0.0	24927.38	152184.34	202474.286	36171.31	5514.69	4876.27	69.82
OliveGIS	30set19	19:27:40	D:\wx_medgold\wx_agmerra_andalusia\agmerra_1430_209_ESP.txt	-2.6250	37.8750	1	5479	12	31	1994	2491.0	5.4	6310.2	6516.7	   144.0	     1.0	312.0	2724.2	416.0	0.000	0.0	0.0	23916.70	142945.70	170771.946	39166.70	5026.17	4507.39	67.07
OliveGIS	30set19	19:27:47	D:\wx_medgold\wx_agmerra_andalusia\agmerra_1430_210_ESP.txt	-2.6250	37.6250	1	5479	12	31	1994	2533.9	4.6	6056.4	6265.0	   141.0	     1.0	293.2	2706.3	302.4	0.000	0.0	0.0	27798.85	164377.32	212606.666	50676.45	5929.20	4747.61	72.92
OliveGIS	30set19	19:27:52	D:\wx_medgold\wx_agmerra_andalusia\agmerra_1430_211_ESP.txt	-2.6250	37.3750	1	5479	12	31	1994	1532.8	45.0	18.0	30.0	   176.0	     1.0	753.8	3337.6	299.7	0.000	0.0	0.0	70.14	435.77	546.824	116.36	11.16	13.82	42.14
OliveGIS	30set19	19:27:57	D:\wx_medgold\wx_agmerra_andalusia\agmerra_1430_212_ESP.txt	-2.6250	37.1250	1	5479	12	31	1994	1845.8	14.8	2862.7	4553.2	   164.0	     1.0	471.6	3442.1	307.2	0.000	0.0	0.0	12036.64	68206.65	117333.624	15041.55	2207.60	2455.38	49.74
OliveGIS	30set19	19:28:04	D:\wx_medgold\wx_agmerra_andalusia\agmerra_1430_213_ESP.txt	-2.6250	36.8750	1	5479	12	31	1994	2651.6	0.0	7458.9	8055.6	   102.0	     1.0	81.0	1670.0	252.0	0.000	0.0	0.0	14163.88	74846.81	31499.918	21469.45	4500.15	5394.50	63.69
OliveGIS	30set19	19:28:12	D:\wx_medgold\wx_agmerra_andalusia\agmerra_1431_209_ESP.txt	-2.3750	37.8750	1	5479	12	31	1994	2063.3	13.3	3290.6	4506.0	   155.0	     1.0	458.7	3117.4	335.3	0.000	0.0	0.0	9701.32	55709.78	87734.641	13563.73	1847.40	2203.04	45.46
OliveGIS	30set19	19:28:18	D:\wx_medgold\wx_agmerra_andalusia\agmerra_1431_210_ESP.txt	-2.3750	37.6250	1	5479	12	31	1994	2192.6	8.9	2717.8	4027.1	   151.0	     1.0	388.5	3079.4	320.9	0.000	0.0	0.0	13847.42	82332.28	109116.847	19460.48	2635.82	2589.77	61.11
OliveGIS	30set19	19:28:24	D:\wx_medgold\wx_agmerra_andalusia\agmerra_1431_211_ESP.txt	-2.3750	37.3750	1	5479	12	31	1994	2156.7	9.5	3039.5	4441.5	   152.0	     1.0	387.7	3143.6	260.8	0.000	0.0	0.0	14358.81	82639.29	102641.412	18620.53	2641.78	2670.03	57.40
OliveGIS	30set19	19:28:30	D:\wx_medgold\wx_agmerra_andalusia\agmerra_1431_212_ESP.txt	-2.3750	37.1250	1	5479	12	31	1994	2493.4	1.1	5862.0	5975.4	   141.0	     1.0	195.3	3053.4	294.1	0.000	0.0	0.0	28596.46	167184.08	223823.475	112252.01	6216.72	4684.03	75.64
OliveGIS	30set19	19:28:38	D:\wx_medgold\wx_agmerra_andalusia\agmerra_1431_213_ESP.txt	-2.3750	36.8750	1	5479	12	31	1994	2638.6	0.0	7972.8	8625.0	   100.0	     1.0	70.1	1594.4	241.2	0.000	0.0	0.0	15288.15	80318.09	34258.369	15532.57	4868.76	5813.36	64.20
OliveGIS	30set19	19:28:46	D:\wx_medgold\wx_agmerra_andalusia\agmerra_1432_209_ESP.txt	-2.1250	37.8750	1	5479	12	31	1994	2204.9	8.8	3231.4	4992.8	   150.0	     1.0	379.5	3092.1	331.4	0.000	0.0	0.0	19601.54	117615.91	160833.499	26789.40	3719.37	3381.57	64.34
OliveGIS	30set19	19:28:53	D:\wx_medgold\wx_agmerra_andalusia\agmerra_1432_210_ESP.txt	-2.1250	37.6250	1	5479	12	31	1994	2441.7	4.0	6482.4	6673.7	   143.0	     1.0	279.3	2908.7	324.8	0.000	0.0	0.0	26010.46	152628.27	187391.464	58110.54	5280.59	4646.20	67.59
OliveGIS	30set19	19:29:00	D:\wx_medgold\wx_agmerra_andalusia\agmerra_1432_211_ESP.txt	-2.1250	37.3750	1	5479	12	31	1994	2419.6	3.0	6408.9	6563.3	   143.0	     1.0	255.0	3030.6	261.7	0.000	0.0	0.0	28899.79	166732.73	196778.138	72063.44	5893.87	4855.36	71.91
OliveGIS	30set19	19:29:06	D:\wx_medgold\wx_agmerra_andalusia\agmerra_1432_212_ESP.txt	-2.1250	37.1250	1	5479	12	31	1994	2632.3	0.0	5847.3	5927.4	   126.0	     1.0	101.7	2935.4	248.8	0.000	0.0	0.0	37691.17	205580.80	157389.884	129041.25	8367.02	5416.47	85.74
OliveGIS	30set19	19:29:16	D:\wx_medgold\wx_agmerra_andalusia\agmerra_1432_213_ESP.txt	-2.1250	36.8750	1	5479	12	31	1994	2663.3	0.0	8733.9	9362.1	    95.0	     1.0	36.7	1357.9	231.6	0.000	0.0	0.0	16801.89	88374.17	38585.309	21206.70	5477.10	6414.07	64.99
OliveGIS	30set19	19:29:25	D:\wx_medgold\wx_agmerra_andalusia\agmerra_1433_211_ESP.txt	-1.8750	37.3750	1	5479	12	31	1994	2652.3	0.2	6656.4	7201.2	   114.0	     1.0	118.9	1758.9	238.1	0.000	0.0	0.0	13577.03	70760.37	30094.237	23049.53	4256.89	4961.67	65.01
OliveGIS	30set19	19:29:34	D:\wx_medgold\wx_agmerra_andalusia\agmerra_1433_212_ESP.txt	-1.8750	37.1250	1	5479	12	31	1994	2653.1	0.0	8102.7	8619.7	   100.0	     1.0	42.5	1578.0	212.0	0.000	0.0	0.0	16846.89	86762.45	37476.485	28652.52	5253.23	6042.57	66.83
