Model	Date	Time	WxFile	Long	Lat	JdStart	DysToOut	Month	Day	Year	dd	ddbZero	FruWgt	fruNum	Bloomday	BloomYr	DDBSum	ChillHD	PrcpYrSum	TempIncr	ddbMinus10	ddbMinus83	OFEgDays	OFLrDays	OFPuDays	OFAdDays	OfPupSum	DamFrSum	PrcntAtkd
OliveGIS	30set19	19:09:54	D:\wx_medgold\wx_agmerra_andalusia\agmerra_1411_210_ESP.txt	-7.3750	37.6250	1	1461	12	31	1983	2634.5	0.3	9054.7	9338.5	    98.0	     1.0	74.2	2034.6	535.2	0.000	0.0	0.0	30317.34	139737.35	60956.401	34531.32	7224.83	7442.36	75.77
OliveGIS	30set19	19:10:04	D:\wx_medgold\wx_agmerra_andalusia\agmerra_1411_211_ESP.txt	-7.3750	37.3750	1	1461	12	31	1983	2648.7	0.1	10220.8	10504.0	    96.0	     1.0	68.3	1935.5	566.8	0.000	0.0	0.0	34359.78	159272.03	68504.159	32320.01	8207.94	8402.65	75.76
OliveGIS	30set19	19:10:14	D:\wx_medgold\wx_agmerra_andalusia\agmerra_1412_209_ESP.txt	-7.1250	37.8750	1	1461	12	31	1983	2619.3	0.7	7147.2	7278.6	   103.0	     1.0	102.9	2260.6	585.5	0.000	0.0	0.0	29028.24	129776.81	58939.589	72521.95	6523.30	6198.15	80.11
OliveGIS	30set19	19:10:21	D:\wx_medgold\wx_agmerra_andalusia\agmerra_1412_210_ESP.txt	-7.1250	37.6250	1	1461	12	31	1983	2646.5	0.4	7945.3	8161.9	   100.0	     1.0	82.1	2064.8	592.3	0.000	0.0	0.0	26474.49	121693.57	52782.074	37686.31	6250.18	6557.62	75.72
OliveGIS	30set19	19:10:28	D:\wx_medgold\wx_agmerra_andalusia\agmerra_1412_211_ESP.txt	-7.1250	37.3750	1	1461	12	31	1983	2650.1	0.1	9847.7	10131.0	    97.0	     1.0	74.8	1891.1	570.6	0.000	0.0	0.0	32266.37	150691.31	65002.455	28001.16	7829.90	8069.50	75.37
OliveGIS	30set19	19:10:36	D:\wx_medgold\wx_agmerra_andalusia\agmerra_1413_208_ESP.txt	-6.8750	38.1250	1	1461	12	31	1983	2627.4	1.2	6579.9	6646.8	   108.0	     1.0	139.2	2311.4	627.3	0.000	0.0	0.0	21923.71	100341.51	44523.972	53401.05	4943.98	5280.94	75.07
OliveGIS	30set19	19:10:43	D:\wx_medgold\wx_agmerra_andalusia\agmerra_1413_209_ESP.txt	-6.8750	37.8750	1	1461	12	31	1983	2645.1	0.4	7846.6	8053.8	   101.0	     1.0	97.4	2104.5	683.5	0.000	0.0	0.0	26660.64	122218.45	52762.173	48944.33	6181.57	6508.51	75.96
OliveGIS	30set19	19:10:51	D:\wx_medgold\wx_agmerra_andalusia\agmerra_1413_210_ESP.txt	-6.8750	37.6250	1	1461	12	31	1983	2642.5	0.2	9731.9	10094.5	    94.0	     1.0	73.7	1804.1	695.3	0.000	0.0	0.0	27771.06	131159.36	55682.275	22402.41	6922.48	7636.97	71.94
OliveGIS	30set19	19:10:59	D:\wx_medgold\wx_agmerra_andalusia\agmerra_1413_211_ESP.txt	-6.8750	37.3750	1	1461	12	31	1983	2652.3	0.0	9404.4	9780.5	    91.0	     1.0	63.3	1607.1	594.5	0.000	0.0	0.0	29243.90	139712.18	62520.099	21162.42	7544.87	7705.94	74.87
OliveGIS	30set19	19:11:10	D:\wx_medgold\wx_agmerra_andalusia\agmerra_1414_209_ESP.txt	-6.6250	37.8750	1	1461	12	31	1983	2643.5	0.7	8062.1	8199.0	   104.0	     1.0	113.6	2191.8	693.5	0.000	0.0	0.0	29332.01	133166.01	59068.910	69830.23	6750.69	6791.91	77.75
OliveGIS	30set19	19:11:17	D:\wx_medgold\wx_agmerra_andalusia\agmerra_1414_210_ESP.txt	-6.6250	37.6250	1	1461	12	31	1983	2648.3	0.3	9706.2	10041.6	    98.0	     1.0	82.5	1841.6	682.5	0.000	0.0	0.0	26002.57	123729.40	52071.475	23012.73	6562.11	7442.25	70.43
OliveGIS	30set19	19:11:25	D:\wx_medgold\wx_agmerra_andalusia\agmerra_1414_211_ESP.txt	-6.6250	37.3750	1	1461	12	31	1983	2645.2	0.1	9541.1	9946.0	    93.0	     1.0	72.5	1564.1	598.4	0.000	0.0	0.0	26016.79	125595.20	54808.530	17965.10	6852.19	7440.19	71.51
OliveGIS	30set19	19:11:34	D:\wx_medgold\wx_agmerra_andalusia\agmerra_1414_212_ESP.txt	-6.6250	37.1250	1	1461	12	31	1983	2660.3	0.0	10204.9	10614.5	    84.0	     1.0	21.3	1568.6	542.6	0.000	0.0	0.0	43562.68	208715.95	106215.889	36139.96	11277.11	9112.72	81.79
OliveGIS	30set19	19:11:41	D:\wx_medgold\wx_agmerra_andalusia\agmerra_1415_209_ESP.txt	-6.3750	37.8750	1	1461	12	31	1983	2639.9	0.9	7317.0	7429.3	   104.0	     1.0	127.2	2139.3	585.0	0.000	0.0	0.0	21108.17	99059.61	42236.062	30057.61	5063.64	5679.52	72.01
OliveGIS	30set19	19:11:49	D:\wx_medgold\wx_agmerra_andalusia\agmerra_1415_210_ESP.txt	-6.3750	37.6250	1	1461	12	31	1983	2643.6	0.4	9805.1	10146.7	    98.0	     1.0	91.5	1800.6	570.9	0.000	0.0	0.0	21355.85	104414.33	42522.048	14671.75	5658.12	6906.80	64.88
OliveGIS	30set19	19:11:57	D:\wx_medgold\wx_agmerra_andalusia\agmerra_1415_211_ESP.txt	-6.3750	37.3750	1	1461	12	31	1983	2646.1	0.0	9016.5	9560.1	    89.0	     1.0	63.9	1300.2	508.8	0.000	0.0	0.0	15989.44	80641.63	32818.668	8755.37	4564.60	5912.40	58.90
OliveGIS	30set19	19:12:06	D:\wx_medgold\wx_agmerra_andalusia\agmerra_1415_212_ESP.txt	-6.3750	37.1250	1	1461	12	31	1983	2644.0	0.0	11432.2	11994.1	    82.0	     1.0	25.0	1219.1	494.8	0.000	0.0	0.0	32164.55	158331.94	70867.117	20939.46	8812.03	9101.26	72.69
OliveGIS	30set19	19:12:15	D:\wx_medgold\wx_agmerra_andalusia\agmerra_1415_213_ESP.txt	-6.3750	36.8750	1	1461	12	31	1983	2656.3	0.0	9550.4	9817.5	    94.0	     1.0	35.9	1607.4	475.2	0.000	0.0	0.0	36838.21	178390.66	90126.349	31347.69	9963.52	8341.07	80.63
OliveGIS	30set19	19:12:23	D:\wx_medgold\wx_agmerra_andalusia\agmerra_1416_209_ESP.txt	-6.1250	37.8750	1	1461	12	31	1983	2626.6	1.2	7432.6	7546.3	   104.0	     1.0	136.1	2080.8	561.7	0.000	0.0	0.0	18405.92	87722.36	36384.857	32967.83	4483.30	5401.47	68.00
OliveGIS	30set19	19:12:31	D:\wx_medgold\wx_agmerra_andalusia\agmerra_1416_210_ESP.txt	-6.1250	37.6250	1	1461	12	31	1983	2645.6	0.6	9914.1	10261.3	    98.0	     1.0	97.2	1743.7	543.4	0.000	0.0	0.0	16651.27	82563.62	31750.622	9517.76	4482.82	6128.17	56.74
OliveGIS	30set19	19:12:39	D:\wx_medgold\wx_agmerra_andalusia\agmerra_1416_211_ESP.txt	-6.1250	37.3750	1	1461	12	31	1983	2650.5	0.1	9044.7	9632.2	    90.0	     1.0	75.6	1247.7	488.0	0.000	0.0	0.0	14503.06	74156.82	29629.606	7677.47	4229.48	5656.88	55.87
OliveGIS	30set19	19:12:48	D:\wx_medgold\wx_agmerra_andalusia\agmerra_1416_212_ESP.txt	-6.1250	37.1250	1	1461	12	31	1983	2653.1	0.0	10094.4	10664.1	    84.0	     1.0	44.8	1135.2	509.2	0.000	0.0	0.0	21039.60	106523.58	44039.293	11987.10	5966.20	7151.02	64.08
OliveGIS	30set19	19:12:57	D:\wx_medgold\wx_agmerra_andalusia\agmerra_1416_213_ESP.txt	-6.1250	36.8750	1	1461	12	31	1983	2649.4	0.0	9691.7	10054.7	    95.0	     1.0	67.2	1366.4	495.4	0.000	0.0	0.0	23238.62	114733.52	50135.622	14324.59	6436.13	7260.60	68.88
OliveGIS	30set19	19:13:06	D:\wx_medgold\wx_agmerra_andalusia\agmerra_1416_214_ESP.txt	-6.1250	36.6250	1	1461	12	31	1983	2652.6	0.0	9816.6	10020.8	    95.0	     1.0	39.9	1698.0	475.5	0.000	0.0	0.0	37042.44	177354.79	86951.619	29243.83	9681.88	8445.26	80.02
OliveGIS	30set19	19:13:14	D:\wx_medgold\wx_agmerra_andalusia\agmerra_1416_215_ESP.txt	-6.1250	36.3750	1	1461	12	31	1983	2642.0	0.0	8800.8	9009.7	   102.0	     1.0	81.8	1612.3	461.3	0.000	0.0	0.0	16446.80	82954.04	33903.848	10838.92	4700.27	5926.37	62.39
OliveGIS	30set19	19:13:24	D:\wx_medgold\wx_agmerra_andalusia\agmerra_1417_208_ESP.txt	-5.8750	38.1250	1	1461	12	31	1983	2630.5	2.6	6463.4	6500.6	   118.0	     1.0	185.5	2157.7	466.6	0.000	0.0	0.0	17509.45	82677.19	35845.883	30920.39	4156.26	4835.43	70.11
OliveGIS	30set19	19:13:31	D:\wx_medgold\wx_agmerra_andalusia\agmerra_1417_209_ESP.txt	-5.8750	37.8750	1	1461	12	31	1983	2633.1	1.0	7516.5	7652.7	   104.0	     1.0	143.4	1995.0	540.8	0.000	0.0	0.0	14114.05	68167.88	26994.606	16053.89	3530.03	4802.12	59.61
OliveGIS	30set19	19:13:39	D:\wx_medgold\wx_agmerra_andalusia\agmerra_1417_210_ESP.txt	-5.8750	37.6250	1	1461	12	31	1983	2641.0	0.5	9891.7	10264.6	    98.0	     1.0	104.4	1693.3	517.1	0.000	0.0	0.0	14142.42	70377.57	25905.422	7540.07	3768.42	5565.87	51.48
OliveGIS	30set19	19:13:47	D:\wx_medgold\wx_agmerra_andalusia\agmerra_1417_211_ESP.txt	-5.8750	37.3750	1	1461	12	31	1983	2648.6	0.0	8981.9	9597.3	    89.0	     1.0	70.6	1214.2	502.3	0.000	0.0	0.0	14241.30	72173.59	28514.747	7209.81	4111.20	5572.76	55.46
OliveGIS	30set19	19:13:56	D:\wx_medgold\wx_agmerra_andalusia\agmerra_1417_212_ESP.txt	-5.8750	37.1250	1	1461	12	31	1983	2648.4	0.0	9837.3	10411.9	    85.0	     1.0	50.8	1180.8	483.5	0.000	0.0	0.0	14560.09	73573.89	28623.956	6879.84	4134.12	5763.60	52.93
OliveGIS	30set19	19:14:08	D:\wx_medgold\wx_agmerra_andalusia\agmerra_1417_213_ESP.txt	-5.8750	36.8750	1	1461	12	31	1983	2639.7	0.0	9600.0	9941.0	    95.0	     1.0	63.9	1489.6	433.6	0.000	0.0	0.0	23205.97	115190.43	50257.449	14352.56	6414.12	7170.74	68.97
OliveGIS	30set19	19:14:16	D:\wx_medgold\wx_agmerra_andalusia\agmerra_1417_214_ESP.txt	-5.8750	36.6250	1	1461	12	31	1983	2646.1	0.0	9332.6	9563.2	    92.0	     1.0	36.1	1702.5	504.9	0.000	0.0	0.0	34243.20	161106.25	74997.410	24410.75	8646.90	7962.27	79.28
OliveGIS	30set19	19:14:24	D:\wx_medgold\wx_agmerra_andalusia\agmerra_1417_215_ESP.txt	-5.8750	36.3750	1	1461	12	31	1983	2657.0	0.0	9278.5	9386.1	    97.0	     1.0	32.1	1934.8	536.6	0.000	0.0	0.0	37854.93	181802.14	91395.969	34453.65	9836.61	8096.65	81.56
OliveGIS	30set19	19:14:32	D:\wx_medgold\wx_agmerra_andalusia\agmerra_1418_208_ESP.txt	-5.6250	38.1250	1	1461	12	31	1983	2631.2	2.4	6698.1	6771.7	   117.0	     1.0	183.3	2072.8	489.1	0.000	0.0	0.0	15418.55	74316.90	30939.041	20112.57	3788.80	4692.62	65.79
OliveGIS	30set19	19:14:39	D:\wx_medgold\wx_agmerra_andalusia\agmerra_1418_209_ESP.txt	-5.6250	37.8750	1	1461	12	31	1983	2624.7	0.8	7871.2	8069.6	   103.0	     1.0	140.6	1877.9	529.8	0.000	0.0	0.0	13060.53	65225.75	25791.280	10199.75	3546.39	4825.27	56.93
OliveGIS	30set19	19:14:47	D:\wx_medgold\wx_agmerra_andalusia\agmerra_1418_210_ESP.txt	-5.6250	37.6250	1	1461	12	31	1983	2650.0	0.6	9717.4	10090.9	    98.0	     1.0	106.6	1645.7	515.7	0.000	0.0	0.0	14332.62	71535.86	26535.674	7404.11	3841.16	5606.27	52.67
OliveGIS	30set19	19:14:56	D:\wx_medgold\wx_agmerra_andalusia\agmerra_1418_211_ESP.txt	-5.6250	37.3750	1	1461	12	31	1983	2653.7	0.2	9298.2	9885.2	    91.0	     1.0	79.3	1282.3	495.8	0.000	0.0	0.0	13755.60	70677.39	27842.237	6994.24	4042.61	5567.86	53.64
OliveGIS	30set19	19:15:05	D:\wx_medgold\wx_agmerra_andalusia\agmerra_1418_212_ESP.txt	-5.6250	37.1250	1	1461	12	31	1983	2646.8	0.1	9200.1	9647.1	    92.0	     1.0	67.2	1458.5	492.8	0.000	0.0	0.0	14812.78	74099.05	29496.793	7478.97	4126.61	5673.44	56.17
OliveGIS	30set19	19:15:13	D:\wx_medgold\wx_agmerra_andalusia\agmerra_1418_213_ESP.txt	-5.6250	36.8750	1	1461	12	31	1983	2630.8	0.2	8940.0	9140.2	   101.0	     1.0	86.1	1849.6	473.7	0.000	0.0	0.0	22138.02	109266.70	46919.405	18972.42	5970.96	6662.57	69.38
OliveGIS	30set19	19:15:21	D:\wx_medgold\wx_agmerra_andalusia\agmerra_1418_214_ESP.txt	-5.6250	36.6250	1	1461	12	31	1983	2628.5	0.0	9284.7	9437.4	    99.0	     1.0	50.5	1990.1	519.2	0.000	0.0	0.0	31196.59	147694.53	66410.804	25278.54	7778.58	7614.51	76.85
OliveGIS	30set19	19:15:29	D:\wx_medgold\wx_agmerra_andalusia\agmerra_1418_215_ESP.txt	-5.6250	36.3750	1	1461	12	31	1983	2655.1	0.0	8733.0	8784.1	   101.0	     1.0	42.7	2107.2	655.1	0.000	0.0	0.0	36117.02	171453.48	84330.516	44759.35	9071.47	7642.20	82.01
OliveGIS	30set19	19:15:37	D:\wx_medgold\wx_agmerra_andalusia\agmerra_1418_216_ESP.txt	-5.6250	36.1250	1	1461	12	31	1983	2654.1	0.0	8819.1	8891.3	    97.0	     1.0	10.1	2176.4	488.8	0.000	0.0	0.0	47052.29	238690.22	148714.063	80789.63	13217.74	8162.63	86.55
OliveGIS	30set19	19:15:44	D:\wx_medgold\wx_agmerra_andalusia\agmerra_1419_207_ESP.txt	-5.3750	38.3750	1	1461	12	31	1983	2614.5	6.1	5731.9	5745.2	   127.0	     1.0	237.5	2197.9	377.8	0.000	0.0	0.0	16163.31	75211.14	33241.305	27595.81	3503.48	4230.00	69.78
OliveGIS	30set19	19:15:50	D:\wx_medgold\wx_agmerra_andalusia\agmerra_1419_208_ESP.txt	-5.3750	38.1250	1	1461	12	31	1983	2621.4	3.2	6603.3	6704.6	   119.0	     1.0	201.4	2044.3	413.2	0.000	0.0	0.0	14065.74	67400.99	27372.801	17513.80	3372.84	4435.83	62.94
OliveGIS	30set19	19:15:58	D:\wx_medgold\wx_agmerra_andalusia\agmerra_1419_209_ESP.txt	-5.3750	37.8750	1	1461	12	31	1983	2623.4	0.4	8949.9	9415.2	   100.0	     1.0	123.2	1603.4	473.0	0.000	0.0	0.0	12610.41	61802.35	22671.005	6953.98	3311.17	5040.97	51.04
OliveGIS	30set19	19:16:07	D:\wx_medgold\wx_agmerra_andalusia\agmerra_1419_210_ESP.txt	-5.3750	37.6250	1	1461	12	31	1983	2647.6	0.3	9322.4	9849.4	    95.0	     1.0	95.7	1445.1	445.1	0.000	0.0	0.0	13063.60	65308.00	25552.417	6365.15	3680.83	5369.19	51.91
OliveGIS	30set19	19:16:16	D:\wx_medgold\wx_agmerra_andalusia\agmerra_1419_211_ESP.txt	-5.3750	37.3750	1	1461	12	31	1983	2650.2	0.3	9320.8	9770.4	    94.0	     1.0	84.6	1406.7	472.1	0.000	0.0	0.0	14164.14	70586.84	27674.632	6908.68	3919.21	5593.13	54.48
OliveGIS	30set19	19:16:24	D:\wx_medgold\wx_agmerra_andalusia\agmerra_1419_212_ESP.txt	-5.3750	37.1250	1	1461	12	31	1983	2649.4	0.3	9629.0	9902.0	    99.0	     1.0	83.3	1795.8	469.6	0.000	0.0	0.0	16649.89	83425.16	32706.479	9976.17	4559.16	6071.31	58.07
OliveGIS	30set19	19:16:32	D:\wx_medgold\wx_agmerra_andalusia\agmerra_1419_213_ESP.txt	-5.3750	36.8750	1	1461	12	31	1983	2624.9	2.7	5275.8	5229.2	   128.0	     1.0	171.9	2742.0	465.1	0.000	0.0	0.0	27827.05	140607.76	133683.191	72696.03	5808.68	4632.90	82.55
OliveGIS	30set19	19:16:40	D:\wx_medgold\wx_agmerra_andalusia\agmerra_1419_214_ESP.txt	-5.3750	36.6250	1	1461	12	31	1983	2622.8	0.7	5598.6	5584.6	   123.0	     1.0	112.0	2917.1	528.5	0.000	0.0	0.0	36916.36	187380.29	153432.042	143132.62	8174.32	5254.93	87.06
OliveGIS	30set19	19:16:47	D:\wx_medgold\wx_agmerra_andalusia\agmerra_1419_215_ESP.txt	-5.3750	36.3750	1	1461	12	31	1983	2659.1	0.0	8847.9	8964.6	   100.0	     1.0	42.3	1943.6	529.2	0.000	0.0	0.0	33750.95	167198.08	84349.626	41016.83	9193.78	7651.37	80.53
OliveGIS	30set19	19:16:55	D:\wx_medgold\wx_agmerra_andalusia\agmerra_1420_206_ESP.txt	-5.1250	38.6250	1	1461	12	31	1983	2622.5	6.9	6104.3	6166.5	   126.0	     1.0	224.8	2124.3	404.3	0.000	0.0	0.0	17088.20	79655.85	34197.857	27994.17	3905.43	4612.34	70.61
OliveGIS	30set19	19:17:03	D:\wx_medgold\wx_agmerra_andalusia\agmerra_1420_207_ESP.txt	-5.1250	38.3750	1	1461	12	31	1983	2612.5	8.2	5866.7	5866.4	   128.0	     1.0	244.9	2246.3	384.9	0.000	0.0	0.0	18776.00	86949.29	47622.337	31485.27	3908.48	4501.01	72.47
OliveGIS	30set19	19:17:10	D:\wx_medgold\wx_agmerra_andalusia\agmerra_1420_208_ESP.txt	-5.1250	38.1250	1	1461	12	31	1983	2622.0	3.9	6685.4	6799.7	   119.0	     1.0	202.9	2008.1	402.5	0.000	0.0	0.0	13808.88	66141.65	26758.072	15817.38	3313.12	4425.95	62.06
OliveGIS	30set19	19:17:18	D:\wx_medgold\wx_agmerra_andalusia\agmerra_1420_209_ESP.txt	-5.1250	37.8750	1	1461	12	31	1983	2627.6	0.4	9083.9	9581.5	   100.0	     1.0	125.3	1566.9	459.0	0.000	0.0	0.0	12763.47	63220.02	23351.000	7080.26	3399.51	5149.16	51.19
OliveGIS	30set19	19:17:27	D:\wx_medgold\wx_agmerra_andalusia\agmerra_1420_210_ESP.txt	-5.1250	37.6250	1	1461	12	31	1983	2644.1	0.3	9367.9	9888.2	    96.0	     1.0	101.0	1468.5	430.4	0.000	0.0	0.0	13075.50	65085.09	25179.292	6284.07	3607.31	5359.19	51.59
OliveGIS	30set19	19:17:36	D:\wx_medgold\wx_agmerra_andalusia\agmerra_1420_211_ESP.txt	-5.1250	37.3750	1	1461	12	31	1983	2639.1	0.4	9563.6	10011.0	    97.0	     1.0	91.3	1462.4	457.9	0.000	0.0	0.0	14720.54	72962.81	28438.893	7174.11	3999.19	5736.10	54.80
OliveGIS	30set19	19:17:45	D:\wx_medgold\wx_agmerra_andalusia\agmerra_1420_212_ESP.txt	-5.1250	37.1250	1	1461	12	31	1983	2645.0	0.4	9371.5	9631.6	   100.0	     1.0	89.9	1798.6	455.6	0.000	0.0	0.0	15693.14	79545.60	31141.220	9616.50	4355.18	5820.62	57.26
OliveGIS	30set19	19:17:53	D:\wx_medgold\wx_agmerra_andalusia\agmerra_1420_213_ESP.txt	-5.1250	36.8750	1	1461	12	31	1983	2623.0	2.2	5342.8	5287.1	   128.0	     1.0	166.8	2698.4	441.1	0.000	0.0	0.0	28219.06	142569.30	133173.879	82597.39	6004.73	4703.60	83.02
OliveGIS	30set19	19:18:01	D:\wx_medgold\wx_agmerra_andalusia\agmerra_1420_214_ESP.txt	-5.1250	36.6250	1	1461	12	31	1983	2626.7	0.0	6123.3	6108.7	   120.0	     1.0	81.9	2858.5	470.9	0.000	0.0	0.0	38352.14	191041.70	134700.231	144684.18	8573.60	5744.55	87.04
OliveGIS	30set19	19:18:08	D:\wx_medgold\wx_agmerra_andalusia\agmerra_1421_206_ESP.txt	-4.8750	38.6250	1	1461	12	31	1983	2607.5	9.3	6136.2	6225.9	   126.0	     1.0	228.6	2114.3	394.9	0.000	0.0	0.0	17121.16	80278.13	34508.702	22797.62	3964.65	4640.16	70.67
OliveGIS	30set19	19:18:16	D:\wx_medgold\wx_agmerra_andalusia\agmerra_1421_207_ESP.txt	-4.8750	38.3750	1	1461	12	31	1983	2607.4	14.0	5937.3	5894.3	   139.0	     1.0	294.7	2422.1	368.3	0.000	0.0	0.1	21308.82	119354.56	110504.232	41502.46	4672.58	4450.30	71.14
OliveGIS	30set19	19:18:24	D:\wx_medgold\wx_agmerra_andalusia\agmerra_1421_208_ESP.txt	-4.8750	38.1250	1	1461	12	31	1983	2618.5	6.9	6174.1	6210.5	   126.0	     1.0	238.3	2144.0	354.0	0.000	0.0	0.0	17656.98	82406.38	35532.636	23755.26	4022.48	4686.08	71.31
OliveGIS	30set19	19:18:32	D:\wx_medgold\wx_agmerra_andalusia\agmerra_1421_209_ESP.txt	-4.8750	37.8750	1	1461	12	31	1983	2630.7	0.9	7703.3	7997.3	   105.0	     1.0	151.7	1741.3	449.4	0.000	0.0	0.0	11348.73	57337.89	21957.376	9009.55	3159.80	4458.58	53.13
OliveGIS	30set19	19:18:42	D:\wx_medgold\wx_agmerra_andalusia\agmerra_1421_210_ESP.txt	-4.8750	37.6250	1	1461	12	31	1983	2635.2	0.6	8591.9	8932.5	   102.0	     1.0	129.4	1719.8	425.2	0.000	0.0	0.0	12975.71	65280.14	24673.294	8293.17	3535.98	5055.19	53.73
OliveGIS	30set19	19:18:51	D:\wx_medgold\wx_agmerra_andalusia\agmerra_1421_211_ESP.txt	-4.8750	37.3750	1	1461	12	31	1983	2630.6	0.9	8155.5	8317.4	   104.0	     1.0	126.0	1915.6	424.4	0.000	0.0	0.0	14729.66	72898.96	29064.857	14140.69	3927.58	5189.88	59.48
OliveGIS	30set19	19:19:00	D:\wx_medgold\wx_agmerra_andalusia\agmerra_1421_212_ESP.txt	-4.8750	37.1250	1	1461	12	31	1983	2631.2	0.9	7638.7	7697.0	   107.0	     1.0	122.3	2167.1	412.8	0.000	0.0	0.0	20490.11	98311.87	41477.531	27564.33	4957.12	5680.46	70.21
OliveGIS	30set19	19:19:09	D:\wx_medgold\wx_agmerra_andalusia\agmerra_1421_213_ESP.txt	-4.8750	36.8750	1	1461	12	31	1983	2638.0	0.8	7462.7	7464.5	   111.0	     1.0	121.1	2239.9	399.1	0.000	0.0	0.0	24816.52	119248.48	54774.619	39998.36	6092.37	6012.87	76.39
OliveGIS	30set19	19:19:18	D:\wx_medgold\wx_agmerra_andalusia\agmerra_1421_214_ESP.txt	-4.8750	36.6250	1	1461	12	31	1983	2638.3	0.0	8702.3	8797.0	   100.0	     1.0	34.9	2233.0	409.6	0.000	0.0	0.0	38134.38	182268.56	92347.923	52755.94	9496.62	7722.24	82.82
OliveGIS	30set19	19:19:26	D:\wx_medgold\wx_agmerra_andalusia\agmerra_1422_207_ESP.txt	-4.6250	38.3750	1	1461	12	31	1983	2608.2	16.7	6062.0	6011.6	   141.0	     1.0	306.9	2465.2	372.7	0.000	0.2	0.8	22797.97	129182.14	128570.585	31327.75	5024.53	4601.65	71.96
OliveGIS	30set19	19:19:33	D:\wx_medgold\wx_agmerra_andalusia\agmerra_1422_208_ESP.txt	-4.6250	38.1250	1	1461	12	31	1983	2622.4	8.0	6215.7	6259.5	   126.0	     1.0	241.5	2134.2	344.9	0.000	0.0	0.0	17293.65	80897.05	34609.689	20296.46	3925.44	4655.38	70.33
OliveGIS	30set19	19:19:43	D:\wx_medgold\wx_agmerra_andalusia\agmerra_1422_209_ESP.txt	-4.6250	37.8750	1	1461	12	31	1983	2631.3	1.1	7587.6	7890.3	   105.0	     1.0	156.7	1741.7	426.0	0.000	0.0	0.0	11340.46	57336.24	21994.013	8730.31	3152.38	4434.94	53.50
OliveGIS	30set19	19:19:53	D:\wx_medgold\wx_agmerra_andalusia\agmerra_1422_210_ESP.txt	-4.6250	37.6250	1	1461	12	31	1983	2627.2	0.8	8017.7	8302.8	   104.0	     1.0	140.5	1790.3	418.5	0.000	0.0	0.0	12411.90	62307.68	24067.301	7964.44	3408.19	4752.36	54.59
OliveGIS	30set19	19:20:02	D:\wx_medgold\wx_agmerra_andalusia\agmerra_1422_211_ESP.txt	-4.6250	37.3750	1	1461	12	31	1983	2632.6	0.9	7536.0	7652.7	   106.0	     1.0	137.7	1976.2	396.2	0.000	0.0	0.0	15850.43	75851.14	30681.379	17284.92	3904.37	5067.85	63.08
OliveGIS	30set19	19:20:12	D:\wx_medgold\wx_agmerra_andalusia\agmerra_1422_212_ESP.txt	-4.6250	37.1250	1	1461	12	31	1983	2627.7	0.9	7703.2	7771.9	   108.0	     1.0	129.2	2139.1	396.4	0.000	0.0	0.0	19739.73	94530.88	39413.871	26930.97	4735.53	5614.16	68.84
OliveGIS	30set19	19:20:21	D:\wx_medgold\wx_agmerra_andalusia\agmerra_1422_213_ESP.txt	-4.6250	36.8750	1	1461	12	31	1983	2645.6	0.4	7527.0	7552.5	   110.0	     1.0	112.1	2163.5	391.7	0.000	0.0	0.0	22628.45	108943.72	47612.600	36794.78	5535.61	5875.20	73.73
OliveGIS	30set19	19:20:30	D:\wx_medgold\wx_agmerra_andalusia\agmerra_1422_214_ESP.txt	-4.6250	36.6250	1	1461	12	31	1983	2648.2	0.0	8647.1	8767.2	    98.0	     1.0	19.1	2052.7	360.0	0.000	0.0	0.0	36514.25	177212.42	89316.993	41205.41	9519.48	7607.99	82.37
OliveGIS	30set19	19:20:39	D:\wx_medgold\wx_agmerra_andalusia\agmerra_1423_208_ESP.txt	-4.3750	38.1250	1	1461	12	31	1983	2612.0	7.3	6397.9	6474.5	   125.0	     1.0	236.6	2120.7	356.8	0.000	0.0	0.0	18314.27	85586.14	36470.868	22975.48	4174.26	4877.19	71.20
OliveGIS	30set19	19:20:48	D:\wx_medgold\wx_agmerra_andalusia\agmerra_1423_209_ESP.txt	-4.3750	37.8750	1	1461	12	31	1983	2629.8	0.8	8614.4	9201.4	   103.0	     1.0	136.5	1499.3	431.2	0.000	0.0	0.0	12798.15	64408.87	24893.879	7035.21	3547.12	5144.76	53.48
OliveGIS	30set19	19:20:58	D:\wx_medgold\wx_agmerra_andalusia\agmerra_1423_210_ESP.txt	-4.3750	37.6250	1	1461	12	31	1983	2637.5	0.7	8253.0	8661.8	   104.0	     1.0	132.5	1682.1	427.6	0.000	0.0	0.0	12743.09	63886.32	24351.246	7544.10	3467.87	4939.43	54.36
OliveGIS	30set19	19:21:08	D:\wx_medgold\wx_agmerra_andalusia\agmerra_1423_211_ESP.txt	-4.3750	37.3750	1	1461	12	31	1983	2636.0	1.9	7497.9	7587.6	   113.0	     1.0	169.5	2066.7	392.4	0.000	0.0	0.0	16879.41	80965.37	32862.673	17026.25	4005.25	5148.98	64.52
OliveGIS	30set19	19:21:17	D:\wx_medgold\wx_agmerra_andalusia\agmerra_1423_212_ESP.txt	-4.3750	37.1250	1	1461	12	31	1983	2630.3	1.2	7765.0	7861.6	   112.0	     1.0	148.7	2087.4	436.4	0.000	0.0	0.0	16704.59	79955.36	31939.468	18966.82	3974.93	5206.35	63.24
OliveGIS	30set19	19:21:26	D:\wx_medgold\wx_agmerra_andalusia\agmerra_1423_213_ESP.txt	-4.3750	36.8750	1	1461	12	31	1983	2640.2	1.0	7697.0	7747.7	   113.0	     1.0	135.8	2072.1	390.7	0.000	0.0	0.0	18350.69	89016.42	36378.633	20474.37	4472.28	5448.22	67.06
OliveGIS	30set19	19:21:36	D:\wx_medgold\wx_agmerra_andalusia\agmerra_1424_207_ESP.txt	-4.1250	38.3750	1	1461	12	31	1983	2605.3	15.8	5840.7	5849.5	   138.0	     1.0	303.9	2344.1	354.9	0.000	0.0	0.2	22529.90	125586.31	99605.882	32594.62	5167.63	4648.92	74.93
OliveGIS	30set19	19:21:44	D:\wx_medgold\wx_agmerra_andalusia\agmerra_1424_208_ESP.txt	-4.1250	38.1250	1	1461	12	31	1983	2617.3	8.3	6267.6	6351.1	   126.0	     1.0	245.4	2110.7	338.9	0.000	0.0	0.0	18317.58	85387.01	36521.077	21774.87	4148.17	4817.30	71.69
OliveGIS	30set19	19:21:52	D:\wx_medgold\wx_agmerra_andalusia\agmerra_1424_209_ESP.txt	-4.1250	37.8750	1	1461	12	31	1983	2622.4	1.6	8260.0	8765.7	   104.0	     1.0	149.2	1592.5	413.3	0.000	0.0	0.0	13452.21	67331.94	26168.995	7316.76	3689.29	5140.49	56.16
OliveGIS	30set19	19:22:02	D:\wx_medgold\wx_agmerra_andalusia\agmerra_1424_210_ESP.txt	-4.1250	37.6250	1	1461	12	31	1983	2631.3	1.9	7650.0	7897.7	   108.0	     1.0	158.0	1905.3	417.4	0.000	0.0	0.0	12715.37	63371.44	24975.106	10933.95	3425.68	4705.29	56.80
OliveGIS	30set19	19:22:10	D:\wx_medgold\wx_agmerra_andalusia\agmerra_1424_211_ESP.txt	-4.1250	37.3750	1	1461	12	31	1983	2627.2	3.5	6311.6	6323.6	   124.0	     1.0	200.2	2252.2	393.0	0.000	0.0	0.0	22025.26	103015.29	45811.598	35269.73	4948.14	5150.32	76.64
OliveGIS	30set19	19:22:18	D:\wx_medgold\wx_agmerra_andalusia\agmerra_1424_212_ESP.txt	-4.1250	37.1250	1	1461	12	31	1983	2628.3	1.8	7182.6	7247.1	   117.0	     1.0	165.0	2145.0	416.0	0.000	0.0	0.0	19806.99	94498.71	40137.276	22960.95	4716.29	5399.66	70.81
OliveGIS	30set19	19:22:29	D:\wx_medgold\wx_agmerra_andalusia\agmerra_1424_213_ESP.txt	-4.1250	36.8750	1	1461	12	31	1983	2638.9	0.9	7483.6	7504.1	   116.0	     1.0	138.5	2122.0	376.9	0.000	0.0	0.0	21697.54	104423.92	45003.862	25643.14	5314.27	5758.19	72.92
OliveGIS	30set19	19:22:39	D:\wx_medgold\wx_agmerra_andalusia\agmerra_1425_207_ESP.txt	-3.8750	38.3750	1	1461	12	31	1983	2606.2	12.0	6151.3	6281.8	   128.0	     1.0	259.0	2107.3	393.5	0.000	0.0	0.1	19832.54	93409.00	40849.528	25256.81	4607.91	4959.37	74.63
OliveGIS	30set19	19:22:48	D:\wx_medgold\wx_agmerra_andalusia\agmerra_1425_208_ESP.txt	-3.8750	38.1250	1	1461	12	31	1983	2623.0	5.5	6813.7	7080.4	   119.0	     1.0	211.3	1878.7	377.6	0.000	0.0	0.0	14090.61	69255.74	28606.219	13458.27	3688.97	4695.72	63.18
OliveGIS	30set19	19:22:57	D:\wx_medgold\wx_agmerra_andalusia\agmerra_1425_209_ESP.txt	-3.8750	37.8750	1	1461	12	31	1983	2636.3	2.0	7663.0	8380.2	   106.0	     1.0	159.6	1451.0	457.8	0.000	0.0	0.0	10798.24	54930.05	21075.389	5926.46	3058.38	4516.24	51.57
OliveGIS	30set19	19:23:07	D:\wx_medgold\wx_agmerra_andalusia\agmerra_1425_210_ESP.txt	-3.8750	37.6250	1	1461	12	31	1983	2640.8	2.8	7323.0	7672.2	   116.0	     1.0	180.5	1846.6	460.9	0.000	0.0	0.0	12930.24	64830.66	26076.650	10313.14	3541.56	4730.76	58.67
OliveGIS	30set19	19:23:16	D:\wx_medgold\wx_agmerra_andalusia\agmerra_1425_211_ESP.txt	-3.8750	37.3750	1	1461	12	31	1983	2622.5	6.3	6249.5	6285.9	   126.0	     1.0	236.0	2160.7	358.7	0.000	0.0	0.0	20491.37	96533.34	42321.706	28460.45	4613.74	4984.25	74.79
OliveGIS	30set19	19:23:25	D:\wx_medgold\wx_agmerra_andalusia\agmerra_1425_212_ESP.txt	-3.8750	37.1250	1	1461	12	31	1983	2621.3	2.8	7130.8	7273.5	   119.0	     1.0	190.1	1994.6	380.5	0.000	0.0	0.0	14995.37	71620.10	28845.265	14868.71	3619.29	4759.51	62.64
OliveGIS	30set19	19:23:34	D:\wx_medgold\wx_agmerra_andalusia\agmerra_1425_213_ESP.txt	-3.8750	36.8750	1	1461	12	31	1983	2631.0	1.3	7735.5	7981.7	   113.0	     1.0	156.0	1777.9	409.3	0.000	0.0	0.0	10454.35	51871.15	19571.336	6425.95	2820.45	4219.38	50.52
OliveGIS	30set19	19:23:45	D:\wx_medgold\wx_agmerra_andalusia\agmerra_1426_207_ESP.txt	-3.6250	38.3750	1	1461	12	31	1983	2616.0	13.5	5826.8	5946.9	   129.0	     1.0	268.2	2138.6	374.1	0.000	0.0	0.3	19766.58	93430.03	42221.167	27120.07	4487.04	4757.48	75.40
OliveGIS	30set19	19:23:53	D:\wx_medgold\wx_agmerra_andalusia\agmerra_1426_208_ESP.txt	-3.6250	38.1250	1	1461	12	31	1983	2615.7	6.2	6728.1	6963.8	   123.0	     1.0	224.2	1935.9	351.8	0.000	0.0	0.0	17168.60	82480.12	34832.946	21257.03	4203.26	5009.92	68.53
OliveGIS	30set19	19:24:02	D:\wx_medgold\wx_agmerra_andalusia\agmerra_1426_209_ESP.txt	-3.6250	37.8750	1	1461	12	31	1983	2640.4	2.3	7605.2	8220.2	   109.0	     1.0	176.8	1591.8	429.7	0.000	0.0	0.0	11196.09	56660.66	21412.343	5982.36	3096.68	4504.95	52.32
OliveGIS	30set19	19:24:12	D:\wx_medgold\wx_agmerra_andalusia\agmerra_1426_210_ESP.txt	-3.6250	37.6250	1	1461	12	31	1983	2628.4	4.1	6631.3	6832.7	   124.0	     1.0	210.3	2022.7	427.1	0.000	0.0	0.0	18458.29	88600.77	38059.269	22942.17	4480.03	5127.85	71.10
OliveGIS	30set19	19:24:20	D:\wx_medgold\wx_agmerra_andalusia\agmerra_1426_211_ESP.txt	-3.6250	37.3750	1	1461	12	31	1983	2615.9	9.8	5816.7	5802.5	   131.0	     1.0	276.3	2312.6	355.5	0.000	0.0	0.0	23687.79	125733.25	82010.308	32336.75	5199.07	4721.67	76.78
OliveGIS	30set19	19:24:27	D:\wx_medgold\wx_agmerra_andalusia\agmerra_1426_212_ESP.txt	-3.6250	37.1250	1	1461	12	31	1983	2623.4	4.8	6433.3	6479.3	   125.0	     1.0	221.1	2139.0	425.4	0.000	0.0	0.0	19512.46	93102.88	39885.414	24446.45	4525.23	4985.27	72.90
OliveGIS	30set19	19:24:36	D:\wx_medgold\wx_agmerra_andalusia\agmerra_1426_213_ESP.txt	-3.6250	36.8750	1	1461	12	31	1983	2633.2	2.1	7081.1	7228.7	   119.0	     1.0	174.8	1909.3	387.4	0.000	0.0	0.0	12427.35	61298.07	24721.540	10792.23	3330.29	4465.62	58.95
OliveGIS	30set19	19:24:47	D:\wx_medgold\wx_agmerra_andalusia\agmerra_1427_207_ESP.txt	-3.3750	38.3750	1	1461	12	31	1983	2613.3	13.4	6221.2	6431.0	   126.0	     1.0	252.9	2008.5	392.3	0.000	0.2	0.6	17036.49	81777.03	34538.438	18239.91	4065.84	4737.45	70.16
OliveGIS	30set19	19:24:56	D:\wx_medgold\wx_agmerra_andalusia\agmerra_1427_208_ESP.txt	-3.3750	38.1250	1	1461	12	31	1983	2621.4	5.9	6807.4	7129.8	   119.0	     1.0	215.6	1824.1	369.1	0.000	0.0	0.0	13802.68	68458.15	28241.486	12793.80	3678.00	4681.63	62.67
OliveGIS	30set19	19:25:06	D:\wx_medgold\wx_agmerra_andalusia\agmerra_1427_209_ESP.txt	-3.3750	37.8750	1	1461	12	31	1983	2630.8	2.8	7289.4	7648.5	   113.0	     1.0	191.4	1735.9	359.0	0.000	0.0	0.0	12613.30	63169.13	25252.466	9382.87	3452.40	4645.76	58.16
OliveGIS	30set19	19:25:15	D:\wx_medgold\wx_agmerra_andalusia\agmerra_1427_210_ESP.txt	-3.3750	37.6250	1	1461	12	31	1983	2616.2	6.2	6043.0	6090.8	   127.0	     1.0	239.1	2212.5	363.8	0.000	0.0	0.0	22758.63	108234.76	53290.347	42824.18	5087.66	5036.62	78.08
OliveGIS	30set19	19:25:23	D:\wx_medgold\wx_agmerra_andalusia\agmerra_1427_211_ESP.txt	-3.3750	37.3750	1	1461	12	31	1983	1950.7	42.3	463.5	512.1	   162.0	     1.0	571.5	2967.4	202.9	0.000	0.0	0.0	3704.29	21077.10	38375.517	5329.97	613.90	516.91	71.45
OliveGIS	30set19	19:25:29	D:\wx_medgold\wx_agmerra_andalusia\agmerra_1427_212_ESP.txt	-3.3750	37.1250	1	1461	12	31	1983	2155.3	25.9	5053.1	5151.2	   157.0	     1.0	465.0	2852.5	622.1	0.000	0.0	0.0	20989.08	129519.26	179804.250	18361.35	3909.48	3580.88	67.06
OliveGIS	30set19	19:25:36	D:\wx_medgold\wx_agmerra_andalusia\agmerra_1427_213_ESP.txt	-3.3750	36.8750	1	1461	12	31	1983	2612.3	9.9	6128.5	6060.5	   143.0	     1.0	322.4	2436.8	581.9	0.000	0.0	0.0	22940.97	132254.04	155122.762	22341.94	5315.40	4625.11	71.87
OliveGIS	30set19	19:25:45	D:\wx_medgold\wx_agmerra_andalusia\agmerra_1428_207_ESP.txt	-3.1250	38.3750	1	1461	12	31	1983	2618.4	15.2	5917.5	6011.7	   130.0	     1.0	280.0	2176.9	371.4	0.000	0.2	0.7	22896.45	107729.26	60376.067	32954.65	4935.63	4983.84	77.97
OliveGIS	30set19	19:25:53	D:\wx_medgold\wx_agmerra_andalusia\agmerra_1428_208_ESP.txt	-3.1250	38.1250	1	1461	12	31	1983	2615.2	8.8	5961.6	6083.5	   127.0	     1.0	253.0	2095.7	378.0	0.000	0.0	0.0	21388.25	101574.09	45475.143	27923.19	4954.01	4991.41	77.33
OliveGIS	30set19	19:26:01	D:\wx_medgold\wx_agmerra_andalusia\agmerra_1428_209_ESP.txt	-3.1250	37.8750	1	1461	12	31	1983	2631.4	5.2	6623.5	6790.2	   124.0	     1.0	223.6	1979.9	366.8	0.000	0.0	0.0	20377.03	98872.40	43718.381	28127.90	5043.17	5326.38	74.19
OliveGIS	30set19	19:26:10	D:\wx_medgold\wx_agmerra_andalusia\agmerra_1428_210_ESP.txt	-3.1250	37.6250	1	1461	12	31	1983	2615.6	8.5	5785.5	5803.2	   129.0	     1.0	257.8	2275.1	363.0	0.000	0.0	0.0	23406.89	116908.31	66497.572	47292.79	5008.27	4792.41	78.03
OliveGIS	30set19	19:26:17	D:\wx_medgold\wx_agmerra_andalusia\agmerra_1428_211_ESP.txt	-3.1250	37.3750	1	1461	12	31	1983	1964.3	41.5	634.8	695.6	   161.0	     1.0	565.0	2935.7	198.1	0.000	0.0	0.0	5051.65	30015.07	54209.884	8528.16	862.58	665.24	74.65
OliveGIS	30set19	19:26:22	D:\wx_medgold\wx_agmerra_andalusia\agmerra_1428_212_ESP.txt	-3.1250	37.1250	1	1461	12	31	1983	2232.9	19.6	7579.3	7653.5	   155.0	     1.0	420.8	2805.7	449.5	0.000	0.0	0.0	27563.78	171220.10	243031.471	28757.08	5494.04	5008.86	63.82
OliveGIS	30set19	19:26:30	D:\wx_medgold\wx_agmerra_andalusia\agmerra_1428_213_ESP.txt	-3.1250	36.8750	1	1461	12	31	1983	2619.3	7.1	5786.3	5737.3	   138.0	     1.0	266.8	2379.9	370.4	0.000	0.0	0.0	22655.77	127822.09	111864.569	27908.15	5368.42	4574.18	75.09
OliveGIS	30set19	19:26:38	D:\wx_medgold\wx_agmerra_andalusia\agmerra_1429_207_ESP.txt	-2.8750	38.3750	1	1461	12	31	1983	2597.0	25.1	7533.4	7523.7	   144.0	     1.0	397.8	2340.6	342.6	0.000	0.4	0.9	28443.15	163910.24	179252.102	27340.13	6506.32	5796.68	73.06
OliveGIS	30set19	19:26:45	D:\wx_medgold\wx_agmerra_andalusia\agmerra_1429_208_ESP.txt	-2.8750	38.1250	1	1461	12	31	1983	2602.0	19.8	6702.3	6698.5	   143.0	     1.0	379.8	2336.8	383.1	0.000	0.0	0.1	25396.99	146668.03	167802.294	27332.39	5882.63	5160.41	72.90
OliveGIS	30set19	19:26:52	D:\wx_medgold\wx_agmerra_andalusia\agmerra_1429_209_ESP.txt	-2.8750	37.8750	1	1461	12	31	1983	2502.8	15.0	6204.0	6197.8	   145.0	     1.0	355.5	2550.9	385.0	0.000	0.0	0.0	24211.32	137413.50	164851.903	31438.38	5394.04	4700.33	73.63
OliveGIS	30set19	19:26:59	D:\wx_medgold\wx_agmerra_andalusia\agmerra_1429_210_ESP.txt	-2.8750	37.6250	1	1461	12	31	1983	2433.5	17.4	6699.3	6689.0	   146.0	     1.0	370.0	2636.1	308.5	0.000	0.0	0.0	24310.53	146381.82	177516.305	32791.66	5320.52	4703.98	68.69
OliveGIS	30set19	19:27:05	D:\wx_medgold\wx_agmerra_andalusia\agmerra_1429_211_ESP.txt	-2.8750	37.3750	1	1461	12	31	1983	1337.8	100.0	1.9	2.5	   188.0	     1.0	902.3	3419.6	286.4	0.000	0.4	1.7	25.88	145.40	197.233	203.05	4.73	1.94	89.62
OliveGIS	30set19	19:27:10	D:\wx_medgold\wx_agmerra_andalusia\agmerra_1429_212_ESP.txt	-2.8750	37.1250	1	1461	12	31	1983	1611.7	45.3	232.9	338.2	   173.0	     1.0	647.5	3388.4	325.4	0.000	0.0	0.1	3948.38	26315.28	31499.189	7572.63	706.83	382.85	56.83
OliveGIS	30set19	19:27:15	D:\wx_medgold\wx_agmerra_andalusia\agmerra_1429_213_ESP.txt	-2.8750	36.8750	1	1461	12	31	1983	2630.8	1.6	7990.6	8034.0	   117.0	     1.0	148.3	1964.5	314.4	0.000	0.0	0.0	19989.00	96992.74	40910.291	20331.19	5085.88	5880.17	69.79
OliveGIS	30set19	19:27:25	D:\wx_medgold\wx_agmerra_andalusia\agmerra_1430_207_ESP.txt	-2.6250	38.3750	1	1461	12	31	1983	2451.5	28.0	6863.5	6860.5	   148.0	     1.0	432.3	2460.6	355.6	0.000	0.3	0.8	25010.15	152280.38	193446.506	25752.49	5679.33	4867.21	69.46
OliveGIS	30set19	19:27:31	D:\wx_medgold\wx_agmerra_andalusia\agmerra_1430_208_ESP.txt	-2.6250	38.1250	1	1461	12	31	1983	2407.8	25.8	8168.9	8177.3	   149.0	     1.0	431.0	2515.4	426.1	0.000	0.0	0.2	30933.59	197386.92	247273.652	32221.24	6972.32	5776.60	69.32
OliveGIS	30set19	19:27:37	D:\wx_medgold\wx_agmerra_andalusia\agmerra_1430_209_ESP.txt	-2.6250	37.8750	1	1461	12	31	1983	2352.7	19.6	7570.1	7587.1	   150.0	     1.0	395.0	2700.6	393.3	0.000	0.0	0.0	29563.40	174528.03	226213.216	32548.17	6439.67	5451.51	70.28
OliveGIS	30set19	19:27:44	D:\wx_medgold\wx_agmerra_andalusia\agmerra_1430_210_ESP.txt	-2.6250	37.6250	1	1461	12	31	1983	2427.6	18.7	7105.2	7106.2	   145.0	     1.0	373.3	2626.0	302.8	0.000	0.0	0.0	28992.91	171263.82	209367.479	34667.38	6423.62	5302.08	72.96
OliveGIS	30set19	19:27:50	D:\wx_medgold\wx_agmerra_andalusia\agmerra_1430_211_ESP.txt	-2.6250	37.3750	1	1461	12	31	1983	1403.0	86.9	7.6	10.0	   183.0	     1.0	843.6	3417.3	264.7	0.000	0.6	1.7	112.90	631.57	682.207	391.19	20.38	9.50	87.37
OliveGIS	30set19	19:27:55	D:\wx_medgold\wx_agmerra_andalusia\agmerra_1430_212_ESP.txt	-2.6250	37.1250	1	1461	12	31	1983	1729.8	29.9	1916.4	2539.2	   166.0	     1.0	554.7	3382.6	275.2	0.000	0.0	0.1	15465.78	105980.72	154201.806	30572.01	2426.01	1905.13	68.09
OliveGIS	30set19	19:28:01	D:\wx_medgold\wx_agmerra_andalusia\agmerra_1430_213_ESP.txt	-2.6250	36.8750	1	1461	12	31	1983	2642.3	1.0	8302.9	8431.7	   110.0	     1.0	114.9	1777.0	220.4	0.000	0.0	0.0	16894.92	83065.47	33583.782	12231.93	4497.09	5647.79	63.82
OliveGIS	30set19	19:28:10	D:\wx_medgold\wx_agmerra_andalusia\agmerra_1431_209_ESP.txt	-2.3750	37.8750	1	1461	12	31	1983	1928.0	38.4	463.9	521.8	   162.0	     1.0	550.7	3050.1	319.8	0.000	0.0	0.3	4117.17	25272.29	75292.692	9358.45	760.49	498.11	76.35
OliveGIS	30set19	19:28:16	D:\wx_medgold\wx_agmerra_andalusia\agmerra_1431_210_ESP.txt	-2.3750	37.6250	1	1461	12	31	1983	2085.5	29.3	5234.2	5488.3	   157.0	     1.0	474.5	2946.4	295.9	0.000	0.0	0.2	28160.14	177641.48	217607.270	31255.80	5234.02	4123.85	73.01
OliveGIS	30set19	19:28:22	D:\wx_medgold\wx_agmerra_andalusia\agmerra_1431_211_ESP.txt	-2.3750	37.3750	1	1461	12	31	1983	1987.1	26.7	4661.7	5127.6	   159.0	     1.0	477.7	3121.9	188.0	0.000	0.0	0.2	29187.41	183121.36	208419.072	36215.09	5293.01	4040.56	75.44
OliveGIS	30set19	19:28:28	D:\wx_medgold\wx_agmerra_andalusia\agmerra_1431_212_ESP.txt	-2.3750	37.1250	1	1461	12	31	1983	2338.8	6.0	6497.4	6571.6	   148.0	     1.0	267.8	3047.6	228.7	0.000	0.0	0.0	35344.33	191931.02	220425.678	76117.51	8029.94	5523.28	81.33
OliveGIS	30set19	19:28:34	D:\wx_medgold\wx_agmerra_andalusia\agmerra_1431_213_ESP.txt	-2.3750	36.8750	1	1461	12	31	1983	2651.2	0.5	8449.8	8583.4	   109.0	     1.0	95.3	1695.2	156.1	0.000	0.0	0.0	19169.26	94634.83	39539.057	14144.89	5179.70	6096.58	67.42
OliveGIS	30set19	19:28:44	D:\wx_medgold\wx_agmerra_andalusia\agmerra_1432_209_ESP.txt	-2.1250	37.8750	1	1461	12	31	1983	2075.0	28.4	3129.8	3293.2	   157.0	     1.0	475.7	2977.8	305.5	0.000	0.0	0.1	18333.72	113857.78	160490.243	24458.11	3474.61	2583.95	75.70
OliveGIS	30set19	19:28:50	D:\wx_medgold\wx_agmerra_andalusia\agmerra_1432_210_ESP.txt	-2.1250	37.6250	1	1461	12	31	1983	2336.6	17.3	7435.2	7511.4	   146.0	     1.0	365.7	2801.8	294.5	0.000	0.0	0.0	37032.88	218239.11	261664.511	58966.45	8379.57	5999.15	77.99
OliveGIS	30set19	19:28:57	D:\wx_medgold\wx_agmerra_andalusia\agmerra_1432_211_ESP.txt	-2.1250	37.3750	1	1461	12	31	1983	2254.6	13.0	6527.3	6693.0	   150.0	     1.0	342.9	3018.3	200.7	0.000	0.0	0.0	36344.75	209618.60	251492.507	60801.53	8017.33	5478.85	79.39
OliveGIS	30set19	19:29:04	D:\wx_medgold\wx_agmerra_andalusia\agmerra_1432_212_ESP.txt	-2.1250	37.1250	1	1461	12	31	1983	2583.4	2.0	5575.6	5570.8	   131.0	     1.0	163.5	2955.5	188.9	0.000	0.0	0.0	31145.40	166114.23	144274.912	138032.75	7266.83	4960.39	84.03
OliveGIS	30set19	19:29:13	D:\wx_medgold\wx_agmerra_andalusia\agmerra_1432_213_ESP.txt	-2.1250	36.8750	1	1461	12	31	1983	2641.2	0.0	9358.9	9564.7	   102.0	     1.0	53.7	1450.8	152.9	0.000	0.0	0.0	24606.72	121046.63	53220.492	16201.87	6791.73	7240.30	72.23
OliveGIS	30set19	19:29:22	D:\wx_medgold\wx_agmerra_andalusia\agmerra_1433_211_ESP.txt	-1.8750	37.3750	1	1461	12	31	1983	2634.5	2.9	7964.8	8139.3	   118.0	     1.0	164.4	1853.4	189.9	0.000	0.0	0.0	23246.94	116114.05	53173.325	24305.69	6230.77	6306.78	74.03
OliveGIS	30set19	19:29:30	D:\wx_medgold\wx_agmerra_andalusia\agmerra_1433_212_ESP.txt	-1.8750	37.1250	1	1461	12	31	1983	2631.2	0.2	8978.0	9154.5	   107.0	     1.0	69.5	1760.8	157.6	0.000	0.0	0.0	27584.37	135378.28	63566.204	23522.71	7557.58	7303.10	76.14
