Model	Date	Time	WxFile	Long	Lat	JdStart	DysToOut	Month	Day	Year	dd	ddbZero	FruWgt	fruNum	Bloomday	BloomYr	DDBSum	ChillHD	PrcpYrSum	TempIncr	ddbMinus10	ddbMinus83	OFEgDays	OFLrDays	OFPuDays	OFAdDays	OfPupSum	DamFrSum	PrcntAtkd
OliveGIS	30set19	19:09:56	D:\wx_medgold\wx_agmerra_andalusia\agmerra_1411_210_ESP.txt	-7.3750	37.6250	1	3287	12	30	1988	2621.7	0.0	8117.1	8666.7	   108.0	     1.0	56.1	2326.7	549.0	0.000	0.0	0.0	26918.74	128797.50	57418.806	20070.20	6920.83	6919.47	76.45
OliveGIS	30set19	19:10:05	D:\wx_medgold\wx_agmerra_andalusia\agmerra_1411_211_ESP.txt	-7.3750	37.3750	1	3287	12	30	1988	2626.9	0.0	7986.3	8486.8	   107.0	     1.0	47.6	2165.3	528.0	0.000	0.0	0.0	26562.91	126999.53	56938.047	19815.79	6979.88	6874.38	77.54
OliveGIS	30set19	19:10:15	D:\wx_medgold\wx_agmerra_andalusia\agmerra_1412_209_ESP.txt	-7.1250	37.8750	1	3287	12	30	1988	2622.9	0.2	6662.9	7054.8	   115.0	     1.0	77.7	2675.5	587.1	0.000	0.0	0.0	26845.83	132472.58	63831.175	28689.28	6576.41	5905.81	79.33
OliveGIS	30set19	19:10:23	D:\wx_medgold\wx_agmerra_andalusia\agmerra_1412_210_ESP.txt	-7.1250	37.6250	1	3287	12	30	1988	2630.9	0.1	7765.5	8298.3	   110.0	     1.0	61.1	2375.1	588.5	0.000	0.0	0.0	26229.99	125828.08	57031.524	20443.75	6768.52	6703.48	76.92
OliveGIS	30set19	19:10:30	D:\wx_medgold\wx_agmerra_andalusia\agmerra_1412_211_ESP.txt	-7.1250	37.3750	1	3287	12	30	1988	2630.5	0.0	8094.7	8653.7	   108.0	     1.0	52.8	2157.8	524.4	0.000	0.0	0.0	25863.53	125938.88	56653.217	20160.05	7025.14	6940.23	76.71
OliveGIS	30set19	19:10:37	D:\wx_medgold\wx_agmerra_andalusia\agmerra_1413_208_ESP.txt	-6.8750	38.1250	1	3287	12	30	1988	2614.9	0.7	5897.3	6281.9	   121.0	     1.0	109.5	2765.8	616.1	0.000	0.0	0.0	24118.25	116465.34	59072.699	37558.36	5551.34	5223.92	78.38
OliveGIS	30set19	19:10:45	D:\wx_medgold\wx_agmerra_andalusia\agmerra_1413_209_ESP.txt	-6.8750	37.8750	1	3287	12	30	1988	2624.1	0.1	7441.5	7935.0	   111.0	     1.0	69.5	2544.0	698.9	0.000	0.0	0.0	25811.98	122511.35	55250.878	20574.39	6410.82	6417.00	76.84
OliveGIS	30set19	19:10:52	D:\wx_medgold\wx_agmerra_andalusia\agmerra_1413_210_ESP.txt	-6.8750	37.6250	1	3287	12	30	1988	2628.0	0.0	8050.7	8744.9	   106.0	     1.0	51.1	2162.9	698.4	0.000	0.0	0.0	23503.21	113600.84	48169.810	18808.55	6127.52	6651.78	72.91
OliveGIS	30set19	19:11:00	D:\wx_medgold\wx_agmerra_andalusia\agmerra_1413_211_ESP.txt	-6.8750	37.3750	1	3287	12	30	1988	2642.7	0.0	8336.3	9032.4	   104.0	     1.0	39.8	1977.3	580.2	0.000	0.0	0.0	24538.41	119826.89	54080.221	19219.47	6980.26	7076.25	74.78
OliveGIS	30set19	19:11:11	D:\wx_medgold\wx_agmerra_andalusia\agmerra_1414_209_ESP.txt	-6.6250	37.8750	1	3287	12	30	1988	2618.3	0.3	6462.3	6897.4	   115.0	     1.0	81.8	2658.3	732.5	0.000	0.0	0.0	23620.48	115961.58	52593.590	30311.62	5775.93	5618.79	77.39
OliveGIS	30set19	19:11:18	D:\wx_medgold\wx_agmerra_andalusia\agmerra_1414_210_ESP.txt	-6.6250	37.6250	1	3287	12	30	1988	2629.5	0.0	7997.6	8692.4	   107.0	     1.0	57.0	2264.8	694.4	0.000	0.0	0.0	24880.53	120803.82	53012.229	20504.36	6608.82	6830.19	74.82
OliveGIS	30set19	19:11:26	D:\wx_medgold\wx_agmerra_andalusia\agmerra_1414_211_ESP.txt	-6.6250	37.3750	1	3287	12	30	1988	2637.8	0.0	8132.3	8877.8	   105.0	     1.0	46.5	1982.0	583.9	0.000	0.0	0.0	22163.64	110007.83	49230.975	19043.79	6473.01	6771.28	72.89
OliveGIS	30set19	19:11:35	D:\wx_medgold\wx_agmerra_andalusia\agmerra_1414_212_ESP.txt	-6.6250	37.1250	1	3287	12	30	1988	2668.8	0.0	10090.5	10731.2	    91.0	     1.0	14.6	1765.9	518.4	0.000	0.0	0.0	34224.15	166974.77	80428.296	28620.25	9981.13	8812.19	78.44
OliveGIS	30set19	19:11:42	D:\wx_medgold\wx_agmerra_andalusia\agmerra_1415_209_ESP.txt	-6.3750	37.8750	1	3287	12	30	1988	2613.7	0.3	6294.7	6770.4	   115.0	     1.0	92.6	2588.1	629.7	0.000	0.0	0.0	21963.03	105998.83	47264.805	26500.76	5509.83	5493.36	76.94
OliveGIS	30set19	19:11:50	D:\wx_medgold\wx_agmerra_andalusia\agmerra_1415_210_ESP.txt	-6.3750	37.6250	1	3287	12	30	1988	2625.0	0.0	7863.5	8646.7	   107.0	     1.0	64.1	2184.5	580.5	0.000	0.0	0.0	21965.08	107369.78	45604.223	16478.79	5914.76	6486.36	71.71
OliveGIS	30set19	19:11:58	D:\wx_medgold\wx_agmerra_andalusia\agmerra_1415_211_ESP.txt	-6.3750	37.3750	1	3287	12	30	1988	2632.0	0.0	9155.5	10202.7	    99.0	     1.0	35.8	1727.8	555.5	0.000	0.0	0.0	20664.04	107301.47	48872.100	16303.65	6851.20	7215.59	67.90
OliveGIS	30set19	19:12:07	D:\wx_medgold\wx_agmerra_andalusia\agmerra_1415_212_ESP.txt	-6.3750	37.1250	1	3287	12	30	1988	2663.7	0.0	10627.1	11471.3	    88.0	     1.0	15.2	1461.0	524.9	0.000	0.0	0.0	30352.18	154997.62	73494.547	26332.80	9605.84	9031.75	75.28
OliveGIS	30set19	19:12:16	D:\wx_medgold\wx_agmerra_andalusia\agmerra_1415_213_ESP.txt	-6.3750	36.8750	1	3287	12	30	1988	2664.4	0.0	9605.7	10197.6	    92.0	     1.0	13.2	1629.8	451.3	0.000	0.0	0.0	30253.50	149029.43	71009.772	25553.09	9123.85	8210.88	77.09
OliveGIS	30set19	19:12:25	D:\wx_medgold\wx_agmerra_andalusia\agmerra_1416_209_ESP.txt	-6.1250	37.8750	1	3287	12	30	1988	2620.4	0.3	6162.7	6643.8	   116.0	     1.0	99.1	2550.7	614.4	0.000	0.0	0.0	20969.88	101521.86	44896.856	24629.10	5269.08	5347.29	76.27
OliveGIS	30set19	19:12:32	D:\wx_medgold\wx_agmerra_andalusia\agmerra_1416_210_ESP.txt	-6.1250	37.6250	1	3287	12	30	1988	2626.5	0.0	7776.4	8583.3	   107.0	     1.0	68.0	2168.7	555.8	0.000	0.0	0.0	21646.10	106674.84	45955.680	17662.11	5960.19	6470.55	71.99
OliveGIS	30set19	19:12:40	D:\wx_medgold\wx_agmerra_andalusia\agmerra_1416_211_ESP.txt	-6.1250	37.3750	1	3287	12	30	1988	2633.4	0.0	9169.3	10306.8	   100.0	     1.0	43.6	1698.7	529.9	0.000	0.0	0.0	16504.34	89098.27	38777.896	12089.49	5750.18	6536.12	60.79
OliveGIS	30set19	19:12:49	D:\wx_medgold\wx_agmerra_andalusia\agmerra_1416_212_ESP.txt	-6.1250	37.1250	1	3287	12	30	1988	2662.1	0.0	10309.2	11304.0	    90.0	     1.0	26.2	1419.1	527.7	0.000	0.0	0.0	22718.97	119662.17	53712.381	18232.43	7486.59	8100.89	68.53
OliveGIS	30set19	19:12:59	D:\wx_medgold\wx_agmerra_andalusia\agmerra_1416_213_ESP.txt	-6.1250	36.8750	1	3287	12	30	1988	2649.2	0.0	9506.3	10288.7	    96.0	     1.0	29.1	1493.0	452.7	0.000	0.0	0.0	22491.80	118248.17	54209.081	18765.82	7536.89	7618.55	71.03
OliveGIS	30set19	19:13:07	D:\wx_medgold\wx_agmerra_andalusia\agmerra_1416_214_ESP.txt	-6.1250	36.6250	1	3287	12	30	1988	2661.0	0.0	9655.2	10239.7	    92.0	     1.0	16.9	1692.7	423.3	0.000	0.0	0.0	32657.21	157166.03	74624.569	26972.46	9429.40	8398.88	78.40
OliveGIS	30set19	19:13:16	D:\wx_medgold\wx_agmerra_andalusia\agmerra_1416_215_ESP.txt	-6.1250	36.3750	1	3287	12	30	1988	2648.0	0.0	9702.8	10445.9	   103.0	     1.0	34.0	1613.5	391.5	0.000	0.0	0.0	22515.55	117602.25	54408.568	19022.50	7617.88	7741.44	71.09
OliveGIS	30set19	19:13:25	D:\wx_medgold\wx_agmerra_andalusia\agmerra_1417_208_ESP.txt	-5.8750	38.1250	1	3287	12	30	1988	2607.6	1.2	6024.4	6571.7	   126.0	     1.0	147.1	2556.4	529.9	0.000	0.0	0.0	20489.82	105080.46	45768.674	27009.39	4936.19	5119.61	73.88
OliveGIS	30set19	19:13:32	D:\wx_medgold\wx_agmerra_andalusia\agmerra_1417_209_ESP.txt	-5.8750	37.8750	1	3287	12	30	1988	2619.4	0.3	6488.1	7052.2	   113.0	     1.0	102.3	2419.8	561.2	0.000	0.0	0.0	20740.38	99787.48	44536.845	20574.17	5367.69	5555.23	74.97
OliveGIS	30set19	19:13:40	D:\wx_medgold\wx_agmerra_andalusia\agmerra_1417_210_ESP.txt	-5.8750	37.6250	1	3287	12	30	1988	2636.7	0.1	7693.7	8562.8	   106.0	     1.0	71.8	2039.3	489.7	0.000	0.0	0.0	16381.81	81128.59	33430.107	11047.13	4524.17	5678.50	63.41
OliveGIS	30set19	19:13:49	D:\wx_medgold\wx_agmerra_andalusia\agmerra_1417_211_ESP.txt	-5.8750	37.3750	1	3287	12	30	1988	2649.2	0.0	9163.4	10313.4	    97.0	     1.0	42.5	1546.7	475.0	0.000	0.0	0.0	11875.60	66235.19	25622.890	7405.10	4154.51	5494.88	50.89
OliveGIS	30set19	19:13:58	D:\wx_medgold\wx_agmerra_andalusia\agmerra_1417_212_ESP.txt	-5.8750	37.1250	1	3287	12	30	1988	2644.2	0.0	10195.2	11243.8	    90.0	     1.0	31.8	1403.8	459.8	0.000	0.0	0.0	16667.62	88079.25	36705.591	11636.38	5379.69	6935.49	59.23
OliveGIS	30set19	19:14:09	D:\wx_medgold\wx_agmerra_andalusia\agmerra_1417_213_ESP.txt	-5.8750	36.8750	1	3287	12	30	1988	2643.4	0.0	9780.3	10636.1	   100.0	     1.0	35.7	1698.2	427.8	0.000	0.0	0.0	21533.03	111991.34	51172.606	16471.15	7127.60	7572.33	68.29
OliveGIS	30set19	19:14:18	D:\wx_medgold\wx_agmerra_andalusia\agmerra_1417_214_ESP.txt	-5.8750	36.6250	1	3287	12	30	1988	2658.2	0.0	9699.2	10317.6	    93.0	     1.0	22.0	1775.2	484.0	0.000	0.0	0.0	28900.57	141821.78	66214.688	23036.59	8531.07	8197.73	75.88
OliveGIS	30set19	19:14:26	D:\wx_medgold\wx_agmerra_andalusia\agmerra_1417_215_ESP.txt	-5.8750	36.3750	1	3287	12	30	1988	2662.2	0.0	9693.0	10091.2	    99.0	     1.0	18.0	2128.9	512.3	0.000	0.0	0.0	36040.10	168173.10	77718.740	27576.84	9353.07	8512.55	80.25
OliveGIS	30set19	19:14:33	D:\wx_medgold\wx_agmerra_andalusia\agmerra_1418_208_ESP.txt	-5.6250	38.1250	1	3287	12	30	1988	2617.9	1.3	5997.5	6600.3	   125.0	     1.0	141.0	2468.2	538.4	0.000	0.0	0.0	19543.23	95526.31	41440.228	21347.98	4906.93	5163.67	74.22
OliveGIS	30set19	19:14:41	D:\wx_medgold\wx_agmerra_andalusia\agmerra_1418_209_ESP.txt	-5.6250	37.8750	1	3287	12	30	1988	2625.4	0.3	6926.9	7582.4	   112.0	     1.0	97.7	2307.8	544.0	0.000	0.0	0.0	20095.79	97595.82	42581.145	15967.58	5365.47	5761.08	72.46
OliveGIS	30set19	19:14:49	D:\wx_medgold\wx_agmerra_andalusia\agmerra_1418_210_ESP.txt	-5.6250	37.6250	1	3287	12	30	1988	2624.5	0.1	7715.7	8620.2	   105.0	     1.0	72.3	1962.0	494.4	0.000	0.0	0.0	13416.36	68231.21	28484.683	8601.22	4043.89	5250.39	58.32
OliveGIS	30set19	19:14:57	D:\wx_medgold\wx_agmerra_andalusia\agmerra_1418_211_ESP.txt	-5.6250	37.3750	1	3287	12	30	1988	2631.5	0.0	9066.5	10177.9	    99.0	     1.0	48.2	1616.2	481.2	0.000	0.0	0.0	11462.96	63781.77	25323.799	6983.54	4078.11	5294.58	49.86
OliveGIS	30set19	19:15:06	D:\wx_medgold\wx_agmerra_andalusia\agmerra_1418_212_ESP.txt	-5.6250	37.1250	1	3287	12	30	1988	2644.4	0.0	9744.4	10740.7	    98.0	     1.0	42.0	1720.2	463.5	0.000	0.0	0.0	17973.88	95188.27	42373.128	13151.91	6074.97	6992.59	62.33
OliveGIS	30set19	19:15:14	D:\wx_medgold\wx_agmerra_andalusia\agmerra_1418_213_ESP.txt	-5.6250	36.8750	1	3287	12	30	1988	2637.7	0.0	8365.7	8938.3	   107.0	     1.0	48.4	2098.6	443.0	0.000	0.0	0.0	23759.82	117166.98	52296.488	18515.85	6673.80	6956.30	74.19
OliveGIS	30set19	19:15:22	D:\wx_medgold\wx_agmerra_andalusia\agmerra_1418_214_ESP.txt	-5.6250	36.6250	1	3287	12	30	1988	2636.0	0.0	9289.5	9746.0	   101.0	     1.0	27.0	2097.1	518.3	0.000	0.0	0.0	29798.66	144195.20	64626.603	25198.58	8019.46	7837.18	76.99
OliveGIS	30set19	19:15:30	D:\wx_medgold\wx_agmerra_andalusia\agmerra_1418_215_ESP.txt	-5.6250	36.3750	1	3287	12	30	1988	2644.6	0.0	9058.2	9335.5	   103.0	     1.0	20.6	2313.0	628.5	0.000	0.0	0.0	35531.08	166692.19	78065.146	28722.43	8985.48	7983.92	81.37
OliveGIS	30set19	19:15:38	D:\wx_medgold\wx_agmerra_andalusia\agmerra_1418_216_ESP.txt	-5.6250	36.1250	1	3287	12	30	1988	2677.4	0.0	9341.3	9553.5	    92.0	     1.0	2.2	2280.7	460.1	0.000	0.0	0.0	46733.21	226822.81	120994.043	54037.48	12309.41	8592.71	85.30
OliveGIS	30set19	19:15:45	D:\wx_medgold\wx_agmerra_andalusia\agmerra_1419_207_ESP.txt	-5.3750	38.3750	1	3287	12	30	1988	2608.6	2.5	6542.0	7243.6	   135.0	     1.0	188.2	2524.9	491.6	0.000	0.0	0.0	21083.14	112972.69	54997.834	24124.30	5184.36	5365.97	70.33
OliveGIS	30set19	19:15:52	D:\wx_medgold\wx_agmerra_andalusia\agmerra_1419_208_ESP.txt	-5.3750	38.1250	1	3287	12	30	1988	2612.7	1.7	6029.2	6757.6	   128.0	     1.0	156.6	2392.2	505.4	0.000	0.0	0.0	16618.40	81921.69	34183.672	16983.84	4095.40	4814.13	67.97
OliveGIS	30set19	19:16:00	D:\wx_medgold\wx_agmerra_andalusia\agmerra_1419_209_ESP.txt	-5.3750	37.8750	1	3287	12	30	1988	2629.2	0.1	7618.0	8591.6	   107.0	     1.0	77.8	1970.1	537.2	0.000	0.0	0.0	12871.65	65626.74	27397.281	8680.84	3919.76	5156.66	57.42
OliveGIS	30set19	19:16:08	D:\wx_medgold\wx_agmerra_andalusia\agmerra_1419_210_ESP.txt	-5.3750	37.6250	1	3287	12	30	1988	2638.0	0.0	8767.7	9946.2	   101.0	     1.0	59.5	1634.7	467.6	0.000	0.0	0.0	11098.26	61066.45	23526.460	6275.68	3831.90	5085.10	48.93
OliveGIS	30set19	19:16:18	D:\wx_medgold\wx_agmerra_andalusia\agmerra_1419_211_ESP.txt	-5.3750	37.3750	1	3287	12	30	1988	2635.4	0.0	8793.2	9802.4	   101.0	     1.0	53.4	1633.9	450.7	0.000	0.0	0.0	11676.07	64758.32	26769.104	7220.68	4182.20	5243.59	51.13
OliveGIS	30set19	19:16:26	D:\wx_medgold\wx_agmerra_andalusia\agmerra_1419_212_ESP.txt	-5.3750	37.1250	1	3287	12	30	1988	2632.5	0.1	8321.4	9053.5	   104.0	     1.0	54.7	2009.5	459.2	0.000	0.0	0.0	20895.17	104810.83	46242.768	16364.08	6109.84	6679.50	70.63
OliveGIS	30set19	19:16:33	D:\wx_medgold\wx_agmerra_andalusia\agmerra_1419_213_ESP.txt	-5.3750	36.8750	1	3287	12	30	1988	2595.5	0.7	6623.2	6795.2	   134.0	     1.0	154.9	3019.6	467.5	0.000	0.0	0.0	33597.67	196518.06	158408.547	76481.40	7459.42	5732.60	79.91
OliveGIS	30set19	19:16:41	D:\wx_medgold\wx_agmerra_andalusia\agmerra_1419_214_ESP.txt	-5.3750	36.6250	1	3287	12	30	1988	2622.4	0.0	6084.2	6162.2	   122.0	     1.0	78.7	3057.1	530.2	0.000	0.0	0.0	37706.35	202953.23	135038.088	101473.11	8021.11	5657.75	85.28
OliveGIS	30set19	19:16:49	D:\wx_medgold\wx_agmerra_andalusia\agmerra_1419_215_ESP.txt	-5.3750	36.3750	1	3287	12	30	1988	2649.1	0.0	9140.0	9466.6	   103.0	     1.0	21.3	2121.2	531.6	0.000	0.0	0.0	34719.86	164653.52	76739.294	28811.55	9057.87	8068.41	81.00
OliveGIS	30set19	19:16:56	D:\wx_medgold\wx_agmerra_andalusia\agmerra_1420_206_ESP.txt	-5.1250	38.6250	1	3287	12	30	1988	2615.0	2.2	6280.6	7092.5	   132.0	     1.0	170.8	2424.1	483.6	0.000	0.0	0.0	19479.78	95965.96	40080.473	18777.04	4688.97	5250.24	70.48
OliveGIS	30set19	19:17:04	D:\wx_medgold\wx_agmerra_andalusia\agmerra_1420_207_ESP.txt	-5.1250	38.3750	1	3287	12	30	1988	2611.7	2.5	6514.2	7168.7	   136.0	     1.0	192.6	2560.6	503.7	0.000	0.0	0.0	23158.52	116385.96	61069.074	29012.51	5243.72	5481.52	72.55
OliveGIS	30set19	19:17:11	D:\wx_medgold\wx_agmerra_andalusia\agmerra_1420_208_ESP.txt	-5.1250	38.1250	1	3287	12	30	1988	2607.7	1.8	5924.1	6656.5	   126.0	     1.0	156.2	2342.9	506.2	0.000	0.0	0.0	16396.73	81047.40	34020.126	13366.53	4111.12	4774.44	68.65
OliveGIS	30set19	19:17:20	D:\wx_medgold\wx_agmerra_andalusia\agmerra_1420_209_ESP.txt	-5.1250	37.8750	1	3287	12	30	1988	2633.5	0.1	7670.2	8691.2	   106.0	     1.0	78.9	1894.2	525.4	0.000	0.0	0.0	11976.55	62330.04	26306.360	7532.55	3811.90	5046.80	55.31
OliveGIS	30set19	19:17:28	D:\wx_medgold\wx_agmerra_andalusia\agmerra_1420_210_ESP.txt	-5.1250	37.6250	1	3287	12	30	1988	2647.1	0.1	8747.3	9918.4	   101.0	     1.0	63.1	1645.9	461.9	0.000	0.0	0.0	11383.55	62776.53	25345.542	6911.30	4032.68	5145.96	49.24
OliveGIS	30set19	19:17:38	D:\wx_medgold\wx_agmerra_andalusia\agmerra_1420_211_ESP.txt	-5.1250	37.3750	1	3287	12	30	1988	2646.4	0.1	8845.8	9839.0	   103.0	     1.0	57.4	1674.1	466.0	0.000	0.0	0.0	12513.07	66986.53	29075.569	8016.29	4300.14	5497.63	53.27
OliveGIS	30set19	19:17:46	D:\wx_medgold\wx_agmerra_andalusia\agmerra_1420_212_ESP.txt	-5.1250	37.1250	1	3287	12	30	1988	2633.3	0.1	8177.6	8859.4	   105.0	     1.0	57.8	2009.1	456.6	0.000	0.0	0.0	21232.68	105568.23	46490.467	15540.29	6067.29	6610.45	71.32
OliveGIS	30set19	19:17:54	D:\wx_medgold\wx_agmerra_andalusia\agmerra_1420_213_ESP.txt	-5.1250	36.8750	1	3287	12	30	1988	2614.1	0.5	6688.4	6830.9	   132.0	     1.0	146.0	2981.1	469.5	0.000	0.0	0.0	34732.60	200006.71	167205.137	87102.34	7731.49	5876.65	80.69
OliveGIS	30set19	19:18:02	D:\wx_medgold\wx_agmerra_andalusia\agmerra_1420_214_ESP.txt	-5.1250	36.6250	1	3287	12	30	1988	2623.7	0.0	6292.6	6367.2	   117.0	     1.0	52.1	2935.6	490.0	0.000	0.0	0.0	38398.81	193119.95	113004.001	101274.75	8516.95	5945.57	86.70
OliveGIS	30set19	19:18:10	D:\wx_medgold\wx_agmerra_andalusia\agmerra_1421_206_ESP.txt	-4.8750	38.6250	1	3287	12	30	1988	2613.9	1.7	5765.3	6573.3	   128.0	     1.0	155.3	2338.7	508.1	0.000	0.0	0.0	16496.08	82259.58	34852.844	16934.91	4152.17	4730.22	68.77
OliveGIS	30set19	19:18:17	D:\wx_medgold\wx_agmerra_andalusia\agmerra_1421_207_ESP.txt	-4.8750	38.3750	1	3287	12	30	1988	2605.5	3.3	6187.8	6672.4	   142.0	     1.0	257.6	2729.0	516.0	0.000	0.0	0.0	24088.61	141420.09	113865.365	39060.12	5471.12	5078.04	72.25
OliveGIS	30set19	19:18:25	D:\wx_medgold\wx_agmerra_andalusia\agmerra_1421_208_ESP.txt	-4.8750	38.1250	1	3287	12	30	1988	2607.3	2.4	6147.6	6840.0	   130.0	     1.0	175.4	2422.8	450.4	0.000	0.0	0.0	19634.55	97194.68	41349.035	20716.11	4721.01	5154.79	71.93
OliveGIS	30set19	19:18:34	D:\wx_medgold\wx_agmerra_andalusia\agmerra_1421_209_ESP.txt	-4.8750	37.8750	1	3287	12	30	1988	2627.3	0.3	7507.6	8471.9	   109.0	     1.0	94.4	2007.1	562.3	0.000	0.0	0.0	15905.10	79098.13	31978.588	10456.89	4384.69	5553.81	62.78
OliveGIS	30set19	19:18:43	D:\wx_medgold\wx_agmerra_andalusia\agmerra_1421_210_ESP.txt	-4.8750	37.6250	1	3287	12	30	1988	2639.9	0.2	7751.4	8746.1	   106.0	     1.0	79.6	1894.6	501.9	0.000	0.0	0.0	11863.14	61910.63	25612.071	7181.99	3715.87	5035.80	54.85
OliveGIS	30set19	19:18:52	D:\wx_medgold\wx_agmerra_andalusia\agmerra_1421_211_ESP.txt	-4.8750	37.3750	1	3287	12	30	1988	2624.4	0.3	7609.2	8269.4	   109.0	     1.0	84.0	2078.0	480.8	0.000	0.0	0.0	21034.40	104815.52	45743.854	16155.84	5838.44	6249.30	72.43
OliveGIS	30set19	19:19:01	D:\wx_medgold\wx_agmerra_andalusia\agmerra_1421_212_ESP.txt	-4.8750	37.1250	1	3287	12	30	1988	2631.1	0.3	7289.7	7717.4	   111.0	     1.0	80.9	2319.2	466.3	0.000	0.0	0.0	24190.97	119486.95	55340.239	24259.10	6373.92	6233.73	76.69
OliveGIS	30set19	19:19:10	D:\wx_medgold\wx_agmerra_andalusia\agmerra_1421_213_ESP.txt	-4.8750	36.8750	1	3287	12	30	1988	2624.6	0.1	7472.1	7737.6	   112.0	     1.0	75.7	2360.7	458.9	0.000	0.0	0.0	27020.29	133650.70	63693.300	34936.06	7033.21	6458.19	79.08
OliveGIS	30set19	19:19:19	D:\wx_medgold\wx_agmerra_andalusia\agmerra_1421_214_ESP.txt	-4.8750	36.6250	1	3287	12	30	1988	2658.1	0.0	9139.6	9353.1	   101.0	     1.0	18.4	2108.4	463.5	0.000	0.0	0.0	36273.53	173432.93	82475.980	31243.78	9367.03	8026.99	81.55
OliveGIS	30set19	19:19:27	D:\wx_medgold\wx_agmerra_andalusia\agmerra_1422_207_ESP.txt	-4.6250	38.3750	1	3287	12	30	1988	2584.5	4.2	6118.0	6582.5	   142.0	     1.0	287.2	2759.2	510.7	0.000	0.0	0.0	23713.26	141813.78	123257.752	34702.43	5397.55	4975.75	72.19
OliveGIS	30set19	19:19:35	D:\wx_medgold\wx_agmerra_andalusia\agmerra_1422_208_ESP.txt	-4.6250	38.1250	1	3287	12	30	1988	2618.0	2.6	6120.9	6819.9	   129.0	     1.0	177.5	2369.9	435.3	0.000	0.0	0.0	19127.79	94236.89	40125.370	18808.11	4585.22	5112.94	71.41
OliveGIS	30set19	19:19:44	D:\wx_medgold\wx_agmerra_andalusia\agmerra_1422_209_ESP.txt	-4.6250	37.8750	1	3287	12	30	1988	2625.8	0.4	7498.3	8493.0	   109.0	     1.0	98.1	1962.5	514.0	0.000	0.0	0.0	15441.64	76703.23	31460.323	10159.02	4316.88	5485.14	61.93
OliveGIS	30set19	19:19:55	D:\wx_medgold\wx_agmerra_andalusia\agmerra_1422_210_ESP.txt	-4.6250	37.6250	1	3287	12	30	1988	2626.8	0.3	7698.5	8655.3	   107.0	     1.0	87.0	1945.7	488.2	0.000	0.0	0.0	14909.97	74965.95	30997.268	9395.95	4295.97	5503.83	60.93
OliveGIS	30set19	19:20:04	D:\wx_medgold\wx_agmerra_andalusia\agmerra_1422_211_ESP.txt	-4.6250	37.3750	1	3287	12	30	1988	2635.3	0.4	7422.4	8012.5	   111.0	     1.0	91.6	2135.4	474.2	0.000	0.0	0.0	22280.53	111239.71	49836.290	19405.32	6135.77	6245.05	74.21
OliveGIS	30set19	19:20:13	D:\wx_medgold\wx_agmerra_andalusia\agmerra_1422_212_ESP.txt	-4.6250	37.1250	1	3287	12	30	1988	2638.5	0.3	7330.5	7753.5	   111.0	     1.0	83.6	2283.6	472.0	0.000	0.0	0.0	23797.13	117799.53	53891.752	23258.23	6202.42	6199.73	75.66
OliveGIS	30set19	19:20:23	D:\wx_medgold\wx_agmerra_andalusia\agmerra_1422_213_ESP.txt	-4.6250	36.8750	1	3287	12	30	1988	2622.8	0.0	7693.9	7971.8	   110.0	     1.0	66.6	2247.2	436.5	0.000	0.0	0.0	27055.73	133009.94	62821.293	27923.09	7118.33	6608.44	78.62
OliveGIS	30set19	19:20:32	D:\wx_medgold\wx_agmerra_andalusia\agmerra_1422_214_ESP.txt	-4.6250	36.6250	1	3287	12	30	1988	2668.0	0.0	9273.7	9452.9	    94.0	     1.0	8.6	1850.0	399.2	0.000	0.0	0.0	36252.15	174180.74	86267.012	32059.13	9740.66	8079.82	81.60
OliveGIS	30set19	19:20:40	D:\wx_medgold\wx_agmerra_andalusia\agmerra_1423_208_ESP.txt	-4.3750	38.1250	1	3287	12	30	1988	2624.6	2.0	5788.5	6509.9	   125.0	     1.0	160.0	2277.5	452.1	0.000	0.0	0.0	17443.55	87236.49	38161.998	17342.64	4389.59	4838.52	70.92
OliveGIS	30set19	19:20:50	D:\wx_medgold\wx_agmerra_andalusia\agmerra_1423_209_ESP.txt	-4.3750	37.8750	1	3287	12	30	1988	2637.1	0.2	7670.8	8922.4	   106.0	     1.0	82.8	1666.3	494.5	0.000	0.0	0.0	9744.08	52808.48	21702.194	5990.78	3456.50	4527.35	48.08
OliveGIS	30set19	19:21:00	D:\wx_medgold\wx_agmerra_andalusia\agmerra_1423_210_ESP.txt	-4.3750	37.6250	1	3287	12	30	1988	2626.9	0.2	7598.4	8687.9	   107.0	     1.0	80.2	1809.7	475.7	0.000	0.0	0.0	12590.83	66182.96	28423.608	8420.15	4075.73	5225.48	57.60
OliveGIS	30set19	19:21:09	D:\wx_medgold\wx_agmerra_andalusia\agmerra_1423_211_ESP.txt	-4.3750	37.3750	1	3287	12	30	1988	2622.5	0.6	6642.1	7193.7	   116.0	     1.0	114.4	2215.2	449.9	0.000	0.0	0.0	20362.05	102115.21	46587.955	20466.66	5519.78	5585.42	74.10
OliveGIS	30set19	19:21:18	D:\wx_medgold\wx_agmerra_andalusia\agmerra_1423_212_ESP.txt	-4.3750	37.1250	1	3287	12	30	1988	2633.6	0.4	7520.2	8025.3	   113.0	     1.0	96.3	2192.4	447.9	0.000	0.0	0.0	22742.82	113441.76	50795.446	20523.73	6022.73	6219.54	73.61
OliveGIS	30set19	19:21:28	D:\wx_medgold\wx_agmerra_andalusia\agmerra_1423_213_ESP.txt	-4.3750	36.8750	1	3287	12	30	1988	2637.6	0.1	7863.7	8196.1	   112.0	     1.0	84.0	2112.1	468.7	0.000	0.0	0.0	23945.08	120370.71	54934.279	21905.41	6503.45	6481.77	75.06
OliveGIS	30set19	19:21:37	D:\wx_medgold\wx_agmerra_andalusia\agmerra_1424_207_ESP.txt	-4.1250	38.3750	1	3287	12	30	1988	2606.7	3.5	6926.9	7652.7	   138.0	     1.0	209.7	2532.6	485.1	0.000	0.0	0.0	25460.63	134999.52	74447.426	32981.18	5396.38	5707.61	70.85
OliveGIS	30set19	19:21:45	D:\wx_medgold\wx_agmerra_andalusia\agmerra_1424_208_ESP.txt	-4.1250	38.1250	1	3287	12	30	1988	2620.6	2.4	5909.3	6676.7	   124.0	     1.0	167.1	2239.0	435.7	0.000	0.0	0.0	17175.52	85551.97	37152.298	15734.90	4274.01	4848.39	69.50
OliveGIS	30set19	19:21:54	D:\wx_medgold\wx_agmerra_andalusia\agmerra_1424_209_ESP.txt	-4.1250	37.8750	1	3287	12	30	1988	2631.4	0.4	7531.5	8739.3	   107.0	     1.0	92.8	1731.1	489.8	0.000	0.0	0.0	11214.95	59172.49	25248.213	7263.80	3715.32	4908.06	53.46
OliveGIS	30set19	19:22:03	D:\wx_medgold\wx_agmerra_andalusia\agmerra_1424_210_ESP.txt	-4.1250	37.6250	1	3287	12	30	1988	2622.5	0.4	7345.3	8266.4	   111.0	     1.0	98.4	2052.8	491.9	0.000	0.0	0.0	18665.87	93280.59	39043.506	15223.48	5067.34	5850.45	67.88
OliveGIS	30set19	19:22:11	D:\wx_medgold\wx_agmerra_andalusia\agmerra_1424_211_ESP.txt	-4.1250	37.3750	1	3287	12	30	1988	2613.4	1.0	6096.2	6530.2	   124.0	     1.0	137.5	2426.1	452.7	0.000	0.0	0.0	21601.85	107859.40	48768.751	27741.93	5352.21	5241.77	76.46
OliveGIS	30set19	19:22:19	D:\wx_medgold\wx_agmerra_andalusia\agmerra_1424_212_ESP.txt	-4.1250	37.1250	1	3287	12	30	1988	2620.0	0.5	6933.0	7400.7	   115.0	     1.0	107.4	2246.1	447.3	0.000	0.0	0.0	21789.77	109287.96	50173.497	19753.42	5663.36	5730.05	73.98
OliveGIS	30set19	19:22:31	D:\wx_medgold\wx_agmerra_andalusia\agmerra_1424_213_ESP.txt	-4.1250	36.8750	1	3287	12	30	1988	2633.7	0.1	7791.5	8100.2	   112.0	     1.0	83.6	2134.2	461.4	0.000	0.0	0.0	25264.81	126467.83	58750.218	23266.63	6775.76	6543.45	76.49
OliveGIS	30set19	19:22:40	D:\wx_medgold\wx_agmerra_andalusia\agmerra_1425_207_ESP.txt	-3.8750	38.3750	1	3287	12	30	1988	2610.9	1.7	6098.8	6923.0	   128.0	     1.0	154.8	2323.8	491.3	0.000	0.0	0.0	18245.73	92005.77	40651.679	17140.25	4600.98	5078.65	70.23
OliveGIS	30set19	19:22:50	D:\wx_medgold\wx_agmerra_andalusia\agmerra_1425_208_ESP.txt	-3.8750	38.1250	1	3287	12	30	1988	2622.6	1.1	6736.0	7805.4	   114.0	     1.0	124.3	2018.6	454.5	0.000	0.0	0.0	15458.68	76941.23	31994.451	11700.60	4127.49	5141.39	63.10
OliveGIS	30set19	19:22:59	D:\wx_medgold\wx_agmerra_andalusia\agmerra_1425_209_ESP.txt	-3.8750	37.8750	1	3287	12	30	1988	2637.3	0.4	7213.6	8654.6	   109.0	     1.0	93.2	1616.6	478.8	0.000	0.0	0.0	7086.36	38531.39	14341.769	3974.73	2572.66	3526.78	38.48
OliveGIS	30set19	19:23:08	D:\wx_medgold\wx_agmerra_andalusia\agmerra_1425_210_ESP.txt	-3.8750	37.6250	1	3287	12	30	1988	2622.4	0.5	6615.8	7612.5	   115.0	     1.0	106.8	2042.6	513.9	0.000	0.0	0.0	16252.76	81043.79	34369.009	12064.27	4433.90	5253.75	66.17
OliveGIS	30set19	19:23:18	D:\wx_medgold\wx_agmerra_andalusia\agmerra_1425_211_ESP.txt	-3.8750	37.3750	1	3287	12	30	1988	2612.9	1.4	6500.0	7049.9	   130.0	     1.0	162.0	2395.8	342.5	0.000	0.0	0.0	22975.60	120167.51	55020.553	29290.08	5724.70	5577.64	75.34
OliveGIS	30set19	19:23:27	D:\wx_medgold\wx_agmerra_andalusia\agmerra_1425_212_ESP.txt	-3.8750	37.1250	1	3287	12	30	1988	2624.9	0.5	6623.3	7190.6	   119.0	     1.0	122.2	2162.8	334.4	0.000	0.0	0.0	19515.54	99073.13	44255.388	17519.95	5186.57	5418.63	71.88
OliveGIS	30set19	19:23:36	D:\wx_medgold\wx_agmerra_andalusia\agmerra_1425_213_ESP.txt	-3.8750	36.8750	1	3287	12	30	1988	2630.7	0.1	8252.9	8931.5	   112.0	     1.0	97.8	1806.1	397.7	0.000	0.0	0.0	16535.68	84939.63	36607.956	11303.03	5052.26	6043.62	64.73
OliveGIS	30set19	19:23:46	D:\wx_medgold\wx_agmerra_andalusia\agmerra_1426_207_ESP.txt	-3.6250	38.3750	1	3287	12	30	1988	2612.1	1.8	6180.6	7009.0	   129.0	     1.0	161.3	2310.6	483.8	0.000	0.0	0.0	17951.59	91041.32	39044.265	17829.24	4403.94	5017.43	68.70
OliveGIS	30set19	19:23:54	D:\wx_medgold\wx_agmerra_andalusia\agmerra_1426_208_ESP.txt	-3.6250	38.1250	1	3287	12	30	1988	2628.7	1.3	6310.1	7273.1	   116.0	     1.0	132.9	2054.7	443.9	0.000	0.0	0.0	16146.48	81399.06	34460.804	13078.92	4326.13	5082.67	66.74
OliveGIS	30set19	19:24:04	D:\wx_medgold\wx_agmerra_andalusia\agmerra_1426_209_ESP.txt	-3.6250	37.8750	1	3287	12	30	1988	2632.4	0.6	7301.5	8684.7	   111.0	     1.0	104.6	1720.2	472.8	0.000	0.0	0.0	9015.79	47480.54	19483.661	5361.83	3013.09	4255.79	46.51
OliveGIS	30set19	19:24:13	D:\wx_medgold\wx_agmerra_andalusia\agmerra_1426_210_ESP.txt	-3.6250	37.6250	1	3287	12	30	1988	2623.8	0.9	6041.9	6832.7	   121.0	     1.0	127.3	2214.9	506.2	0.000	0.0	0.0	16903.47	85176.74	37441.814	15760.10	4441.71	4954.38	69.20
OliveGIS	30set19	19:24:21	D:\wx_medgold\wx_agmerra_andalusia\agmerra_1426_211_ESP.txt	-3.6250	37.3750	1	3287	12	30	1988	2607.8	2.2	6674.1	7149.5	   136.0	     1.0	194.4	2561.8	349.2	0.000	0.0	0.0	27722.00	149315.13	85565.699	43606.23	6121.77	5746.64	75.91
OliveGIS	30set19	19:24:29	D:\wx_medgold\wx_agmerra_andalusia\agmerra_1426_212_ESP.txt	-3.6250	37.1250	1	3287	12	30	1988	2622.3	0.9	6323.3	6801.6	   125.0	     1.0	146.4	2332.5	397.8	0.000	0.0	0.0	21668.38	111420.33	51566.918	22664.33	5429.05	5297.04	74.33
OliveGIS	30set19	19:24:38	D:\wx_medgold\wx_agmerra_andalusia\agmerra_1426_213_ESP.txt	-3.6250	36.8750	1	3287	12	30	1988	2628.5	0.3	7932.5	8560.8	   115.0	     1.0	111.7	1957.3	389.2	0.000	0.0	0.0	19252.62	99610.10	41414.224	14243.51	5388.89	6080.90	67.85
OliveGIS	30set19	19:24:48	D:\wx_medgold\wx_agmerra_andalusia\agmerra_1427_207_ESP.txt	-3.3750	38.3750	1	3287	12	30	1988	2610.8	1.4	6075.1	6881.7	   123.0	     1.0	141.8	2194.2	465.8	0.000	0.0	0.0	16191.58	82859.45	35824.795	12921.88	4290.57	4851.49	67.77
OliveGIS	30set19	19:24:57	D:\wx_medgold\wx_agmerra_andalusia\agmerra_1427_208_ESP.txt	-3.3750	38.1250	1	3287	12	30	1988	2621.6	1.0	6982.1	8008.5	   113.0	     1.0	118.1	1956.6	435.8	0.000	0.0	0.0	16354.16	82240.80	34638.484	13100.02	4519.85	5419.25	64.68
OliveGIS	30set19	19:25:08	D:\wx_medgold\wx_agmerra_andalusia\agmerra_1427_209_ESP.txt	-3.3750	37.8750	1	3287	12	30	1988	2617.0	0.7	7366.4	8397.9	   113.0	     1.0	109.6	1892.4	399.5	0.000	0.0	0.0	15330.57	77655.66	32239.788	11111.74	4386.07	5428.27	62.09
OliveGIS	30set19	19:25:16	D:\wx_medgold\wx_agmerra_andalusia\agmerra_1427_210_ESP.txt	-3.3750	37.6250	1	3287	12	30	1988	2612.1	1.1	6330.1	6886.2	   127.0	     1.0	142.1	2460.6	425.1	0.000	0.0	0.0	23147.30	120977.67	57189.041	34129.85	5826.70	5496.68	75.97
OliveGIS	30set19	19:25:24	D:\wx_medgold\wx_agmerra_andalusia\agmerra_1427_211_ESP.txt	-3.3750	37.3750	1	3287	12	30	1988	1976.6	15.7	7204.8	8024.0	   165.0	     1.0	507.7	3272.6	246.4	0.000	0.0	0.0	16883.54	136474.89	111345.460	8621.89	2886.81	2894.64	35.45
OliveGIS	30set19	19:25:30	D:\wx_medgold\wx_agmerra_andalusia\agmerra_1427_212_ESP.txt	-3.3750	37.1250	1	3287	12	30	1988	2153.6	8.8	6797.6	7174.6	   156.0	     1.0	400.4	3161.2	582.8	0.000	0.0	0.0	21190.99	137756.59	171913.214	18306.40	4209.41	4124.01	56.08
OliveGIS	30set19	19:25:37	D:\wx_medgold\wx_agmerra_andalusia\agmerra_1427_213_ESP.txt	-3.3750	36.8750	1	3287	12	30	1988	2611.1	2.1	5902.7	6188.3	   141.0	     1.0	218.6	2533.2	472.7	0.000	0.0	0.0	23543.24	133027.73	100534.734	52593.22	5500.40	4855.94	74.46
OliveGIS	30set19	19:25:46	D:\wx_medgold\wx_agmerra_andalusia\agmerra_1428_207_ESP.txt	-3.1250	38.3750	1	3287	12	30	1988	2609.8	1.9	6352.1	7024.8	   129.0	     1.0	161.0	2407.6	464.1	0.000	0.0	0.0	21667.21	113088.70	51357.377	24905.80	5364.54	5417.63	73.63
OliveGIS	30set19	19:25:54	D:\wx_medgold\wx_agmerra_andalusia\agmerra_1428_208_ESP.txt	-3.1250	38.1250	1	3287	12	30	1988	2618.3	1.6	6098.4	6771.3	   123.0	     1.0	143.4	2263.8	460.7	0.000	0.0	0.0	20047.06	102812.76	48120.117	24436.50	5286.15	5276.00	74.42
OliveGIS	30set19	19:26:02	D:\wx_medgold\wx_agmerra_andalusia\agmerra_1428_209_ESP.txt	-3.1250	37.8750	1	3287	12	30	1988	2615.8	1.1	6450.6	7147.7	   121.0	     1.0	131.6	2161.9	412.8	0.000	0.0	0.0	18722.83	94775.01	42239.961	17127.57	5028.07	5351.87	71.56
OliveGIS	30set19	19:26:11	D:\wx_medgold\wx_agmerra_andalusia\agmerra_1428_210_ESP.txt	-3.1250	37.6250	1	3287	12	30	1988	2623.2	1.4	6219.2	6694.2	   129.0	     1.0	154.8	2510.2	411.1	0.000	0.0	0.0	25022.60	130137.62	72729.636	44264.21	6096.44	5466.56	77.20
OliveGIS	30set19	19:26:18	D:\wx_medgold\wx_agmerra_andalusia\agmerra_1428_211_ESP.txt	-3.1250	37.3750	1	3287	12	30	1988	1998.3	15.5	6758.1	7447.6	   160.0	     1.0	497.5	3235.9	243.6	0.000	0.0	0.0	18061.48	144758.21	124605.581	10008.70	3202.75	3122.74	41.11
OliveGIS	30set19	19:26:24	D:\wx_medgold\wx_agmerra_andalusia\agmerra_1428_212_ESP.txt	-3.1250	37.1250	1	3287	12	30	1988	2244.6	6.4	6917.0	7210.7	   152.0	     1.0	357.1	3075.9	433.9	0.000	0.0	0.0	22465.61	142177.69	180791.719	25983.29	4889.65	4527.94	61.13
OliveGIS	30set19	19:26:31	D:\wx_medgold\wx_agmerra_andalusia\agmerra_1428_213_ESP.txt	-3.1250	36.8750	1	3287	12	30	1988	2617.2	1.4	6802.3	7130.2	   135.0	     1.0	190.8	2422.3	315.4	0.000	0.0	0.0	30091.32	151515.72	86091.345	56447.23	6662.60	5936.46	78.85
OliveGIS	30set19	19:26:39	D:\wx_medgold\wx_agmerra_andalusia\agmerra_1429_207_ESP.txt	-2.8750	38.3750	1	3287	12	30	1988	2599.6	4.2	6293.6	6734.2	   141.0	     1.0	271.6	2621.3	428.5	0.000	0.0	0.0	22806.51	135588.19	117116.193	45975.51	5442.34	5065.35	71.07
OliveGIS	30set19	19:26:46	D:\wx_medgold\wx_agmerra_andalusia\agmerra_1429_208_ESP.txt	-2.8750	38.1250	1	3287	12	30	1988	2602.2	3.6	6190.9	6615.1	   140.0	     1.0	245.2	2604.5	470.8	0.000	0.0	0.0	24732.71	146033.53	120156.049	57140.27	5968.41	5171.96	74.01
OliveGIS	30set19	19:26:53	D:\wx_medgold\wx_agmerra_andalusia\agmerra_1429_209_ESP.txt	-2.8750	37.8750	1	3287	12	30	1988	2544.4	3.6	6153.9	6475.4	   142.0	     1.0	270.1	2777.1	475.1	0.000	0.0	0.0	25066.58	147240.93	168382.801	68513.98	5930.16	5033.19	74.56
OliveGIS	30set19	19:27:00	D:\wx_medgold\wx_agmerra_andalusia\agmerra_1429_210_ESP.txt	-2.8750	37.6250	1	3287	12	30	1988	2472.1	3.7	6289.2	6577.8	   143.0	     1.0	278.2	2875.5	371.1	0.000	0.0	0.0	22171.14	130297.79	151299.905	56336.93	4989.50	4692.92	69.23
OliveGIS	30set19	19:27:06	D:\wx_medgold\wx_agmerra_andalusia\agmerra_1429_211_ESP.txt	-2.8750	37.3750	1	3287	12	30	1988	1442.3	50.0	14.2	25.4	   191.0	     1.0	817.4	3550.0	349.7	0.000	0.0	0.0	84.25	575.54	343.858	92.41	8.60	11.87	42.25
OliveGIS	30set19	19:27:11	D:\wx_medgold\wx_agmerra_andalusia\agmerra_1429_212_ESP.txt	-2.8750	37.1250	1	3287	12	30	1988	1698.4	19.2	6991.9	9514.9	   175.0	     1.0	569.3	3590.9	375.9	0.000	0.0	0.0	11249.54	87039.98	68891.559	5221.98	1613.39	2041.70	20.52
OliveGIS	30set19	19:27:17	D:\wx_medgold\wx_agmerra_andalusia\agmerra_1429_213_ESP.txt	-2.8750	36.8750	1	3287	12	30	1988	2635.5	0.0	8551.4	9070.6	   111.0	     1.0	83.5	1830.0	339.2	0.000	0.0	0.0	21310.51	109216.16	47006.678	16131.08	6119.19	6675.08	70.42
OliveGIS	30set19	19:27:26	D:\wx_medgold\wx_agmerra_andalusia\agmerra_1430_207_ESP.txt	-2.6250	38.3750	1	3287	12	30	1988	2459.9	7.1	6477.5	6869.4	   144.0	     1.0	325.0	2797.2	453.1	0.000	0.0	0.0	22825.30	136235.86	149850.562	43477.67	5301.22	4930.10	69.80
OliveGIS	30set19	19:27:32	D:\wx_medgold\wx_agmerra_andalusia\agmerra_1430_208_ESP.txt	-2.6250	38.1250	1	3287	12	30	1988	2413.1	6.5	6977.1	7368.8	   146.0	     1.0	327.1	2850.0	539.7	0.000	0.0	0.0	23517.53	142507.54	157551.463	39933.96	5397.67	5115.32	67.56
OliveGIS	30set19	19:27:38	D:\wx_medgold\wx_agmerra_andalusia\agmerra_1430_209_ESP.txt	-2.6250	37.8750	1	3287	12	30	1988	2387.8	4.9	6663.3	6958.6	   147.0	     1.0	306.3	2939.4	474.9	0.000	0.0	0.0	25269.56	146613.51	171166.820	55502.01	5660.88	5073.80	70.66
OliveGIS	30set19	19:27:45	D:\wx_medgold\wx_agmerra_andalusia\agmerra_1430_210_ESP.txt	-2.6250	37.6250	1	3287	12	30	1988	2467.3	3.9	6107.5	6375.6	   141.0	     1.0	279.9	2846.2	361.4	0.000	0.0	0.0	24361.12	142213.65	160660.013	62838.57	5505.12	4799.56	72.73
OliveGIS	30set19	19:27:51	D:\wx_medgold\wx_agmerra_andalusia\agmerra_1430_211_ESP.txt	-2.6250	37.3750	1	3287	12	30	1988	1508.8	42.2	250.9	419.3	   184.0	     1.0	750.9	3584.7	323.2	0.000	0.0	0.0	847.00	7053.21	1974.904	282.83	56.73	115.31	25.76
OliveGIS	30set19	19:27:56	D:\wx_medgold\wx_agmerra_andalusia\agmerra_1430_212_ESP.txt	-2.6250	37.1250	1	3287	12	30	1988	1826.5	11.7	5410.4	6641.2	   165.0	     1.0	474.5	3550.8	318.6	0.000	0.0	0.0	17080.85	117678.04	126731.398	14961.98	3030.64	3086.89	44.44
OliveGIS	30set19	19:28:03	D:\wx_medgold\wx_agmerra_andalusia\agmerra_1430_213_ESP.txt	-2.6250	36.8750	1	3287	12	30	1988	2647.9	0.0	9722.6	10226.5	   107.0	     1.0	61.9	1606.5	265.3	0.000	0.0	0.0	17160.75	90140.74	39181.132	11653.32	5590.06	6701.33	62.72
OliveGIS	30set19	19:28:11	D:\wx_medgold\wx_agmerra_andalusia\agmerra_1431_209_ESP.txt	-2.3750	37.8750	1	3287	12	30	1988	2000.9	14.0	6297.8	6936.4	   160.0	     1.0	453.0	3347.9	422.2	0.000	0.0	0.0	18591.96	142679.32	142608.931	11748.41	3673.49	3368.65	47.39
OliveGIS	30set19	19:28:17	D:\wx_medgold\wx_agmerra_andalusia\agmerra_1431_210_ESP.txt	-2.3750	37.6250	1	3287	12	30	1988	2159.0	8.2	4835.8	6552.9	   153.0	     1.0	375.9	3210.4	386.0	0.000	0.0	0.0	24609.94	154062.26	215021.499	37823.47	5154.22	4365.92	64.32
OliveGIS	30set19	19:28:22	D:\wx_medgold\wx_agmerra_andalusia\agmerra_1431_211_ESP.txt	-2.3750	37.3750	1	3287	12	30	1988	2126.2	8.6	6417.7	6800.2	   154.0	     1.0	378.9	3272.7	286.2	0.000	0.0	0.0	24828.71	156100.29	204189.159	29144.96	5184.87	4484.46	63.64
OliveGIS	30set19	19:28:29	D:\wx_medgold\wx_agmerra_andalusia\agmerra_1431_212_ESP.txt	-2.3750	37.1250	1	3287	12	30	1988	2494.0	1.2	6046.8	6157.6	   139.0	     1.0	195.1	3054.5	318.8	0.000	0.0	0.0	34642.12	200016.61	202860.407	101025.39	7796.33	5293.55	82.41
OliveGIS	30set19	19:28:36	D:\wx_medgold\wx_agmerra_andalusia\agmerra_1431_213_ESP.txt	-2.3750	36.8750	1	3287	12	30	1988	2644.6	0.0	10087.1	10553.5	   106.0	     1.0	51.2	1476.1	215.8	0.000	0.0	0.0	18038.36	96043.48	41956.335	12702.47	6048.24	7021.94	63.78
OliveGIS	30set19	19:28:45	D:\wx_medgold\wx_agmerra_andalusia\agmerra_1432_209_ESP.txt	-2.1250	37.8750	1	3287	12	30	1988	2139.4	9.6	6970.0	7373.6	   153.0	     1.0	378.3	3251.6	410.3	0.000	0.0	0.0	26519.83	166326.75	219618.257	33419.57	5543.48	4786.48	62.92
OliveGIS	30set19	19:28:52	D:\wx_medgold\wx_agmerra_andalusia\agmerra_1432_210_ESP.txt	-2.1250	37.6250	1	3287	12	30	1988	2404.3	4.5	6359.0	6544.7	   141.0	     1.0	277.2	2973.2	385.3	0.000	0.0	0.0	30521.18	182937.94	197187.318	72266.39	6750.06	5166.67	76.24
OliveGIS	30set19	19:28:58	D:\wx_medgold\wx_agmerra_andalusia\agmerra_1432_211_ESP.txt	-2.1250	37.3750	1	3287	12	30	1988	2392.5	3.6	6267.1	6419.6	   142.0	     1.0	257.7	3066.5	289.8	0.000	0.0	0.0	31736.79	183028.21	198870.664	67429.17	6976.33	5181.71	77.85
OliveGIS	30set19	19:29:05	D:\wx_medgold\wx_agmerra_andalusia\agmerra_1432_212_ESP.txt	-2.1250	37.1250	1	3287	12	30	1988	2629.7	0.1	6631.0	6663.0	   123.0	     1.0	87.1	2803.7	271.8	0.000	0.0	0.0	39853.87	205191.40	126229.839	102521.75	9299.29	6239.62	86.82
OliveGIS	30set19	19:29:15	D:\wx_medgold\wx_agmerra_andalusia\agmerra_1432_213_ESP.txt	-2.1250	36.8750	1	3287	12	30	1988	2669.9	0.0	10372.0	10647.9	    99.0	     1.0	23.3	1176.1	210.1	0.000	0.0	0.0	19642.68	103586.11	45756.859	14204.42	6470.30	7375.40	66.09
OliveGIS	30set19	19:29:23	D:\wx_medgold\wx_agmerra_andalusia\agmerra_1433_211_ESP.txt	-1.8750	37.3750	1	3287	12	30	1988	2632.7	0.4	8994.7	9459.9	   110.0	     1.0	94.9	1803.6	325.9	0.000	0.0	0.0	21183.55	105948.40	43309.760	14275.64	5544.20	6585.63	66.52
OliveGIS	30set19	19:29:32	D:\wx_medgold\wx_agmerra_andalusia\agmerra_1433_212_ESP.txt	-1.8750	37.1250	1	3287	12	30	1988	2658.6	0.0	9947.4	10244.7	   103.0	     1.0	29.7	1506.9	282.0	0.000	0.0	0.0	23630.59	118401.47	52960.525	17261.47	7167.17	7684.28	71.35
