Model	Date	Time	WxFile	Long	Lat	JdStart	DysToOut	Month	Day	Year	dd	ddbZero	FruWgt	fruNum	Bloomday	BloomYr	DDBSum	ChillHD	PrcpYrSum	TempIncr	ddbMinus10	ddbMinus83	OFEgDays	OFLrDays	OFPuDays	OFAdDays	OfPupSum	DamFrSum	PrcntAtkd
OliveGIS	30set19	19:09:56	D:\wx_medgold\wx_agmerra_andalusia\agmerra_1411_210_ESP.txt	-7.3750	37.6250	1	4383	12	31	1991	2635.7	0.0	7337.1	8173.0	   118.0	     1.0	79.6	1954.0	459.2	0.000	0.0	0.0	12274.10	62037.55	23849.138	6913.50	3427.38	4703.92	55.15
OliveGIS	30set19	19:10:08	D:\wx_medgold\wx_agmerra_andalusia\agmerra_1411_211_ESP.txt	-7.3750	37.3750	1	4383	12	31	1991	2649.4	0.0	7570.5	8227.7	   118.0	     1.0	85.0	1966.1	451.9	0.000	0.0	0.0	14370.43	72525.86	28902.805	8380.86	4080.09	5223.35	60.66
OliveGIS	30set19	19:10:16	D:\wx_medgold\wx_agmerra_andalusia\agmerra_1412_209_ESP.txt	-7.1250	37.8750	1	4383	12	31	1991	2627.2	0.0	7926.1	8912.6	   131.0	     1.0	109.2	2180.2	494.6	0.000	0.0	0.0	13406.72	68362.81	24221.511	10914.49	3196.18	4716.88	50.70
OliveGIS	30set19	19:10:23	D:\wx_medgold\wx_agmerra_andalusia\agmerra_1412_210_ESP.txt	-7.1250	37.6250	1	4383	12	31	1991	2641.8	0.0	7429.3	8304.1	   121.0	     1.0	86.8	1980.8	500.1	0.000	0.0	0.0	11061.59	56171.75	21346.940	6195.80	3171.54	4493.98	51.89
OliveGIS	30set19	19:10:31	D:\wx_medgold\wx_agmerra_andalusia\agmerra_1412_211_ESP.txt	-7.1250	37.3750	1	4383	12	31	1991	2638.9	0.0	7704.5	8453.3	   119.0	     1.0	91.1	1943.7	465.2	0.000	0.0	0.0	14318.40	73134.35	29105.110	8352.50	4135.85	5292.15	60.03
OliveGIS	30set19	19:10:38	D:\wx_medgold\wx_agmerra_andalusia\agmerra_1413_208_ESP.txt	-6.8750	38.1250	1	4383	12	31	1991	2623.8	0.1	7680.4	8656.6	   133.0	     1.0	134.0	2242.1	525.9	0.000	0.0	0.0	11703.36	63022.79	21833.385	10230.79	2784.26	4203.77	46.64
OliveGIS	30set19	19:10:45	D:\wx_medgold\wx_agmerra_andalusia\agmerra_1413_209_ESP.txt	-6.8750	37.8750	1	4383	12	31	1991	2634.5	0.0	7543.2	8461.9	   125.0	     1.0	103.4	2136.2	605.0	0.000	0.0	0.0	9934.32	48674.91	17927.780	5370.55	2581.34	4153.56	47.04
OliveGIS	30set19	19:10:53	D:\wx_medgold\wx_agmerra_andalusia\agmerra_1413_210_ESP.txt	-6.8750	37.6250	1	4383	12	31	1991	2643.3	0.0	7798.0	8706.9	   114.0	     1.0	77.5	1901.8	625.5	0.000	0.0	0.0	13738.77	69087.97	27111.505	7109.62	3812.82	5197.55	57.27
OliveGIS	30set19	19:11:01	D:\wx_medgold\wx_agmerra_andalusia\agmerra_1413_211_ESP.txt	-6.8750	37.3750	1	4383	12	31	1991	2654.9	0.0	8111.9	8969.5	   114.0	     1.0	79.6	1815.8	541.8	0.000	0.0	0.0	13424.78	68043.03	26492.362	6851.30	3790.28	5252.57	56.02
OliveGIS	30set19	19:11:11	D:\wx_medgold\wx_agmerra_andalusia\agmerra_1414_209_ESP.txt	-6.6250	37.8750	1	4383	12	31	1991	2633.4	0.1	7977.2	8918.8	   132.0	     1.0	120.7	2249.4	616.1	0.000	0.0	0.0	13373.05	69541.87	24704.793	6943.40	3145.21	4617.90	49.71
OliveGIS	30set19	19:11:19	D:\wx_medgold\wx_agmerra_andalusia\agmerra_1414_210_ESP.txt	-6.6250	37.6250	1	4383	12	31	1991	2657.8	0.0	7363.8	8232.3	   119.0	     1.0	85.8	1977.4	621.6	0.000	0.0	0.0	12226.68	63589.33	24894.842	6487.89	3576.66	4786.69	55.47
OliveGIS	30set19	19:11:27	D:\wx_medgold\wx_agmerra_andalusia\agmerra_1414_211_ESP.txt	-6.6250	37.3750	1	4383	12	31	1991	2653.0	0.0	7608.7	8516.2	   116.0	     1.0	89.2	1803.7	552.7	0.000	0.0	0.0	12532.55	64115.27	25158.843	6617.49	3596.60	4963.96	55.71
OliveGIS	30set19	19:11:36	D:\wx_medgold\wx_agmerra_andalusia\agmerra_1414_212_ESP.txt	-6.6250	37.1250	1	4383	12	31	1991	2664.5	0.0	8976.1	9657.8	   102.0	     1.0	28.1	1694.4	472.6	0.000	0.0	0.0	19535.78	98699.81	42336.245	12049.54	5782.09	6691.65	66.23
OliveGIS	30set19	19:11:43	D:\wx_medgold\wx_agmerra_andalusia\agmerra_1415_209_ESP.txt	-6.3750	37.8750	1	4383	12	31	1991	2634.2	0.1	7981.1	8958.6	   132.0	     1.0	132.5	2218.2	617.3	0.000	0.0	0.0	11223.08	55646.83	19032.033	6358.34	2651.36	4259.32	45.63
OliveGIS	30set19	19:11:51	D:\wx_medgold\wx_agmerra_andalusia\agmerra_1415_210_ESP.txt	-6.3750	37.6250	1	4383	12	31	1991	2660.2	0.0	7300.7	8204.5	   119.0	     1.0	94.1	1963.3	605.1	0.000	0.0	0.0	10175.69	52095.66	19334.343	4912.48	2860.43	4269.95	49.52
OliveGIS	30set19	19:11:59	D:\wx_medgold\wx_agmerra_andalusia\agmerra_1415_211_ESP.txt	-6.3750	37.3750	1	4383	12	31	1991	2657.9	0.0	8004.3	9200.7	   109.0	     1.0	66.7	1614.2	597.9	0.000	0.0	0.0	7639.73	39871.66	16101.385	3627.38	2423.46	3780.81	39.06
OliveGIS	30set19	19:12:08	D:\wx_medgold\wx_agmerra_andalusia\agmerra_1415_212_ESP.txt	-6.3750	37.1250	1	4383	12	31	1991	2674.0	0.0	8887.5	9867.8	    99.0	     1.0	26.6	1430.7	544.5	0.000	0.0	0.0	11609.41	63674.83	25429.548	6195.70	3942.01	5230.64	50.54
OliveGIS	30set19	19:12:17	D:\wx_medgold\wx_agmerra_andalusia\agmerra_1415_213_ESP.txt	-6.3750	36.8750	1	4383	12	31	1991	2659.9	0.0	9408.3	10239.2	   106.0	     1.0	41.7	1647.7	577.0	0.000	0.0	0.0	20057.57	102457.26	44159.075	12670.67	6090.71	7037.31	65.69
OliveGIS	30set19	19:12:25	D:\wx_medgold\wx_agmerra_andalusia\agmerra_1416_209_ESP.txt	-6.1250	37.8750	1	4383	12	31	1991	2628.6	0.2	7952.8	8910.1	   131.0	     1.0	139.2	2205.4	602.2	0.000	0.0	0.0	10294.56	50694.96	17367.103	5880.36	2458.27	4118.46	44.32
OliveGIS	30set19	19:12:33	D:\wx_medgold\wx_agmerra_andalusia\agmerra_1416_210_ESP.txt	-6.1250	37.6250	1	4383	12	31	1991	2649.4	0.0	7326.9	8235.8	   118.0	     1.0	98.6	1936.9	588.7	0.000	0.0	0.0	10378.84	52390.69	19751.936	5050.89	2847.55	4311.14	49.92
OliveGIS	30set19	19:12:41	D:\wx_medgold\wx_agmerra_andalusia\agmerra_1416_211_ESP.txt	-6.1250	37.3750	1	4383	12	31	1991	2658.4	0.0	7816.0	9064.9	   109.0	     1.0	80.2	1592.9	570.0	0.000	0.0	0.0	6735.85	35861.92	14200.840	3319.87	2235.35	3508.30	36.66
OliveGIS	30set19	19:12:50	D:\wx_medgold\wx_agmerra_andalusia\agmerra_1416_212_ESP.txt	-6.1250	37.1250	1	4383	12	31	1991	2663.9	0.0	8571.2	9706.9	   101.0	     1.0	49.5	1440.8	535.8	0.000	0.0	0.0	8862.13	50196.87	19455.053	4646.74	3140.03	4425.20	43.24
OliveGIS	30set19	19:12:59	D:\wx_medgold\wx_agmerra_andalusia\agmerra_1416_213_ESP.txt	-6.1250	36.8750	1	4383	12	31	1991	2656.7	0.2	8367.0	9397.3	   110.0	     1.0	79.2	1585.2	611.3	0.000	0.0	0.0	11380.18	60483.68	24950.939	6208.37	3616.02	5017.05	50.88
OliveGIS	30set19	19:13:08	D:\wx_medgold\wx_agmerra_andalusia\agmerra_1416_214_ESP.txt	-6.1250	36.6250	1	4383	12	31	1991	2646.0	0.0	8920.0	9622.4	   110.0	     1.0	51.6	1894.9	591.4	0.000	0.0	0.0	18300.05	93237.92	39214.644	10812.04	5421.29	6456.99	64.44
OliveGIS	30set19	19:13:17	D:\wx_medgold\wx_agmerra_andalusia\agmerra_1416_215_ESP.txt	-6.1250	36.3750	1	4383	12	31	1991	2654.5	0.0	8395.8	9263.2	   117.0	     1.0	85.5	1829.7	537.1	0.000	0.0	0.0	10880.16	55729.66	21103.326	5333.53	3178.70	4795.33	49.46
OliveGIS	30set19	19:13:26	D:\wx_medgold\wx_agmerra_andalusia\agmerra_1417_208_ESP.txt	-5.8750	38.1250	1	4383	12	31	1991	2623.8	0.6	6769.8	7767.3	   136.0	     1.0	174.4	2168.4	539.2	0.000	0.0	0.0	8668.85	43197.79	14997.471	4936.37	2072.93	3424.16	42.26
OliveGIS	30set19	19:13:33	D:\wx_medgold\wx_agmerra_andalusia\agmerra_1417_209_ESP.txt	-5.8750	37.8750	1	4383	12	31	1991	2628.9	0.2	7903.4	8988.4	   128.0	     1.0	137.4	2081.4	612.8	0.000	0.0	0.0	8055.80	40724.06	15167.636	3858.76	2329.11	3753.16	39.91
OliveGIS	30set19	19:13:41	D:\wx_medgold\wx_agmerra_andalusia\agmerra_1417_210_ESP.txt	-5.8750	37.6250	1	4383	12	31	1991	2641.5	0.1	7262.2	8273.0	   116.0	     1.0	99.7	1824.0	577.3	0.000	0.0	0.0	7945.59	39685.66	15138.983	3635.00	2235.11	3637.42	41.97
OliveGIS	30set19	19:13:50	D:\wx_medgold\wx_agmerra_andalusia\agmerra_1417_211_ESP.txt	-5.8750	37.3750	1	4383	12	31	1991	2668.6	0.0	7765.1	9117.4	   102.0	     1.0	62.0	1333.6	535.7	0.000	0.0	0.0	4623.25	25219.51	9006.697	2609.23	1610.85	2726.89	28.04
OliveGIS	30set19	19:13:59	D:\wx_medgold\wx_agmerra_andalusia\agmerra_1417_212_ESP.txt	-5.8750	37.1250	1	4383	12	31	1991	2659.6	0.0	8573.4	9875.6	   100.0	     1.0	47.8	1272.0	511.5	0.000	0.0	0.0	5989.66	33272.72	12041.649	3380.78	2130.12	3434.27	32.98
OliveGIS	30set19	19:14:10	D:\wx_medgold\wx_agmerra_andalusia\agmerra_1417_213_ESP.txt	-5.8750	36.8750	1	4383	12	31	1991	2653.5	0.0	8767.2	9790.3	   108.0	     1.0	62.0	1614.6	540.9	0.000	0.0	0.0	12795.10	68166.89	28013.048	6957.82	4067.05	5466.45	53.51
OliveGIS	30set19	19:14:19	D:\wx_medgold\wx_agmerra_andalusia\agmerra_1417_214_ESP.txt	-5.8750	36.6250	1	4383	12	31	1991	2659.0	0.0	9158.4	9836.7	   105.0	     1.0	36.6	1807.9	612.1	0.000	0.0	0.0	18643.43	95042.94	40550.951	11257.65	5598.35	6613.25	64.49
OliveGIS	30set19	19:14:26	D:\wx_medgold\wx_agmerra_andalusia\agmerra_1417_215_ESP.txt	-5.8750	36.3750	1	4383	12	31	1991	2663.4	0.0	9187.2	9497.9	   111.0	     1.0	37.9	2254.8	721.9	0.000	0.0	0.0	23423.33	115319.00	49886.092	14153.05	6355.35	7011.23	70.55
OliveGIS	30set19	19:14:34	D:\wx_medgold\wx_agmerra_andalusia\agmerra_1418_208_ESP.txt	-5.6250	38.1250	1	4383	12	31	1991	2635.2	0.5	6824.1	7900.3	   135.0	     1.0	167.9	2091.4	542.7	0.000	0.0	0.0	6955.73	34972.32	12559.469	4485.75	1875.93	3246.45	39.19
OliveGIS	30set19	19:14:41	D:\wx_medgold\wx_agmerra_andalusia\agmerra_1418_209_ESP.txt	-5.6250	37.8750	1	4383	12	31	1991	2644.3	0.2	7543.5	8624.2	   126.0	     1.0	131.9	1982.4	608.0	0.000	0.0	0.0	6859.15	36091.21	12818.181	3172.32	2067.36	3319.79	36.47
OliveGIS	30set19	19:14:49	D:\wx_medgold\wx_agmerra_andalusia\agmerra_1418_210_ESP.txt	-5.6250	37.6250	1	4383	12	31	1991	2647.0	0.1	7294.2	8294.9	   115.0	     1.0	101.0	1785.7	553.5	0.000	0.0	0.0	7257.46	36836.80	14497.603	3397.28	2134.43	3457.15	39.66
OliveGIS	30set19	19:14:58	D:\wx_medgold\wx_agmerra_andalusia\agmerra_1418_211_ESP.txt	-5.6250	37.3750	1	4383	12	31	1991	2653.3	0.0	7927.3	9213.6	   103.0	     1.0	71.3	1403.4	527.3	0.000	0.0	0.0	5288.93	28760.33	10361.544	2791.73	1781.85	3020.52	30.94
OliveGIS	30set19	19:15:07	D:\wx_medgold\wx_agmerra_andalusia\agmerra_1418_212_ESP.txt	-5.6250	37.1250	1	4383	12	31	1991	2663.2	0.0	8363.9	9472.3	   107.0	     1.0	67.2	1596.6	541.5	0.000	0.0	0.0	7837.20	41627.30	16608.197	3825.80	2538.75	3966.48	39.75
OliveGIS	30set19	19:15:15	D:\wx_medgold\wx_agmerra_andalusia\agmerra_1418_213_ESP.txt	-5.6250	36.8750	1	4383	12	31	1991	2644.0	0.1	8053.6	8760.0	   119.0	     1.0	89.0	2014.1	579.4	0.000	0.0	0.0	11584.59	59908.35	22982.853	5765.20	3403.01	4793.66	52.37
OliveGIS	30set19	19:15:23	D:\wx_medgold\wx_agmerra_andalusia\agmerra_1418_214_ESP.txt	-5.6250	36.6250	1	4383	12	31	1991	2644.9	0.0	8635.3	9061.1	   114.0	     1.0	52.5	2182.8	649.8	0.000	0.0	0.0	18837.86	95393.87	41039.401	11198.90	5483.88	6296.60	66.67
OliveGIS	30set19	19:15:31	D:\wx_medgold\wx_agmerra_andalusia\agmerra_1418_215_ESP.txt	-5.6250	36.3750	1	4383	12	31	1991	2653.9	0.0	8977.1	9135.3	   118.0	     1.0	51.3	2493.2	863.9	0.000	0.0	0.0	28932.35	148558.15	67200.941	21035.21	7497.23	7160.27	75.01
OliveGIS	30set19	19:15:38	D:\wx_medgold\wx_agmerra_andalusia\agmerra_1418_216_ESP.txt	-5.6250	36.1250	1	4383	12	31	1991	2674.0	0.0	9845.9	9949.7	   107.0	     1.0	8.9	2538.7	621.8	0.000	0.0	0.0	40895.89	201284.92	99335.639	36539.73	10748.30	8646.24	82.62
OliveGIS	30set19	19:15:45	D:\wx_medgold\wx_agmerra_andalusia\agmerra_1419_207_ESP.txt	-5.3750	38.3750	1	4383	12	31	1991	2616.9	2.0	6612.3	7787.1	   139.0	     1.0	220.7	2111.7	536.3	0.000	0.0	0.0	8031.62	40671.65	14130.213	4304.19	1930.18	3235.31	39.81
OliveGIS	30set19	19:15:52	D:\wx_medgold\wx_agmerra_andalusia\agmerra_1419_208_ESP.txt	-5.3750	38.1250	1	4383	12	31	1991	2610.7	1.0	6594.1	7825.4	   135.0	     1.0	182.7	2012.7	565.2	0.000	0.0	0.0	5168.92	27135.36	9948.547	2542.72	1603.73	2623.38	31.87
OliveGIS	30set19	19:16:01	D:\wx_medgold\wx_agmerra_andalusia\agmerra_1419_209_ESP.txt	-5.3750	37.8750	1	4383	12	31	1991	2649.3	0.1	6904.1	8197.6	   116.0	     1.0	99.4	1665.1	615.2	0.000	0.0	0.0	4327.80	22129.34	8254.070	1712.21	1358.79	2298.33	26.21
OliveGIS	30set19	19:16:09	D:\wx_medgold\wx_agmerra_andalusia\agmerra_1419_210_ESP.txt	-5.3750	37.6250	1	4383	12	31	1991	2660.3	0.0	8143.8	9560.5	   105.0	     1.0	79.2	1460.6	548.0	0.000	0.0	0.0	4469.84	23835.85	7753.724	2004.96	1442.62	2550.33	24.91
OliveGIS	30set19	19:16:18	D:\wx_medgold\wx_agmerra_andalusia\agmerra_1419_211_ESP.txt	-5.3750	37.3750	1	4383	12	31	1991	2651.2	0.0	8048.2	9260.5	   103.0	     1.0	69.7	1412.5	501.2	0.000	0.0	0.0	5521.30	31199.81	11173.056	2609.90	1921.94	3097.06	31.56
OliveGIS	30set19	19:16:27	D:\wx_medgold\wx_agmerra_andalusia\agmerra_1419_212_ESP.txt	-5.3750	37.1250	1	4383	12	31	1991	2651.2	0.0	8110.1	9002.2	   113.0	     1.0	78.4	1832.0	534.5	0.000	0.0	0.0	10471.05	52770.56	20702.058	5081.96	2973.17	4544.87	48.18
OliveGIS	30set19	19:16:34	D:\wx_medgold\wx_agmerra_andalusia\agmerra_1419_213_ESP.txt	-5.3750	36.8750	1	4383	12	31	1991	2588.4	1.3	6965.7	7091.6	   140.0	     1.0	212.0	2791.4	575.7	0.000	0.0	0.0	26445.31	160346.02	158646.680	41029.40	6502.16	5413.92	73.17
OliveGIS	30set19	19:16:42	D:\wx_medgold\wx_agmerra_andalusia\agmerra_1419_214_ESP.txt	-5.3750	36.6250	1	4383	12	31	1991	2559.5	0.0	6983.6	7014.6	   137.0	     1.0	131.0	3054.0	627.4	0.000	0.0	0.0	30136.13	171820.67	152698.729	51121.18	6980.35	5585.62	76.48
OliveGIS	30set19	19:16:50	D:\wx_medgold\wx_agmerra_andalusia\agmerra_1419_215_ESP.txt	-5.3750	36.3750	1	4383	12	31	1991	2660.7	0.0	8832.2	9029.7	   116.0	     1.0	49.1	2359.8	747.5	0.000	0.0	0.0	25897.59	133320.51	60494.845	18424.11	6996.56	6924.21	73.36
OliveGIS	30set19	19:16:57	D:\wx_medgold\wx_agmerra_andalusia\agmerra_1420_206_ESP.txt	-5.1250	38.6250	1	4383	12	31	1991	2621.9	1.0	6118.8	7438.5	   138.0	     1.0	199.3	2062.2	494.2	0.000	0.0	0.0	4660.34	23060.17	8572.397	2766.19	1326.85	2375.32	30.26
OliveGIS	30set19	19:17:04	D:\wx_medgold\wx_agmerra_andalusia\agmerra_1420_207_ESP.txt	-5.1250	38.3750	1	4383	12	31	1991	2612.4	2.0	6845.1	7961.6	   140.0	     1.0	227.1	2166.9	544.6	0.000	0.0	0.0	10015.24	50933.83	17577.982	5692.61	2228.12	3544.10	42.83
OliveGIS	30set19	19:17:12	D:\wx_medgold\wx_agmerra_andalusia\agmerra_1420_208_ESP.txt	-5.1250	38.1250	1	4383	12	31	1991	2621.6	1.1	6749.0	7999.9	   135.0	     1.0	182.9	1994.9	565.1	0.000	0.0	0.0	4872.47	25630.90	9272.555	2604.87	1515.73	2530.09	29.94
OliveGIS	30set19	19:17:21	D:\wx_medgold\wx_agmerra_andalusia\agmerra_1420_209_ESP.txt	-5.1250	37.8750	1	4383	12	31	1991	2644.2	0.1	6956.0	8267.6	   115.0	     1.0	100.9	1631.4	592.0	0.000	0.0	0.0	4389.34	23120.12	9298.317	2079.17	1468.69	2430.73	27.57
OliveGIS	30set19	19:17:29	D:\wx_medgold\wx_agmerra_andalusia\agmerra_1420_210_ESP.txt	-5.1250	37.6250	1	4383	12	31	1991	2649.5	0.0	8036.7	9440.9	   108.0	     1.0	84.6	1509.1	542.5	0.000	0.0	0.0	4495.51	24414.00	8216.301	1992.40	1522.78	2565.21	25.44
OliveGIS	30set19	19:17:39	D:\wx_medgold\wx_agmerra_andalusia\agmerra_1420_211_ESP.txt	-5.1250	37.3750	1	4383	12	31	1991	2646.3	0.0	8403.2	9666.3	   107.0	     1.0	75.8	1495.9	506.4	0.000	0.0	0.0	6043.63	33721.11	12725.136	2944.24	2145.55	3365.14	32.98
OliveGIS	30set19	19:17:47	D:\wx_medgold\wx_agmerra_andalusia\agmerra_1420_212_ESP.txt	-5.1250	37.1250	1	4383	12	31	1991	2642.6	0.0	7779.9	8629.2	   115.0	     1.0	83.9	1848.2	531.3	0.000	0.0	0.0	9896.90	50153.43	19093.990	4759.70	2801.38	4329.61	47.97
OliveGIS	30set19	19:17:55	D:\wx_medgold\wx_agmerra_andalusia\agmerra_1420_213_ESP.txt	-5.1250	36.8750	1	4383	12	31	1991	2594.9	0.6	6990.4	7114.2	   140.0	     1.0	202.6	2776.0	570.0	0.000	0.0	0.0	28043.45	174065.78	164221.419	45456.06	6848.36	5543.66	74.52
OliveGIS	30set19	19:18:02	D:\wx_medgold\wx_agmerra_andalusia\agmerra_1420_214_ESP.txt	-5.1250	36.6250	1	4383	12	31	1991	2632.3	0.0	6916.7	6924.8	   134.0	     1.0	89.9	3009.6	589.8	0.000	0.0	0.0	34302.22	196882.85	158373.052	64699.08	8230.41	5961.21	80.82
OliveGIS	30set19	19:18:10	D:\wx_medgold\wx_agmerra_andalusia\agmerra_1421_206_ESP.txt	-4.8750	38.6250	1	4383	12	31	1991	2607.8	0.9	6219.7	7597.0	   136.0	     1.0	190.5	2000.6	493.3	0.000	0.0	0.0	3876.39	20306.88	7115.242	2134.03	1183.30	2065.73	25.62
OliveGIS	30set19	19:18:18	D:\wx_medgold\wx_agmerra_andalusia\agmerra_1421_207_ESP.txt	-4.8750	38.3750	1	4383	12	31	1991	2608.6	3.3	6780.2	7643.4	   144.0	     1.0	265.7	2318.2	532.2	0.000	0.0	0.0	15788.74	123744.13	57720.492	9140.17	4027.26	4173.86	52.77
OliveGIS	30set19	19:18:26	D:\wx_medgold\wx_agmerra_andalusia\agmerra_1421_208_ESP.txt	-4.8750	38.1250	1	4383	12	31	1991	2606.2	2.0	6387.3	7442.0	   136.0	     1.0	204.3	2058.4	488.9	0.000	0.0	0.0	5691.31	28323.15	10216.745	3044.45	1542.86	2733.10	35.06
OliveGIS	30set19	19:18:34	D:\wx_medgold\wx_agmerra_andalusia\agmerra_1421_209_ESP.txt	-4.8750	37.8750	1	4383	12	31	1991	2633.7	0.2	6974.7	8241.0	   118.0	     1.0	113.5	1699.7	608.7	0.000	0.0	0.0	5030.21	26853.78	10564.728	2333.90	1646.13	2681.70	30.70
OliveGIS	30set19	19:18:44	D:\wx_medgold\wx_agmerra_andalusia\agmerra_1421_210_ESP.txt	-4.8750	37.6250	1	4383	12	31	1991	2643.0	0.1	7216.2	8442.2	   113.0	     1.0	100.5	1671.5	560.3	0.000	0.0	0.0	5382.89	28659.15	11531.594	2526.84	1762.68	2863.95	31.98
OliveGIS	30set19	19:18:53	D:\wx_medgold\wx_agmerra_andalusia\agmerra_1421_211_ESP.txt	-4.8750	37.3750	1	4383	12	31	1991	2636.8	0.1	7237.3	8052.5	   119.0	     1.0	105.0	1929.4	524.6	0.000	0.0	0.0	9317.39	47429.94	17493.886	4328.57	2621.01	4009.50	47.59
OliveGIS	30set19	19:19:02	D:\wx_medgold\wx_agmerra_andalusia\agmerra_1421_212_ESP.txt	-4.8750	37.1250	1	4383	12	31	1991	2639.4	0.1	8601.4	9268.4	   125.0	     1.0	111.0	2202.5	514.7	0.000	0.0	0.0	13778.58	67761.67	25011.382	6753.19	3517.66	5160.23	53.47
OliveGIS	30set19	19:19:11	D:\wx_medgold\wx_agmerra_andalusia\agmerra_1421_213_ESP.txt	-4.8750	36.8750	1	4383	12	31	1991	2640.1	0.0	7745.0	8080.6	   127.0	     1.0	116.6	2349.9	510.5	0.000	0.0	0.0	21781.56	113144.53	47317.665	16794.25	5406.83	5814.72	69.32
OliveGIS	30set19	19:19:20	D:\wx_medgold\wx_agmerra_andalusia\agmerra_1421_214_ESP.txt	-4.8750	36.6250	1	4383	12	31	1991	2659.4	0.0	9198.2	9392.2	   111.0	     1.0	29.5	2323.8	504.9	0.000	0.0	0.0	30263.34	149595.95	69424.628	22127.07	8101.52	7607.88	77.19
OliveGIS	30set19	19:19:27	D:\wx_medgold\wx_agmerra_andalusia\agmerra_1422_207_ESP.txt	-4.6250	38.3750	1	4383	12	31	1991	2608.2	3.6	6779.2	7558.7	   145.0	     1.0	279.9	2356.2	535.4	0.000	0.0	0.0	15872.59	130221.99	79916.218	9706.97	4308.86	4098.13	52.22
OliveGIS	30set19	19:19:36	D:\wx_medgold\wx_agmerra_andalusia\agmerra_1422_208_ESP.txt	-4.6250	38.1250	1	4383	12	31	1991	2607.5	2.1	6414.2	7459.8	   136.0	     1.0	208.2	2044.9	476.3	0.000	0.0	0.0	5679.20	28337.97	10178.223	3007.55	1547.98	2734.06	35.04
OliveGIS	30set19	19:19:45	D:\wx_medgold\wx_agmerra_andalusia\agmerra_1422_209_ESP.txt	-4.6250	37.8750	1	4383	12	31	1991	2627.6	0.2	6901.6	8152.6	   118.0	     1.0	119.2	1696.3	584.1	0.000	0.0	0.0	4687.09	25120.81	9950.801	2224.24	1554.01	2540.45	29.39
OliveGIS	30set19	19:19:55	D:\wx_medgold\wx_agmerra_andalusia\agmerra_1422_210_ESP.txt	-4.6250	37.6250	1	4383	12	31	1991	2643.4	0.1	7036.1	8202.6	   118.0	     1.0	111.4	1758.1	562.8	0.000	0.0	0.0	5764.85	30230.63	11876.207	2845.08	1826.56	3008.98	34.69
OliveGIS	30set19	19:20:05	D:\wx_medgold\wx_agmerra_andalusia\agmerra_1422_211_ESP.txt	-4.6250	37.3750	1	4383	12	31	1991	2638.6	0.0	7786.5	8679.3	   123.0	     1.0	116.6	2005.5	528.2	0.000	0.0	0.0	9880.40	51276.49	19082.162	4723.20	2916.72	4317.81	47.62
OliveGIS	30set19	19:20:14	D:\wx_medgold\wx_agmerra_andalusia\agmerra_1422_212_ESP.txt	-4.6250	37.1250	1	4383	12	31	1991	2632.3	0.1	8417.0	9097.7	   126.0	     1.0	116.9	2183.9	527.9	0.000	0.0	0.0	14118.51	69761.56	26480.225	7410.27	3677.53	5224.94	55.23
OliveGIS	30set19	19:20:23	D:\wx_medgold\wx_agmerra_andalusia\agmerra_1422_213_ESP.txt	-4.6250	36.8750	1	4383	12	31	1991	2642.7	0.0	8024.6	8398.7	   125.0	     1.0	104.7	2262.9	490.0	0.000	0.0	0.0	20503.30	104637.10	42686.081	14314.89	5073.09	5844.30	66.87
OliveGIS	30set19	19:20:32	D:\wx_medgold\wx_agmerra_andalusia\agmerra_1422_214_ESP.txt	-4.6250	36.6250	1	4383	12	31	1991	2663.6	0.0	9335.7	9567.8	   105.0	     1.0	12.5	2082.8	419.6	0.000	0.0	0.0	30662.76	149654.31	72825.198	23893.90	8716.75	7820.31	78.13
OliveGIS	30set19	19:20:41	D:\wx_medgold\wx_agmerra_andalusia\agmerra_1423_208_ESP.txt	-4.3750	38.1250	1	4383	12	31	1991	2616.6	1.6	6563.8	7677.6	   135.0	     1.0	195.6	2024.8	465.9	0.000	0.0	0.0	5886.68	29364.48	10594.699	3104.67	1636.07	2829.08	35.11
OliveGIS	30set19	19:20:51	D:\wx_medgold\wx_agmerra_andalusia\agmerra_1423_209_ESP.txt	-4.3750	37.8750	1	4383	12	31	1991	2634.5	0.1	6739.8	8245.4	   114.0	     1.0	104.0	1518.1	533.9	0.000	0.0	0.0	3674.95	20387.09	7695.016	1833.11	1337.13	2184.38	24.79
OliveGIS	30set19	19:21:01	D:\wx_medgold\wx_agmerra_andalusia\agmerra_1423_210_ESP.txt	-4.3750	37.6250	1	4383	12	31	1991	2648.0	0.0	6862.9	8181.9	   119.0	     1.0	106.7	1723.4	517.6	0.000	0.0	0.0	4686.06	24893.21	9955.759	2345.30	1524.20	2576.24	29.62
OliveGIS	30set19	19:21:10	D:\wx_medgold\wx_agmerra_andalusia\agmerra_1423_211_ESP.txt	-4.3750	37.3750	1	4383	12	31	1991	2635.6	0.2	7206.9	8072.8	   131.0	     1.0	147.3	2110.8	457.7	0.000	0.0	0.0	8409.23	42632.41	15527.648	4065.11	2326.40	3717.37	43.95
OliveGIS	30set19	19:21:19	D:\wx_medgold\wx_agmerra_andalusia\agmerra_1423_212_ESP.txt	-4.3750	37.1250	1	4383	12	31	1991	2632.6	0.1	7536.9	8250.6	   128.0	     1.0	135.1	2168.7	472.9	0.000	0.0	0.0	10712.75	53656.04	19844.929	5567.24	2833.69	4297.95	49.91
OliveGIS	30set19	19:21:28	D:\wx_medgold\wx_agmerra_andalusia\agmerra_1423_213_ESP.txt	-4.3750	36.8750	1	4383	12	31	1991	2634.9	0.0	7503.0	7953.3	   127.0	     1.0	129.8	2165.8	490.7	0.000	0.0	0.0	13317.87	65641.44	24905.854	7617.51	3331.37	4657.49	56.29
OliveGIS	30set19	19:21:37	D:\wx_medgold\wx_agmerra_andalusia\agmerra_1424_207_ESP.txt	-4.1250	38.3750	1	4383	12	31	1991	2610.8	3.1	6866.1	7889.8	   144.0	     1.0	254.9	2213.7	471.6	0.000	0.0	0.0	14176.97	83295.67	28796.977	8294.07	2752.29	3896.86	47.84
OliveGIS	30set19	19:21:46	D:\wx_medgold\wx_agmerra_andalusia\agmerra_1424_208_ESP.txt	-4.1250	38.1250	1	4383	12	31	1991	2622.7	1.9	6397.8	7502.6	   136.0	     1.0	205.9	2026.3	430.4	0.000	0.0	0.0	5752.82	28925.36	10369.115	2825.29	1606.17	2778.72	35.25
OliveGIS	30set19	19:21:55	D:\wx_medgold\wx_agmerra_andalusia\agmerra_1424_209_ESP.txt	-4.1250	37.8750	1	4383	12	31	1991	2637.0	0.1	6695.3	8110.2	   118.0	     1.0	117.3	1606.9	506.2	0.000	0.0	0.0	3369.28	17873.99	7563.377	1628.30	1178.80	1965.36	22.54
OliveGIS	30set19	19:22:04	D:\wx_medgold\wx_agmerra_andalusia\agmerra_1424_210_ESP.txt	-4.1250	37.6250	1	4383	12	31	1991	2645.4	0.0	7069.9	8340.9	   126.0	     1.0	132.2	1933.4	516.8	0.000	0.0	0.0	6845.40	35070.51	11838.901	2927.69	1929.27	3288.98	37.46
OliveGIS	30set19	19:22:12	D:\wx_medgold\wx_agmerra_andalusia\agmerra_1424_211_ESP.txt	-4.1250	37.3750	1	4383	12	31	1991	2626.1	0.4	6581.0	7236.8	   137.0	     1.0	178.8	2293.5	458.9	0.000	0.0	0.0	15212.32	77956.19	29615.542	12078.29	3354.82	4403.21	58.69
OliveGIS	30set19	19:22:20	D:\wx_medgold\wx_agmerra_andalusia\agmerra_1424_212_ESP.txt	-4.1250	37.1250	1	4383	12	31	1991	2630.9	0.2	6842.4	7454.6	   133.0	     1.0	151.5	2238.3	467.2	0.000	0.0	0.0	13203.49	64928.79	24345.123	8836.31	3016.26	4285.09	55.32
OliveGIS	30set19	19:22:32	D:\wx_medgold\wx_agmerra_andalusia\agmerra_1424_213_ESP.txt	-4.1250	36.8750	1	4383	12	31	1991	2634.7	0.0	7229.8	7611.1	   129.0	     1.0	131.4	2218.4	471.8	0.000	0.0	0.0	16110.09	79798.35	30463.271	10889.41	3763.63	4893.40	61.80
OliveGIS	30set19	19:22:41	D:\wx_medgold\wx_agmerra_andalusia\agmerra_1425_207_ESP.txt	-3.8750	38.3750	1	4383	12	31	1991	2614.6	1.1	6205.7	7468.2	   137.0	     1.0	195.3	2039.5	468.7	0.000	0.0	0.0	5236.82	26256.66	9710.766	3287.17	1482.56	2586.30	32.92
OliveGIS	30set19	19:22:50	D:\wx_medgold\wx_agmerra_andalusia\agmerra_1425_208_ESP.txt	-3.8750	38.1250	1	4383	12	31	1991	2622.3	0.4	7386.3	8979.3	   129.0	     1.0	157.8	1855.0	434.9	0.000	0.0	0.0	4686.87	22079.17	7484.764	1903.62	1179.58	2417.27	25.38
OliveGIS	30set19	19:23:00	D:\wx_medgold\wx_agmerra_andalusia\agmerra_1425_209_ESP.txt	-3.8750	37.8750	1	4383	12	31	1991	2628.5	0.0	6350.2	8126.3	   120.0	     1.0	119.7	1532.8	471.7	0.000	0.0	0.0	1758.83	9869.64	4094.020	881.84	726.79	1181.22	13.07
OliveGIS	30set19	19:23:09	D:\wx_medgold\wx_agmerra_andalusia\agmerra_1425_210_ESP.txt	-3.8750	37.6250	1	4383	12	31	1991	2633.9	0.1	6628.9	8105.3	   132.0	     1.0	145.7	1928.5	514.1	0.000	0.0	0.0	5055.11	25685.00	8281.452	2063.16	1411.61	2563.68	29.90
OliveGIS	30set19	19:23:18	D:\wx_medgold\wx_agmerra_andalusia\agmerra_1425_211_ESP.txt	-3.8750	37.3750	1	4383	12	31	1991	2613.2	1.4	6944.0	7750.2	   140.0	     1.0	217.8	2274.1	350.8	0.000	0.0	0.0	15524.52	80947.94	30503.118	11741.86	3252.53	4384.08	54.70
OliveGIS	30set19	19:23:27	D:\wx_medgold\wx_agmerra_andalusia\agmerra_1425_212_ESP.txt	-3.8750	37.1250	1	4383	12	31	1991	2621.2	0.5	6669.3	7436.3	   135.0	     1.0	178.0	2157.2	350.2	0.000	0.0	0.0	9702.44	47335.07	17524.435	6681.19	2402.07	3705.01	47.83
OliveGIS	30set19	19:23:37	D:\wx_medgold\wx_agmerra_andalusia\agmerra_1425_213_ESP.txt	-3.8750	36.8750	1	4383	12	31	1991	2634.7	0.1	7676.9	8623.5	   126.0	     1.0	145.1	1821.2	417.1	0.000	0.0	0.0	7434.17	38020.21	13299.855	3787.54	2141.01	3581.79	39.66
OliveGIS	30set19	19:23:47	D:\wx_medgold\wx_agmerra_andalusia\agmerra_1426_207_ESP.txt	-3.6250	38.3750	1	4383	12	31	1991	2623.2	1.2	6635.4	7919.4	   139.0	     1.0	206.9	2075.2	446.0	0.000	0.0	0.0	5580.37	28149.67	9917.104	3504.37	1504.17	2699.39	32.39
OliveGIS	30set19	19:23:55	D:\wx_medgold\wx_agmerra_andalusia\agmerra_1426_208_ESP.txt	-3.6250	38.1250	1	4383	12	31	1991	2627.7	0.5	6502.9	7847.9	   134.0	     1.0	172.1	1952.5	408.3	0.000	0.0	0.0	4903.41	25453.52	8722.102	2296.23	1449.74	2497.48	30.05
OliveGIS	30set19	19:24:05	D:\wx_medgold\wx_agmerra_andalusia\agmerra_1426_209_ESP.txt	-3.6250	37.8750	1	4383	12	31	1991	2629.1	0.1	6810.9	8630.4	   126.0	     1.0	137.5	1698.3	457.2	0.000	0.0	0.0	2525.73	13040.62	5086.244	1285.56	845.18	1566.16	16.65
OliveGIS	30set19	19:24:14	D:\wx_medgold\wx_agmerra_andalusia\agmerra_1426_210_ESP.txt	-3.6250	37.6250	1	4383	12	31	1991	2623.6	0.2	6201.2	7370.0	   137.0	     1.0	177.0	2113.5	493.8	0.000	0.0	0.0	5702.26	28929.40	10382.345	3799.87	1585.17	2731.94	35.29
OliveGIS	30set19	19:24:22	D:\wx_medgold\wx_agmerra_andalusia\agmerra_1426_211_ESP.txt	-3.6250	37.3750	1	4383	12	31	1991	2616.5	2.8	6716.0	7287.2	   146.0	     1.0	290.2	2438.1	350.3	0.000	0.0	0.0	18311.81	129965.03	118778.337	19429.40	4896.74	4627.78	60.90
OliveGIS	30set19	19:24:30	D:\wx_medgold\wx_agmerra_andalusia\agmerra_1426_212_ESP.txt	-3.6250	37.1250	1	4383	12	31	1991	2623.2	1.2	6739.0	7401.5	   140.0	     1.0	212.5	2304.5	406.9	0.000	0.0	0.0	16952.48	109090.26	45127.014	14230.91	4085.49	4543.95	59.20
OliveGIS	30set19	19:24:39	D:\wx_medgold\wx_agmerra_andalusia\agmerra_1426_213_ESP.txt	-3.6250	36.8750	1	4383	12	31	1991	2637.2	0.1	6810.5	7601.7	   131.0	     1.0	164.9	1969.4	406.3	0.000	0.0	0.0	7431.48	37830.07	13753.749	4464.07	2133.61	3392.61	42.53
OliveGIS	30set19	19:24:49	D:\wx_medgold\wx_agmerra_andalusia\agmerra_1427_207_ESP.txt	-3.3750	38.3750	1	4383	12	31	1991	2618.5	0.7	6322.7	7634.3	   136.0	     1.0	181.4	1990.7	447.1	0.000	0.0	0.0	4683.67	24476.02	8797.023	2401.75	1434.13	2396.47	29.71
OliveGIS	30set19	19:24:58	D:\wx_medgold\wx_agmerra_andalusia\agmerra_1427_208_ESP.txt	-3.3750	38.1250	1	4383	12	31	1991	2633.7	0.2	7057.2	8585.4	   131.0	     1.0	154.1	1853.9	419.1	0.000	0.0	0.0	5174.16	26253.50	8713.153	2343.85	1441.91	2651.41	29.12
OliveGIS	30set19	19:25:09	D:\wx_medgold\wx_agmerra_andalusia\agmerra_1427_209_ESP.txt	-3.3750	37.8750	1	4383	12	31	1991	2630.2	0.1	7403.0	8949.9	   128.0	     1.0	141.1	1827.4	359.3	0.000	0.0	0.0	4851.32	24097.04	8091.941	2012.02	1324.95	2551.24	26.86
OliveGIS	30set19	19:25:17	D:\wx_medgold\wx_agmerra_andalusia\agmerra_1427_210_ESP.txt	-3.3750	37.6250	1	4383	12	31	1991	2622.8	0.3	6858.1	7760.0	   140.0	     1.0	192.7	2285.1	388.4	0.000	0.0	0.0	16657.22	85566.45	33644.535	15307.13	3680.09	4764.07	59.38
OliveGIS	30set19	19:25:25	D:\wx_medgold\wx_agmerra_andalusia\agmerra_1427_211_ESP.txt	-3.3750	37.3750	1	4383	12	31	1991	1997.8	20.0	3617.3	3927.0	   167.0	     1.0	633.2	2879.4	227.5	0.000	0.0	0.0	8360.60	55521.70	80798.791	10943.21	1539.33	1885.04	46.10
OliveGIS	30set19	19:25:31	D:\wx_medgold\wx_agmerra_andalusia\agmerra_1427_212_ESP.txt	-3.3750	37.1250	1	4383	12	31	1991	2151.6	12.3	4549.1	6809.8	   163.0	     1.0	513.0	2855.7	554.3	0.000	0.0	0.0	14804.88	95705.54	131968.004	14548.79	2941.51	3426.30	49.11
OliveGIS	30set19	19:25:38	D:\wx_medgold\wx_agmerra_andalusia\agmerra_1427_213_ESP.txt	-3.3750	36.8750	1	4383	12	31	1991	2621.5	3.5	6373.4	6836.8	   148.0	     1.0	341.7	2413.4	512.6	0.000	0.0	0.0	18856.29	126188.79	153579.206	17283.27	4877.58	4497.43	62.84
OliveGIS	30set19	19:25:47	D:\wx_medgold\wx_agmerra_andalusia\agmerra_1428_207_ESP.txt	-3.1250	38.3750	1	4383	12	31	1991	2615.9	1.2	6711.2	7818.2	   141.0	     1.0	211.6	2191.8	428.2	0.000	0.0	0.0	10746.72	53412.31	20300.298	8986.26	2365.72	3608.65	44.55
OliveGIS	30set19	19:25:55	D:\wx_medgold\wx_agmerra_andalusia\agmerra_1428_208_ESP.txt	-3.1250	38.1250	1	4383	12	31	1991	2625.7	0.5	6647.7	7764.5	   139.0	     1.0	191.7	2160.0	433.6	0.000	0.0	0.0	10174.92	51024.65	19042.383	7401.43	2334.98	3597.91	44.57
OliveGIS	30set19	19:26:03	D:\wx_medgold\wx_agmerra_andalusia\agmerra_1428_209_ESP.txt	-3.1250	37.8750	1	4383	12	31	1991	2627.9	0.2	6413.9	7487.2	   137.0	     1.0	172.3	2095.6	365.1	0.000	0.0	0.0	7906.96	38711.31	14267.603	5795.96	2024.89	3320.99	42.49
OliveGIS	30set19	19:26:12	D:\wx_medgold\wx_agmerra_andalusia\agmerra_1428_210_ESP.txt	-3.1250	37.6250	1	4383	12	31	1991	2618.5	0.6	6630.1	7347.9	   143.0	     1.0	217.4	2391.7	365.7	0.000	0.0	0.0	19237.80	130478.37	87958.773	27380.05	5424.15	4914.79	64.19
OliveGIS	30set19	19:26:18	D:\wx_medgold\wx_agmerra_andalusia\agmerra_1428_211_ESP.txt	-3.1250	37.3750	1	4383	12	31	1991	1975.3	18.5	4991.0	5557.1	   168.0	     1.0	625.6	2922.2	224.9	0.000	0.0	0.0	13548.99	96517.13	115210.962	16842.75	2253.81	2707.77	46.96
OliveGIS	30set19	19:26:24	D:\wx_medgold\wx_agmerra_andalusia\agmerra_1428_212_ESP.txt	-3.1250	37.1250	1	4383	12	31	1991	2192.2	7.5	4064.5	5238.2	   162.0	     1.0	460.1	2895.3	417.1	0.000	0.0	0.0	13097.05	80801.24	110213.254	14459.32	2672.93	2956.68	55.18
OliveGIS	30set19	19:26:32	D:\wx_medgold\wx_agmerra_andalusia\agmerra_1428_213_ESP.txt	-3.1250	36.8750	1	4383	12	31	1991	2619.5	1.2	6524.2	7003.4	   145.0	     1.0	247.8	2410.2	348.3	0.000	0.0	0.0	19771.75	128974.37	103023.964	25236.94	5324.32	4801.29	65.56
OliveGIS	30set19	19:26:40	D:\wx_medgold\wx_agmerra_andalusia\agmerra_1429_207_ESP.txt	-2.8750	38.3750	1	4383	12	31	1991	2604.0	4.6	6456.6	7167.1	   148.0	     1.0	350.7	2362.2	391.8	0.000	0.0	0.0	18513.19	141762.40	128122.962	24040.39	4548.56	4417.79	59.22
OliveGIS	30set19	19:26:47	D:\wx_medgold\wx_agmerra_andalusia\agmerra_1429_208_ESP.txt	-2.8750	38.1250	1	4383	12	31	1991	2593.4	3.6	6276.7	6937.8	   149.0	     1.0	362.4	2407.2	446.7	0.000	0.0	0.0	18740.65	140978.21	151144.175	20579.45	4774.16	4479.41	62.27
OliveGIS	30set19	19:26:54	D:\wx_medgold\wx_agmerra_andalusia\agmerra_1429_209_ESP.txt	-2.8750	37.8750	1	4383	12	31	1991	2534.5	2.5	6237.8	6722.2	   150.0	     1.0	344.0	2538.0	416.2	0.000	0.0	0.0	23489.73	174780.96	172790.733	33981.05	5667.70	4819.17	70.09
OliveGIS	30set19	19:27:00	D:\wx_medgold\wx_agmerra_andalusia\agmerra_1429_210_ESP.txt	-2.8750	37.6250	1	4383	12	31	1991	2439.3	3.2	6247.0	6597.2	   152.0	     1.0	365.4	2691.3	303.4	0.000	0.0	0.0	20041.28	145373.28	152889.517	27229.92	4351.71	4143.70	61.95
OliveGIS	30set19	19:27:06	D:\wx_medgold\wx_agmerra_andalusia\agmerra_1429_211_ESP.txt	-2.8750	37.3750	1	4383	12	31	1991	1493.1	61.7	38.3	41.9	   183.0	     1.0	963.8	3128.0	306.3	0.000	0.0	0.0	1086.28	5244.16	5222.339	1323.74	198.53	132.45	86.26
OliveGIS	30set19	19:27:11	D:\wx_medgold\wx_agmerra_andalusia\agmerra_1429_212_ESP.txt	-2.8750	37.1250	1	4383	12	31	1991	1721.8	22.2	1111.7	1454.7	   176.0	     1.0	686.0	3213.0	351.0	0.000	0.0	0.0	4302.74	29380.35	57962.668	5748.80	824.83	813.02	50.66
OliveGIS	30set19	19:27:18	D:\wx_medgold\wx_agmerra_andalusia\agmerra_1429_213_ESP.txt	-2.8750	36.8750	1	4383	12	31	1991	2656.3	0.0	7940.8	8748.5	   125.0	     1.0	111.8	1955.4	311.6	0.000	0.0	0.0	8870.78	46588.75	17325.901	4098.15	2701.93	4078.39	44.33
OliveGIS	30set19	19:27:26	D:\wx_medgold\wx_agmerra_andalusia\agmerra_1430_207_ESP.txt	-2.6250	38.3750	1	4383	12	31	1991	2453.4	6.2	6543.7	7108.5	   154.0	     1.0	424.7	2522.4	417.1	0.000	0.0	0.0	18778.74	129727.46	145916.657	25741.81	4576.15	4460.57	61.76
OliveGIS	30set19	19:27:33	D:\wx_medgold\wx_agmerra_andalusia\agmerra_1430_208_ESP.txt	-2.6250	38.1250	1	4383	12	31	1991	2386.4	5.7	6496.8	7005.8	   157.0	     1.0	430.4	2608.9	528.0	0.000	0.0	0.0	21005.92	150187.68	156173.165	33977.87	4475.86	4371.82	61.60
OliveGIS	30set19	19:27:39	D:\wx_medgold\wx_agmerra_andalusia\agmerra_1430_209_ESP.txt	-2.6250	37.8750	1	4383	12	31	1991	2364.0	3.6	6327.5	6716.9	   157.0	     1.0	394.3	2715.6	417.6	0.000	0.0	0.0	20791.32	150210.24	140219.310	27971.80	4312.39	4202.15	61.81
OliveGIS	30set19	19:27:46	D:\wx_medgold\wx_agmerra_andalusia\agmerra_1430_210_ESP.txt	-2.6250	37.6250	1	4383	12	31	1991	2396.4	3.3	6148.2	6495.9	   155.0	     1.0	369.6	2752.0	298.2	0.000	0.0	0.0	20288.32	138519.43	153821.694	33336.72	4282.10	4165.82	63.20
OliveGIS	30set19	19:27:52	D:\wx_medgold\wx_agmerra_andalusia\agmerra_1430_211_ESP.txt	-2.6250	37.3750	1	4383	12	31	1991	1517.9	48.7	79.7	87.7	   183.0	     1.0	901.6	3215.3	281.6	0.000	0.0	0.0	2861.66	14216.68	17795.255	3694.50	538.15	356.30	84.00
OliveGIS	30set19	19:27:57	D:\wx_medgold\wx_agmerra_andalusia\agmerra_1430_212_ESP.txt	-2.6250	37.1250	1	4383	12	31	1991	1797.8	11.2	4147.0	5161.3	   173.0	     1.0	578.2	3303.8	285.2	0.000	0.0	0.0	13867.36	89870.80	141297.457	22119.60	2493.73	2700.84	49.72
OliveGIS	30set19	19:28:03	D:\wx_medgold\wx_agmerra_andalusia\agmerra_1430_213_ESP.txt	-2.6250	36.8750	1	4383	12	31	1991	2648.6	0.0	7797.9	8564.6	   119.0	     1.0	79.7	1788.6	230.2	0.000	0.0	0.0	9852.25	52677.53	20066.276	5128.77	3083.12	4468.94	49.94
OliveGIS	30set19	19:28:12	D:\wx_medgold\wx_agmerra_andalusia\agmerra_1431_209_ESP.txt	-2.3750	37.8750	1	4383	12	31	1991	1989.0	12.5	4932.5	5500.7	   168.0	     1.0	575.2	2979.5	359.0	0.000	0.0	0.0	15059.46	107441.24	132200.364	15963.94	2579.74	2928.12	51.46
OliveGIS	30set19	19:28:17	D:\wx_medgold\wx_agmerra_andalusia\agmerra_1431_210_ESP.txt	-2.3750	37.6250	1	4383	12	31	1991	2103.6	7.9	2955.8	3614.9	   164.0	     1.0	489.0	2954.8	333.3	0.000	0.0	0.0	11000.87	70830.61	103487.673	19802.44	2274.80	2260.91	60.57
OliveGIS	30set19	19:28:23	D:\wx_medgold\wx_agmerra_andalusia\agmerra_1431_211_ESP.txt	-2.3750	37.3750	1	4383	12	31	1991	2081.8	7.8	4139.8	4570.4	   164.0	     1.0	480.0	3013.1	242.4	0.000	0.0	0.0	14685.24	100354.07	128758.741	20243.87	2863.40	2811.45	59.59
OliveGIS	30set19	19:28:29	D:\wx_medgold\wx_agmerra_andalusia\agmerra_1431_212_ESP.txt	-2.3750	37.1250	1	4383	12	31	1991	2417.1	0.3	6437.5	6573.2	   150.0	     1.0	242.1	3006.8	275.5	0.000	0.0	0.0	25534.13	157356.51	194684.659	54700.81	5537.01	4784.40	71.32
OliveGIS	30set19	19:28:37	D:\wx_medgold\wx_agmerra_andalusia\agmerra_1431_213_ESP.txt	-2.3750	36.8750	1	4383	12	31	1991	2658.9	0.0	7974.0	8763.2	   118.0	     1.0	68.4	1655.8	167.1	0.000	0.0	0.0	10203.45	55907.98	21575.521	5809.79	3380.66	4716.14	51.46
OliveGIS	30set19	19:28:46	D:\wx_medgold\wx_agmerra_andalusia\agmerra_1432_209_ESP.txt	-2.1250	37.8750	1	4383	12	31	1991	2083.1	8.1	4416.7	4837.3	   165.0	     1.0	489.3	3000.5	350.0	0.000	0.0	0.0	14176.63	95090.49	129952.797	21689.53	2920.73	2936.37	58.88
OliveGIS	30set19	19:28:52	D:\wx_medgold\wx_agmerra_andalusia\agmerra_1432_210_ESP.txt	-2.1250	37.6250	1	4383	12	31	1991	2303.9	3.2	6481.2	6725.9	   157.0	     1.0	364.8	2909.4	335.4	0.000	0.0	0.0	20209.05	132690.08	155874.644	31775.27	4088.04	4122.67	60.35
OliveGIS	30set19	19:28:59	D:\wx_medgold\wx_agmerra_andalusia\agmerra_1432_211_ESP.txt	-2.1250	37.3750	1	4383	12	31	1991	2309.2	1.9	6325.2	6498.5	   156.0	     1.0	326.8	2984.5	240.5	0.000	0.0	0.0	21501.27	129069.45	170939.186	38189.83	4616.29	4383.52	66.18
OliveGIS	30set19	19:29:06	D:\wx_medgold\wx_agmerra_andalusia\agmerra_1432_212_ESP.txt	-2.1250	37.1250	1	4383	12	31	1991	2632.5	0.0	6831.0	6931.5	   138.0	     1.0	117.7	2868.2	227.2	0.000	0.0	0.0	33000.34	212332.57	181888.231	80916.06	8342.66	5768.28	79.08
OliveGIS	30set19	19:29:16	D:\wx_medgold\wx_agmerra_andalusia\agmerra_1432_213_ESP.txt	-2.1250	36.8750	1	4383	12	31	1991	2668.0	0.0	9774.3	10568.9	   106.0	     1.0	32.0	1358.0	163.8	0.000	0.0	0.0	12685.17	70902.55	28480.835	8712.84	4401.97	5967.59	53.92
OliveGIS	30set19	19:29:24	D:\wx_medgold\wx_agmerra_andalusia\agmerra_1433_211_ESP.txt	-1.8750	37.3750	1	4383	12	31	1991	2642.5	0.2	6854.6	7554.7	   128.0	     1.0	130.0	1939.6	285.6	0.000	0.0	0.0	11017.65	59121.39	24041.540	6656.92	3377.29	4380.88	55.45
OliveGIS	30set19	19:29:33	D:\wx_medgold\wx_agmerra_andalusia\agmerra_1433_212_ESP.txt	-1.8750	37.1250	1	4383	12	31	1991	2664.5	0.0	8796.1	9395.4	   113.0	     1.0	42.2	1655.1	245.4	0.000	0.0	0.0	14972.40	80759.27	33518.536	9070.26	4840.54	5988.35	60.79
