Model	Date	Time	WxFile	Long	Lat	JdStart	DysToOut	Month	Day	Year	dd	ddbZero	FruWgt	fruNum	Bloomday	BloomYr	DDBSum	ChillHD	PrcpYrSum	TempIncr	ddbMinus10	ddbMinus83	OFEgDays	OFLrDays	OFPuDays	OFAdDays	OfPupSum	DamFrSum	PrcntAtkd
OliveGIS	30set19	19:10:03	D:\wx_medgold\wx_agmerra_andalusia\agmerra_1411_210_ESP.txt	-7.3750	37.6250	1	11323	12	31	2010	2645.8	0.1	8833.2	9674.1	   112.0	     1.0	58.2	1937.9	851.6	0.000	0.0	0.0	11226.12	59432.35	22485.733	5889.30	3531.42	5025.26	49.52
OliveGIS	30set19	19:10:13	D:\wx_medgold\wx_agmerra_andalusia\agmerra_1411_211_ESP.txt	-7.3750	37.3750	1	11323	12	31	2010	2666.3	0.0	8376.2	8727.9	   103.0	     1.0	17.4	2112.5	868.4	0.000	0.0	0.0	23614.41	122033.85	55754.535	16767.52	6738.33	6670.33	73.41
OliveGIS	30set19	19:10:20	D:\wx_medgold\wx_agmerra_andalusia\agmerra_1412_209_ESP.txt	-7.1250	37.8750	1	11323	12	31	2010	2629.6	0.3	6955.4	7653.9	   118.0	     1.0	79.8	2176.8	913.7	0.000	0.0	0.0	16499.79	86418.77	36606.974	10940.30	4573.35	5226.75	65.26
OliveGIS	30set19	19:10:28	D:\wx_medgold\wx_agmerra_andalusia\agmerra_1412_210_ESP.txt	-7.1250	37.6250	1	11323	12	31	2010	2634.8	0.1	8045.8	8843.6	   114.0	     1.0	64.1	1985.0	932.6	0.000	0.0	0.0	12109.06	63381.92	24812.051	6610.36	3768.81	5044.07	54.56
OliveGIS	30set19	19:10:35	D:\wx_medgold\wx_agmerra_andalusia\agmerra_1412_211_ESP.txt	-7.1250	37.3750	1	11323	12	31	2010	2659.9	0.0	8360.6	8749.2	   103.0	     1.0	19.8	2104.2	879.2	0.000	0.0	0.0	22741.57	118780.70	53996.274	15974.50	6564.02	6607.16	72.31
OliveGIS	30set19	19:10:42	D:\wx_medgold\wx_agmerra_andalusia\agmerra_1413_208_ESP.txt	-6.8750	38.1250	1	11323	12	31	2010	2623.6	0.7	7213.8	7929.8	   126.0	     1.0	115.9	2399.4	991.8	0.000	0.0	0.0	21814.71	119755.85	55358.874	14827.90	5582.07	5538.61	67.15
OliveGIS	30set19	19:10:50	D:\wx_medgold\wx_agmerra_andalusia\agmerra_1413_209_ESP.txt	-6.8750	37.8750	1	11323	12	31	2010	2639.9	0.1	8600.9	9533.7	   110.0	     1.0	62.9	1816.1	1030.5	0.000	0.0	0.0	11590.02	61295.98	23099.397	6634.00	3554.85	5133.21	51.49
OliveGIS	30set19	19:10:58	D:\wx_medgold\wx_agmerra_andalusia\agmerra_1413_210_ESP.txt	-6.8750	37.6250	1	11323	12	31	2010	2664.2	0.0	8563.5	9446.6	   103.0	     1.0	46.9	1576.9	1086.1	0.000	0.0	0.0	10052.22	56627.33	22648.966	6688.90	3508.72	4845.10	48.78
OliveGIS	30set19	19:11:09	D:\wx_medgold\wx_agmerra_andalusia\agmerra_1413_211_ESP.txt	-6.8750	37.3750	1	11323	12	31	2010	2675.9	0.0	9703.5	10216.7	    97.0	     1.0	17.7	1709.0	979.4	0.000	0.0	0.0	22187.45	112873.26	49387.337	15743.94	6732.05	7386.70	69.17
OliveGIS	30set19	19:11:16	D:\wx_medgold\wx_agmerra_andalusia\agmerra_1414_209_ESP.txt	-6.6250	37.8750	1	11323	12	31	2010	2637.1	0.2	8413.0	9316.7	   113.0	     1.0	74.0	1929.4	1065.2	0.000	0.0	0.0	13916.58	74650.25	30705.997	9310.76	4572.98	5692.53	58.30
OliveGIS	30set19	19:11:24	D:\wx_medgold\wx_agmerra_andalusia\agmerra_1414_210_ESP.txt	-6.6250	37.6250	1	11323	12	31	2010	2652.5	0.0	8496.6	9418.3	   105.0	     1.0	52.3	1653.4	1070.7	0.000	0.0	0.0	9881.11	53538.73	22272.764	6421.56	3419.01	4769.42	48.33
OliveGIS	30set19	19:11:32	D:\wx_medgold\wx_agmerra_andalusia\agmerra_1414_211_ESP.txt	-6.6250	37.3750	1	11323	12	31	2010	2678.0	0.0	10512.1	11144.4	    99.0	     1.0	21.5	1710.4	980.5	0.000	0.0	0.0	23035.42	118363.74	51501.727	16354.79	7072.98	7931.75	68.06
OliveGIS	30set19	19:11:40	D:\wx_medgold\wx_agmerra_andalusia\agmerra_1414_212_ESP.txt	-6.6250	37.1250	1	11323	12	31	2010	2702.5	0.0	8792.8	9067.6	    83.0	     1.0	2.3	1440.8	853.0	0.000	0.0	0.0	32368.14	151887.30	70097.615	25571.68	8590.66	7589.21	79.75
OliveGIS	30set19	19:11:48	D:\wx_medgold\wx_agmerra_andalusia\agmerra_1415_209_ESP.txt	-6.3750	37.8750	1	11323	12	31	2010	2633.9	0.2	8252.5	9152.2	   114.0	     1.0	81.6	2000.8	1019.1	0.000	0.0	0.0	13124.02	71034.84	29041.568	8510.21	4372.44	5510.52	57.31
OliveGIS	30set19	19:11:56	D:\wx_medgold\wx_agmerra_andalusia\agmerra_1415_210_ESP.txt	-6.3750	37.6250	1	11323	12	31	2010	2643.3	0.1	8571.7	9540.8	   105.0	     1.0	56.9	1697.8	998.3	0.000	0.0	0.0	8051.57	45102.34	18428.734	5246.59	2905.41	4219.69	42.12
OliveGIS	30set19	19:12:04	D:\wx_medgold\wx_agmerra_andalusia\agmerra_1415_211_ESP.txt	-6.3750	37.3750	1	11323	12	31	2010	2647.6	0.0	10069.4	10961.6	    99.0	     1.0	28.8	1579.7	964.9	0.000	0.0	0.0	15281.59	84450.74	35904.686	11105.88	5292.79	6540.26	57.35
OliveGIS	30set19	19:12:14	D:\wx_medgold\wx_agmerra_andalusia\agmerra_1415_212_ESP.txt	-6.3750	37.1250	1	11323	12	31	2010	2679.4	0.0	9086.7	9595.5	    87.0	     1.0	8.1	1291.3	901.7	0.000	0.0	0.0	23113.88	116260.79	53262.646	18632.77	7229.53	7236.79	72.27
OliveGIS	30set19	19:12:22	D:\wx_medgold\wx_agmerra_andalusia\agmerra_1415_213_ESP.txt	-6.3750	36.8750	1	11323	12	31	2010	2682.3	0.0	10480.0	10828.6	    92.0	     1.0	4.6	1949.9	957.5	0.000	0.0	0.0	33489.85	162984.82	77785.914	26525.36	9437.78	8776.10	77.55
OliveGIS	30set19	19:12:30	D:\wx_medgold\wx_agmerra_andalusia\agmerra_1416_209_ESP.txt	-6.1250	37.8750	1	11323	12	31	2010	2625.2	0.3	7838.6	8690.8	   115.0	     1.0	88.1	2005.2	996.1	0.000	0.0	0.0	12754.75	69059.68	28197.215	8205.66	4238.08	5283.40	58.13
OliveGIS	30set19	19:12:38	D:\wx_medgold\wx_agmerra_andalusia\agmerra_1416_210_ESP.txt	-6.1250	37.6250	1	11323	12	31	2010	2649.4	0.1	8648.1	9630.7	   106.0	     1.0	60.6	1651.0	955.1	0.000	0.0	0.0	7099.99	39459.40	15883.131	4500.69	2537.64	3868.69	38.14
OliveGIS	30set19	19:12:46	D:\wx_medgold\wx_agmerra_andalusia\agmerra_1416_211_ESP.txt	-6.1250	37.3750	1	11323	12	31	2010	2658.7	0.0	9216.9	10118.0	   101.0	     1.0	36.5	1536.2	918.5	0.000	0.0	0.0	11682.01	65358.15	27115.419	8268.60	4085.75	5440.21	51.42
OliveGIS	30set19	19:12:56	D:\wx_medgold\wx_agmerra_andalusia\agmerra_1416_212_ESP.txt	-6.1250	37.1250	1	11323	12	31	2010	2676.9	0.0	9059.1	9724.0	    91.0	     1.0	18.0	1304.7	891.7	0.000	0.0	0.0	16915.59	90839.47	41045.210	13410.31	5852.45	6494.50	63.84
OliveGIS	30set19	19:13:05	D:\wx_medgold\wx_agmerra_andalusia\agmerra_1416_213_ESP.txt	-6.1250	36.8750	1	11323	12	31	2010	2668.6	0.0	10528.1	11008.2	    99.0	     1.0	15.2	1886.7	963.3	0.000	0.0	0.0	23111.03	119075.73	51802.841	15222.03	7034.70	7776.16	67.81
OliveGIS	30set19	19:13:13	D:\wx_medgold\wx_agmerra_andalusia\agmerra_1416_214_ESP.txt	-6.1250	36.6250	1	11323	12	31	2010	2687.7	0.0	11189.0	11545.3	    94.0	     1.0	6.5	2152.8	952.3	0.000	0.0	0.0	38337.18	190397.14	92813.666	30901.15	10817.35	9567.61	78.91
OliveGIS	30set19	19:13:23	D:\wx_medgold\wx_agmerra_andalusia\agmerra_1416_215_ESP.txt	-6.1250	36.3750	1	11323	12	31	2010	2645.0	0.0	9976.6	10751.3	   107.0	     1.0	58.0	1645.8	950.9	0.000	0.0	0.0	13607.37	73773.61	29345.274	8993.64	4528.68	6140.91	54.73
OliveGIS	30set19	19:13:30	D:\wx_medgold\wx_agmerra_andalusia\agmerra_1417_208_ESP.txt	-5.8750	38.1250	1	11323	12	31	2010	2617.4	1.9	7189.8	8171.4	   134.0	     1.0	162.4	2268.3	1015.2	0.000	0.0	0.0	14515.91	72342.26	27960.048	6326.17	3372.83	4685.21	55.01
OliveGIS	30set19	19:13:38	D:\wx_medgold\wx_agmerra_andalusia\agmerra_1417_209_ESP.txt	-5.8750	37.8750	1	11323	12	31	2010	2634.0	0.3	9024.3	10197.2	   114.0	     1.0	92.8	1810.9	1016.4	0.000	0.0	0.0	9246.88	48647.54	17006.245	4998.12	2746.36	4583.42	42.87
OliveGIS	30set19	19:13:46	D:\wx_medgold\wx_agmerra_andalusia\agmerra_1417_210_ESP.txt	-5.8750	37.6250	1	11323	12	31	2010	2644.5	0.2	8903.7	10080.0	   104.0	     1.0	65.0	1448.1	940.7	0.000	0.0	0.0	6285.27	35036.26	14699.385	4112.65	2271.71	3574.14	33.47
OliveGIS	30set19	19:13:55	D:\wx_medgold\wx_agmerra_andalusia\agmerra_1417_211_ESP.txt	-5.8750	37.3750	1	11323	12	31	2010	2642.9	0.1	8919.1	9950.7	   105.0	     1.0	55.4	1636.8	916.2	0.000	0.0	0.0	7489.34	42020.65	16357.874	4979.13	2642.89	4058.86	38.92
OliveGIS	30set19	19:14:07	D:\wx_medgold\wx_agmerra_andalusia\agmerra_1417_212_ESP.txt	-5.8750	37.1250	1	11323	12	31	2010	2664.1	0.0	10232.3	11154.1	   100.0	     1.0	38.7	1564.1	884.5	0.000	0.0	0.0	12367.57	67786.20	27657.874	8486.09	4187.54	5825.34	49.85
OliveGIS	30set19	19:14:15	D:\wx_medgold\wx_agmerra_andalusia\agmerra_1417_213_ESP.txt	-5.8750	36.8750	1	11323	12	31	2010	2646.2	0.0	1688.9	1839.2	   112.0	     1.0	44.2	2322.5	906.1	0.000	0.0	0.0	5998.97	30334.27	13886.834	4567.25	1679.79	1579.71	77.74
OliveGIS	30set19	19:14:23	D:\wx_medgold\wx_agmerra_andalusia\agmerra_1417_214_ESP.txt	-5.8750	36.6250	1	11323	12	31	2010	2652.0	0.0	2056.7	2215.5	   108.0	     1.0	24.4	2489.9	1086.8	0.000	0.0	0.0	8357.99	41879.99	20229.076	6782.07	2256.10	1959.36	80.46
OliveGIS	30set19	19:14:31	D:\wx_medgold\wx_agmerra_andalusia\agmerra_1417_215_ESP.txt	-5.8750	36.3750	1	11323	12	31	2010	2639.2	0.0	2657.5	2904.1	   111.0	     1.0	55.8	2056.0	1413.7	0.000	0.0	0.0	7794.05	39830.19	18323.615	6009.24	2345.03	2357.97	74.67
OliveGIS	30set19	19:14:38	D:\wx_medgold\wx_agmerra_andalusia\agmerra_1418_208_ESP.txt	-5.6250	38.1250	1	11323	12	31	2010	2615.6	1.9	6956.9	7972.7	   132.0	     1.0	161.4	2204.0	1035.1	0.000	0.0	0.0	12551.89	61648.02	23185.922	5252.78	2980.56	4372.45	52.56
OliveGIS	30set19	19:14:46	D:\wx_medgold\wx_agmerra_andalusia\agmerra_1418_209_ESP.txt	-5.6250	37.8750	1	11323	12	31	2010	2633.5	0.3	9166.6	10403.7	   113.0	     1.0	91.6	1703.4	997.0	0.000	0.0	0.0	8075.12	41662.44	14935.305	4471.87	2435.67	4240.74	38.82
OliveGIS	30set19	19:14:54	D:\wx_medgold\wx_agmerra_andalusia\agmerra_1418_210_ESP.txt	-5.6250	37.6250	1	11323	12	31	2010	2640.6	0.2	8970.8	10175.2	   104.0	     1.0	66.4	1418.2	916.5	0.000	0.0	0.0	6001.60	34376.82	14614.692	3961.81	2268.80	3478.59	32.25
OliveGIS	30set19	19:15:03	D:\wx_medgold\wx_agmerra_andalusia\agmerra_1418_211_ESP.txt	-5.6250	37.3750	1	11323	12	31	2010	2636.9	0.2	9356.2	10361.5	   107.0	     1.0	62.5	1732.5	925.5	0.000	0.0	0.0	9505.77	50191.83	18964.109	5715.34	3047.08	4779.19	44.20
OliveGIS	30set19	19:15:12	D:\wx_medgold\wx_agmerra_andalusia\agmerra_1418_212_ESP.txt	-5.6250	37.1250	1	11323	12	31	2010	2633.6	0.1	9104.7	9817.8	   105.0	     1.0	52.1	1942.6	920.6	0.000	0.0	0.0	13776.10	72526.21	28004.637	7719.50	4254.78	5734.33	56.15
OliveGIS	30set19	19:15:20	D:\wx_medgold\wx_agmerra_andalusia\agmerra_1418_213_ESP.txt	-5.6250	36.8750	1	11323	12	31	2010	2633.7	0.0	760.4	785.1	   120.0	     1.0	63.5	2734.0	985.9	0.000	0.0	0.0	3561.36	18091.37	9484.339	3562.82	862.22	688.58	82.71
OliveGIS	30set19	19:15:28	D:\wx_medgold\wx_agmerra_andalusia\agmerra_1418_214_ESP.txt	-5.6250	36.6250	1	11323	12	31	2010	2641.4	0.0	802.2	827.0	   115.0	     1.0	35.7	2866.4	1186.5	0.000	0.0	0.0	4403.33	22477.12	12869.830	5598.01	1109.16	773.91	85.80
OliveGIS	30set19	19:15:36	D:\wx_medgold\wx_agmerra_andalusia\agmerra_1418_215_ESP.txt	-5.6250	36.3750	1	11323	12	31	2010	2634.7	0.1	1275.8	1366.9	   115.0	     1.0	71.8	2208.8	1790.8	0.000	0.0	0.0	4709.49	23036.59	10584.391	4852.92	1270.51	1203.10	79.03
OliveGIS	30set19	19:15:43	D:\wx_medgold\wx_agmerra_andalusia\agmerra_1418_216_ESP.txt	-5.6250	36.1250	1	11323	12	31	2010	2648.3	0.0	3294.1	3510.2	   106.0	     1.0	22.3	2108.3	1225.0	0.000	0.0	0.0	11990.79	59965.30	29181.136	10618.57	3393.53	3039.17	79.52
OliveGIS	30set19	19:15:49	D:\wx_medgold\wx_agmerra_andalusia\agmerra_1419_207_ESP.txt	-5.3750	38.3750	1	11323	12	31	2010	2606.7	3.1	7048.9	8207.3	   137.0	     1.0	186.1	2196.5	1002.1	0.000	0.0	0.0	13416.33	66140.90	25084.563	5991.25	3156.12	4569.44	53.44
OliveGIS	30set19	19:15:57	D:\wx_medgold\wx_agmerra_andalusia\agmerra_1419_208_ESP.txt	-5.3750	38.1250	1	11323	12	31	2010	2608.2	1.9	6858.5	7993.3	   129.0	     1.0	158.5	2097.7	1082.5	0.000	0.0	0.0	10184.15	51587.54	19203.572	4564.62	2681.81	4066.71	48.79
OliveGIS	30set19	19:16:06	D:\wx_medgold\wx_agmerra_andalusia\agmerra_1419_209_ESP.txt	-5.3750	37.8750	1	11323	12	31	2010	2627.2	0.2	9603.8	11020.7	   112.0	     1.0	87.4	1650.7	1125.6	0.000	0.0	0.0	4866.68	26904.23	10243.750	2977.70	1739.65	3016.37	25.73
OliveGIS	30set19	19:16:15	D:\wx_medgold\wx_agmerra_andalusia\agmerra_1419_210_ESP.txt	-5.3750	37.6250	1	11323	12	31	2010	2644.3	0.2	9232.5	10533.9	   103.0	     1.0	65.4	1446.3	992.5	0.000	0.0	0.0	5679.13	33319.95	14281.676	3813.49	2275.08	3375.10	30.05
OliveGIS	30set19	19:16:23	D:\wx_medgold\wx_agmerra_andalusia\agmerra_1419_211_ESP.txt	-5.3750	37.3750	1	11323	12	31	2010	2624.3	0.3	8136.4	8804.4	   117.0	     1.0	83.6	2211.5	962.5	0.000	0.0	0.0	14408.91	72976.08	28022.561	6727.30	3846.77	5272.06	57.34
OliveGIS	30set19	19:16:31	D:\wx_medgold\wx_agmerra_andalusia\agmerra_1419_212_ESP.txt	-5.3750	37.1250	1	11323	12	31	2010	2632.5	0.3	7794.9	8136.9	   120.0	     1.0	82.2	2617.6	1014.3	0.000	0.0	0.0	25606.91	129428.43	56311.630	14910.45	5635.05	6010.69	70.71
OliveGIS	30set19	19:16:39	D:\wx_medgold\wx_agmerra_andalusia\agmerra_1419_213_ESP.txt	-5.3750	36.8750	1	11323	12	31	2010	2543.9	0.2	731.0	743.1	   131.0	     1.0	108.3	3191.0	1133.9	0.000	0.0	0.0	4603.15	26346.22	29226.576	49298.32	1050.11	670.43	85.31
OliveGIS	30set19	19:16:46	D:\wx_medgold\wx_agmerra_andalusia\agmerra_1419_214_ESP.txt	-5.3750	36.6250	1	11323	12	31	2010	2603.1	0.0	612.5	620.5	   121.0	     1.0	60.6	3247.9	1347.2	0.000	0.0	0.0	4214.27	23297.38	23844.000	64645.80	1007.89	586.49	87.73
OliveGIS	30set19	19:16:54	D:\wx_medgold\wx_agmerra_andalusia\agmerra_1419_215_ESP.txt	-5.3750	36.3750	1	11323	12	31	2010	2631.1	0.1	767.9	797.1	   118.0	     1.0	71.6	2408.2	1731.1	0.000	0.0	0.0	3214.95	15778.85	7745.781	5576.61	838.50	713.28	82.36
OliveGIS	30set19	19:17:02	D:\wx_medgold\wx_agmerra_andalusia\agmerra_1420_206_ESP.txt	-5.1250	38.6250	1	11323	12	31	2010	2612.2	5.1	7559.3	8765.2	   143.0	     1.0	228.4	2321.8	938.7	0.000	0.0	0.0	17386.88	89418.00	34320.161	7432.43	3293.84	4615.22	50.73
OliveGIS	30set19	19:17:09	D:\wx_medgold\wx_agmerra_andalusia\agmerra_1420_207_ESP.txt	-5.1250	38.3750	1	11323	12	31	2010	2606.5	3.2	7114.4	8184.5	   138.0	     1.0	190.5	2243.1	1006.5	0.000	0.0	0.0	14857.57	73462.06	28506.409	7135.14	3415.23	4770.24	55.99
OliveGIS	30set19	19:17:17	D:\wx_medgold\wx_agmerra_andalusia\agmerra_1420_208_ESP.txt	-5.1250	38.1250	1	11323	12	31	2010	2608.9	1.8	6962.6	8080.2	   128.0	     1.0	158.7	2102.9	1088.2	0.000	0.0	0.0	10553.88	53544.99	19969.721	4776.60	2787.78	4181.98	49.61
OliveGIS	30set19	19:17:26	D:\wx_medgold\wx_agmerra_andalusia\agmerra_1420_209_ESP.txt	-5.1250	37.8750	1	11323	12	31	2010	2629.0	0.2	9335.7	10691.6	   111.0	     1.0	88.4	1623.0	1093.9	0.000	0.0	0.0	6107.86	33938.49	12386.997	3743.17	2098.66	3587.24	31.74
OliveGIS	30set19	19:17:35	D:\wx_medgold\wx_agmerra_andalusia\agmerra_1420_210_ESP.txt	-5.1250	37.6250	1	11323	12	31	2010	2633.5	0.2	8811.2	10051.5	   104.0	     1.0	68.6	1472.9	964.3	0.000	0.0	0.0	5331.02	29705.89	12494.586	3184.81	1977.66	3111.81	29.14
OliveGIS	30set19	19:17:44	D:\wx_medgold\wx_agmerra_andalusia\agmerra_1420_211_ESP.txt	-5.1250	37.3750	1	11323	12	31	2010	2620.9	0.3	7774.7	8382.0	   118.0	     1.0	89.1	2262.0	947.1	0.000	0.0	0.0	16284.85	83182.44	32554.152	7924.95	4257.81	5413.56	61.83
OliveGIS	30set19	19:17:52	D:\wx_medgold\wx_agmerra_andalusia\agmerra_1420_212_ESP.txt	-5.1250	37.1250	1	11323	12	31	2010	2626.4	0.3	7844.1	8174.4	   121.0	     1.0	88.4	2626.3	995.4	0.000	0.0	0.0	25454.42	129654.55	55182.725	13897.12	5303.38	5831.88	68.44
OliveGIS	30set19	19:18:00	D:\wx_medgold\wx_agmerra_andalusia\agmerra_1420_213_ESP.txt	-5.1250	36.8750	1	11323	12	31	2010	2563.6	0.1	718.4	728.6	   132.0	     1.0	104.0	3148.2	1128.0	0.000	0.0	0.0	4636.58	26405.27	25341.737	31049.93	1087.74	666.04	86.28
OliveGIS	30set19	19:18:07	D:\wx_medgold\wx_agmerra_andalusia\agmerra_1420_214_ESP.txt	-5.1250	36.6250	1	11323	12	31	2010	2633.5	0.0	617.1	625.2	   118.0	     1.0	36.7	3107.0	1257.0	0.000	0.0	0.0	4271.97	23747.40	17742.911	82472.85	1096.23	606.77	88.46
OliveGIS	30set19	19:18:16	D:\wx_medgold\wx_agmerra_andalusia\agmerra_1421_206_ESP.txt	-4.8750	38.6250	1	11323	12	31	2010	2615.6	2.0	6836.7	8085.2	   134.0	     1.0	176.0	2137.6	915.1	0.000	0.0	0.0	11029.65	54155.52	20114.109	4576.71	2620.65	4028.29	47.72
OliveGIS	30set19	19:18:23	D:\wx_medgold\wx_agmerra_andalusia\agmerra_1421_207_ESP.txt	-4.8750	38.3750	1	11323	12	31	2010	2615.8	4.1	6849.7	7841.9	   139.0	     1.0	206.7	2241.1	1030.0	0.000	0.0	0.0	18613.37	92558.13	38931.245	14147.56	4333.21	5305.34	64.86
OliveGIS	30set19	19:18:31	D:\wx_medgold\wx_agmerra_andalusia\agmerra_1421_208_ESP.txt	-4.8750	38.1250	1	11323	12	31	2010	2609.9	2.6	6756.4	7861.8	   127.0	     1.0	170.7	2033.8	994.6	0.000	0.0	0.0	9117.44	45705.78	16990.116	5388.91	2458.72	3855.27	46.88
OliveGIS	30set19	19:18:40	D:\wx_medgold\wx_agmerra_andalusia\agmerra_1421_209_ESP.txt	-4.8750	37.8750	1	11323	12	31	2010	2612.4	0.5	7692.8	8701.3	   118.0	     1.0	114.3	2015.0	1177.5	0.000	0.0	0.0	9911.28	52668.88	19790.098	4883.87	3124.41	4454.22	48.87
OliveGIS	30set19	19:18:50	D:\wx_medgold\wx_agmerra_andalusia\agmerra_1421_210_ESP.txt	-4.8750	37.6250	1	11323	12	31	2010	2625.0	0.4	8719.5	9805.0	   115.0	     1.0	93.1	1917.3	1056.6	0.000	0.0	0.0	10606.85	56294.74	19704.455	5182.23	3217.47	4875.43	47.54
OliveGIS	30set19	19:18:59	D:\wx_medgold\wx_agmerra_andalusia\agmerra_1421_211_ESP.txt	-4.8750	37.3750	1	11323	12	31	2010	2619.6	0.5	7324.0	7785.4	   120.0	     1.0	101.4	2371.1	1015.1	0.000	0.0	0.0	19416.78	98016.90	40509.467	10747.72	4794.59	5530.70	67.86
OliveGIS	30set19	19:19:08	D:\wx_medgold\wx_agmerra_andalusia\agmerra_1421_212_ESP.txt	-4.8750	37.1250	1	11323	12	31	2010	2623.4	0.4	7383.1	7656.9	   123.0	     1.0	98.7	2649.7	1038.2	0.000	0.0	0.0	29426.71	160527.36	81098.384	28085.97	6566.05	5855.92	73.47
OliveGIS	30set19	19:19:17	D:\wx_medgold\wx_agmerra_andalusia\agmerra_1421_213_ESP.txt	-4.8750	36.8750	1	11323	12	31	2010	2665.5	0.0	8211.7	8486.1	   107.0	     1.0	27.5	2324.3	1216.8	0.000	0.0	0.0	29653.59	148555.26	72090.714	30301.94	8060.47	7096.40	79.29
OliveGIS	30set19	19:19:25	D:\wx_medgold\wx_agmerra_andalusia\agmerra_1421_214_ESP.txt	-4.8750	36.6250	1	11323	12	31	2010	2686.4	0.0	8653.2	8864.5	    90.0	     1.0	3.2	1921.8	1280.4	0.000	0.0	0.0	38617.18	194730.47	109299.753	50891.00	11426.98	7865.39	84.49
OliveGIS	30set19	19:19:31	D:\wx_medgold\wx_agmerra_andalusia\agmerra_1422_207_ESP.txt	-4.6250	38.3750	1	11323	12	31	2010	2604.4	4.3	6942.0	7870.2	   139.0	     1.0	212.0	2285.2	1028.9	0.000	0.0	0.0	21107.90	104872.55	45375.532	17139.32	4878.88	5604.14	68.40
OliveGIS	30set19	19:19:41	D:\wx_medgold\wx_agmerra_andalusia\agmerra_1422_208_ESP.txt	-4.6250	38.1250	1	11323	12	31	2010	2617.6	2.7	6527.8	7559.7	   126.0	     1.0	172.9	2026.9	954.5	0.000	0.0	0.0	10065.99	51795.46	19819.690	5740.57	2759.02	4038.19	50.97
OliveGIS	30set19	19:19:52	D:\wx_medgold\wx_agmerra_andalusia\agmerra_1422_209_ESP.txt	-4.6250	37.8750	1	11323	12	31	2010	2610.3	0.6	7728.4	8711.2	   118.0	     1.0	117.6	2016.1	1093.0	0.000	0.0	0.0	10457.03	54264.77	20561.989	4995.41	3153.82	4535.97	49.75
OliveGIS	30set19	19:20:01	D:\wx_medgold\wx_agmerra_andalusia\agmerra_1422_210_ESP.txt	-4.6250	37.6250	1	11323	12	31	2010	2630.7	0.4	8516.4	9495.0	   117.0	     1.0	100.2	1999.4	1045.1	0.000	0.0	0.0	11544.02	60723.84	22616.692	5577.13	3514.06	5006.38	50.30
OliveGIS	30set19	19:20:11	D:\wx_medgold\wx_agmerra_andalusia\agmerra_1422_211_ESP.txt	-4.6250	37.3750	1	11323	12	31	2010	2624.8	0.5	7378.5	7806.4	   123.0	     1.0	110.0	2450.3	1022.3	0.000	0.0	0.0	22932.34	122782.96	57052.316	15114.19	5581.37	5669.36	69.72
OliveGIS	30set19	19:20:20	D:\wx_medgold\wx_agmerra_andalusia\agmerra_1422_212_ESP.txt	-4.6250	37.1250	1	11323	12	31	2010	2628.9	0.5	7497.2	7786.1	   126.0	     1.0	103.8	2626.4	1050.2	0.000	0.0	0.0	30193.89	166707.01	85794.848	27100.17	6829.34	5985.70	73.67
OliveGIS	30set19	19:20:29	D:\wx_medgold\wx_agmerra_andalusia\agmerra_1422_213_ESP.txt	-4.6250	36.8750	1	11323	12	31	2010	2659.9	0.0	8536.8	8842.9	   105.0	     1.0	23.8	2190.1	1168.3	0.000	0.0	0.0	28787.39	146397.29	71187.211	30468.52	8107.87	7239.78	77.99
OliveGIS	30set19	19:20:38	D:\wx_medgold\wx_agmerra_andalusia\agmerra_1422_214_ESP.txt	-4.6250	36.6250	1	11323	12	31	2010	2712.1	0.0	8724.4	8922.4	    87.0	     1.0	0.8	1556.3	1052.5	0.000	0.0	0.0	38501.94	197465.21	114593.962	48032.94	11900.77	7908.24	84.24
OliveGIS	30set19	19:20:47	D:\wx_medgold\wx_agmerra_andalusia\agmerra_1423_208_ESP.txt	-4.3750	38.1250	1	11323	12	31	2010	2612.1	1.8	6595.5	7536.2	   126.0	     1.0	160.3	2108.8	898.0	0.000	0.0	0.0	11538.70	57808.16	22178.191	6005.31	2956.14	4231.71	53.85
OliveGIS	30set19	19:20:57	D:\wx_medgold\wx_agmerra_andalusia\agmerra_1423_209_ESP.txt	-4.3750	37.8750	1	11323	12	31	2010	2617.4	0.4	7501.7	8542.7	   119.0	     1.0	112.1	1992.0	990.9	0.000	0.0	0.0	10313.79	53776.32	20529.099	4995.19	3141.12	4484.84	50.10
OliveGIS	30set19	19:21:07	D:\wx_medgold\wx_agmerra_andalusia\agmerra_1423_210_ESP.txt	-4.3750	37.6250	1	11323	12	31	2010	2629.2	0.3	7459.4	8224.0	   120.0	     1.0	104.8	2142.4	976.7	0.000	0.0	0.0	14130.28	71222.26	27459.103	6650.57	3695.94	5011.67	58.14
OliveGIS	30set19	19:21:16	D:\wx_medgold\wx_agmerra_andalusia\agmerra_1423_211_ESP.txt	-4.3750	37.3750	1	11323	12	31	2010	2636.1	0.4	8162.5	8861.0	   116.0	     1.0	90.2	1983.0	893.1	0.000	0.0	0.0	14478.50	74220.38	29872.529	10270.67	4222.24	5511.14	59.23
OliveGIS	30set19	19:21:25	D:\wx_medgold\wx_agmerra_andalusia\agmerra_1423_212_ESP.txt	-4.3750	37.1250	1	11323	12	31	2010	2631.7	0.3	8020.8	8662.4	   114.0	     1.0	77.7	2024.1	923.8	0.000	0.0	0.0	15232.90	77278.05	31417.205	10179.83	4376.99	5561.51	61.38
OliveGIS	30set19	19:21:35	D:\wx_medgold\wx_agmerra_andalusia\agmerra_1423_213_ESP.txt	-4.3750	36.8750	1	11323	12	31	2010	2669.8	0.0	8405.6	8711.1	   102.0	     1.0	18.6	2038.4	1049.4	0.000	0.0	0.0	27298.44	134271.87	62814.384	24938.68	7522.31	7094.85	77.59
OliveGIS	30set19	19:21:42	D:\wx_medgold\wx_agmerra_andalusia\agmerra_1424_207_ESP.txt	-4.1250	38.3750	1	11323	12	31	2010	2615.2	3.9	7134.7	8110.9	   140.0	     1.0	208.6	2276.6	924.6	0.000	0.0	0.0	20803.80	105966.92	45388.879	16954.10	4714.84	5504.51	65.13
OliveGIS	30set19	19:21:51	D:\wx_medgold\wx_agmerra_andalusia\agmerra_1424_208_ESP.txt	-4.1250	38.1250	1	11323	12	31	2010	2616.1	2.2	6694.4	7675.4	   127.0	     1.0	167.4	2079.4	849.8	0.000	0.0	0.0	11275.61	56350.82	21405.764	6243.52	2861.51	4183.74	52.20
OliveGIS	30set19	19:22:01	D:\wx_medgold\wx_agmerra_andalusia\agmerra_1424_209_ESP.txt	-4.1250	37.8750	1	11323	12	31	2010	2615.9	0.6	7529.7	8474.3	   121.0	     1.0	122.7	2063.5	951.4	0.000	0.0	0.0	11868.92	60274.60	22959.945	5419.70	3254.45	4691.22	52.97
OliveGIS	30set19	19:22:09	D:\wx_medgold\wx_agmerra_andalusia\agmerra_1424_210_ESP.txt	-4.1250	37.6250	1	11323	12	31	2010	2622.1	0.5	7820.6	8397.0	   128.0	     1.0	127.0	2388.9	976.6	0.000	0.0	0.0	19925.75	100914.17	40997.434	9546.51	4548.85	5544.16	63.41
OliveGIS	30set19	19:22:17	D:\wx_medgold\wx_agmerra_andalusia\agmerra_1424_211_ESP.txt	-4.1250	37.3750	1	11323	12	31	2010	2622.7	0.5	6886.2	7283.8	   120.0	     1.0	110.9	2252.2	885.5	0.000	0.0	0.0	20632.29	102889.97	45377.708	24602.76	5398.24	5659.88	73.53
OliveGIS	30set19	19:22:26	D:\wx_medgold\wx_agmerra_andalusia\agmerra_1424_212_ESP.txt	-4.1250	37.1250	1	11323	12	31	2010	2636.8	0.3	7636.1	8159.3	   117.0	     1.0	89.0	2116.5	895.1	0.000	0.0	0.0	19426.79	98308.77	42066.474	15983.48	5310.83	5968.06	69.52
OliveGIS	30set19	19:22:38	D:\wx_medgold\wx_agmerra_andalusia\agmerra_1424_213_ESP.txt	-4.1250	36.8750	1	11323	12	31	2010	2666.4	0.0	8040.7	8313.0	   103.0	     1.0	19.0	2111.9	1022.4	0.000	0.0	0.0	29768.20	147434.05	72077.684	37181.05	8175.80	7037.42	80.51
OliveGIS	30set19	19:22:46	D:\wx_medgold\wx_agmerra_andalusia\agmerra_1425_207_ESP.txt	-3.8750	38.3750	1	11323	12	31	2010	2619.9	2.7	6910.0	8198.0	   135.0	     1.0	185.3	2055.2	917.3	0.000	0.0	0.0	11804.83	58422.64	22016.846	5315.66	2806.40	4216.74	49.25
OliveGIS	30set19	19:22:56	D:\wx_medgold\wx_agmerra_andalusia\agmerra_1425_208_ESP.txt	-3.8750	38.1250	1	11323	12	31	2010	2625.9	1.4	6813.9	8070.5	   122.0	     1.0	148.3	1832.9	855.5	0.000	0.0	0.0	7048.07	37531.03	13252.992	3190.81	2225.21	3425.60	40.26
OliveGIS	30set19	19:23:06	D:\wx_medgold\wx_agmerra_andalusia\agmerra_1425_209_ESP.txt	-3.8750	37.8750	1	11323	12	31	2010	2612.7	1.8	8173.4	9305.9	   138.0	     1.0	170.4	2197.7	909.6	0.000	0.0	0.0	15709.04	78907.14	29278.613	6180.24	3547.62	5083.72	52.41
OliveGIS	30set19	19:23:15	D:\wx_medgold\wx_agmerra_andalusia\agmerra_1425_210_ESP.txt	-3.8750	37.6250	1	11323	12	31	2010	2604.8	2.1	8538.2	9078.7	   144.0	     1.0	207.6	2596.3	972.0	0.000	0.0	0.0	28935.52	192839.71	166695.776	30232.71	6950.94	5641.63	59.83
OliveGIS	30set19	19:23:24	D:\wx_medgold\wx_agmerra_andalusia\agmerra_1425_211_ESP.txt	-3.8750	37.3750	1	11323	12	31	2010	2605.7	2.7	8046.9	8391.3	   139.0	     1.0	191.7	2536.4	661.9	0.000	0.0	0.0	33595.94	199117.60	141253.023	45404.64	7968.86	6335.51	72.36
OliveGIS	30set19	19:23:33	D:\wx_medgold\wx_agmerra_andalusia\agmerra_1425_212_ESP.txt	-3.8750	37.1250	1	11323	12	31	2010	2614.9	1.6	7353.9	7766.3	   129.0	     1.0	148.4	2383.0	665.7	0.000	0.0	0.0	23863.99	121298.89	53877.221	16880.40	5134.30	5568.85	68.94
OliveGIS	30set19	19:23:43	D:\wx_medgold\wx_agmerra_andalusia\agmerra_1425_213_ESP.txt	-3.8750	36.8750	1	11323	12	31	2010	2647.0	0.0	8451.1	8829.1	   105.0	     1.0	26.1	1893.2	855.5	0.000	0.0	0.0	23540.02	116900.74	53432.337	17271.53	6699.92	6823.09	74.08
OliveGIS	30set19	19:23:52	D:\wx_medgold\wx_agmerra_andalusia\agmerra_1426_207_ESP.txt	-3.6250	38.3750	1	11323	12	31	2010	2611.2	3.4	7079.4	8351.9	   137.0	     1.0	195.8	2095.1	874.9	0.000	0.0	0.0	13194.67	64993.89	24497.513	6944.44	3009.31	4405.58	50.60
OliveGIS	30set19	19:24:01	D:\wx_medgold\wx_agmerra_andalusia\agmerra_1426_208_ESP.txt	-3.6250	38.1250	1	11323	12	31	2010	2616.2	1.8	6842.7	8077.5	   126.0	     1.0	160.3	1894.5	807.3	0.000	0.0	0.0	8015.76	40275.74	14850.261	3494.81	2267.02	3573.94	42.19
OliveGIS	30set19	19:24:10	D:\wx_medgold\wx_agmerra_andalusia\agmerra_1426_209_ESP.txt	-3.6250	37.8750	1	11323	12	31	2010	2608.6	2.8	8632.5	9742.7	   141.0	     1.0	193.1	2253.8	876.1	0.000	0.0	0.0	21554.15	117733.24	48926.327	9885.45	4782.40	5773.83	57.03
OliveGIS	30set19	19:24:19	D:\wx_medgold\wx_agmerra_andalusia\agmerra_1426_210_ESP.txt	-3.6250	37.6250	1	11323	12	31	2010	2538.5	4.5	8287.4	8744.6	   149.0	     1.0	302.2	2699.8	932.6	0.000	0.0	0.0	20516.24	142342.07	194176.339	20703.22	5066.58	4308.00	48.40
OliveGIS	30set19	19:24:26	D:\wx_medgold\wx_agmerra_andalusia\agmerra_1426_211_ESP.txt	-3.6250	37.3750	1	11323	12	31	2010	2549.3	5.7	7781.8	8060.6	   144.0	     1.0	308.8	2651.5	678.0	0.000	0.0	0.0	27740.56	173875.89	213065.961	42984.00	6745.55	5514.09	66.58
OliveGIS	30set19	19:24:35	D:\wx_medgold\wx_agmerra_andalusia\agmerra_1426_212_ESP.txt	-3.6250	37.1250	1	11323	12	31	2010	2609.6	2.5	7834.1	8132.4	   138.0	     1.0	186.2	2563.9	815.2	0.000	0.0	0.0	31850.71	190998.20	127397.101	43586.62	7336.66	6041.70	71.15
OliveGIS	30set19	19:24:46	D:\wx_medgold\wx_agmerra_andalusia\agmerra_1426_213_ESP.txt	-3.6250	36.8750	1	11323	12	31	2010	2644.0	0.0	9265.8	9567.8	   110.0	     1.0	33.8	2143.2	814.3	0.000	0.0	0.0	30897.61	154925.72	72447.544	24100.00	8449.32	7805.88	77.75
OliveGIS	30set19	19:24:54	D:\wx_medgold\wx_agmerra_andalusia\agmerra_1427_207_ESP.txt	-3.3750	38.3750	1	11323	12	31	2010	2614.3	3.0	7301.1	8509.2	   139.0	     1.0	192.6	2118.6	883.8	0.000	0.0	0.0	15945.30	81841.46	31994.813	7050.14	3744.79	4919.46	55.50
OliveGIS	30set19	19:25:05	D:\wx_medgold\wx_agmerra_andalusia\agmerra_1427_208_ESP.txt	-3.3750	38.1250	1	11323	12	31	2010	2614.3	1.7	7358.4	8583.7	   129.0	     1.0	160.4	1925.4	836.1	0.000	0.0	0.0	11492.25	58571.02	21872.918	5067.42	3007.70	4448.60	49.67
OliveGIS	30set19	19:25:14	D:\wx_medgold\wx_agmerra_andalusia\agmerra_1427_209_ESP.txt	-3.3750	37.8750	1	11323	12	31	2010	2610.7	4.2	9513.3	10354.7	   143.0	     1.0	216.5	2406.8	799.6	0.000	0.0	0.0	28684.37	169309.21	87644.263	18866.15	6357.20	6251.47	58.11
OliveGIS	30set19	19:25:22	D:\wx_medgold\wx_agmerra_andalusia\agmerra_1427_210_ESP.txt	-3.3750	37.6250	1	11323	12	31	2010	2403.6	7.7	8905.8	9198.2	   151.0	     1.0	352.9	2843.6	856.4	0.000	0.0	0.0	17726.18	120691.05	164565.846	17691.26	4041.51	3761.58	40.63
OliveGIS	30set19	19:25:28	D:\wx_medgold\wx_agmerra_andalusia\agmerra_1427_211_ESP.txt	-3.3750	37.3750	1	11323	12	31	2010	2096.0	17.3	4357.8	4529.4	   159.0	     1.0	484.2	3083.1	392.7	0.000	0.0	0.0	15277.25	105365.72	150205.995	9502.17	3159.83	2578.27	55.88
OliveGIS	30set19	19:25:35	D:\wx_medgold\wx_agmerra_andalusia\agmerra_1427_212_ESP.txt	-3.3750	37.1250	1	11323	12	31	2010	2192.8	9.3	7837.1	8009.4	   156.0	     1.0	386.0	3088.5	1104.6	0.000	0.0	0.0	33739.51	214136.54	334387.143	41407.56	7466.30	5570.45	67.78
OliveGIS	30set19	19:25:44	D:\wx_medgold\wx_agmerra_andalusia\agmerra_1427_213_ESP.txt	-3.3750	36.8750	1	11323	12	31	2010	2629.6	0.0	6354.8	6438.2	   120.0	     1.0	57.2	2729.1	1059.9	0.000	0.0	0.0	35374.14	183020.52	116407.426	102623.64	8870.76	6033.38	86.37
OliveGIS	30set19	19:25:52	D:\wx_medgold\wx_agmerra_andalusia\agmerra_1428_207_ESP.txt	-3.1250	38.3750	1	11323	12	31	2010	2605.6	5.8	8601.9	9516.7	   143.0	     1.0	226.4	2323.2	841.7	0.000	0.0	0.0	28855.15	165214.24	89507.520	24339.90	6738.12	6453.68	65.26
OliveGIS	30set19	19:26:00	D:\wx_medgold\wx_agmerra_andalusia\agmerra_1428_208_ESP.txt	-3.1250	38.1250	1	11323	12	31	2010	2609.2	4.2	7704.5	8541.0	   140.0	     1.0	201.0	2218.2	870.9	0.000	0.0	0.0	23390.72	130124.03	62203.586	15358.07	5653.57	5865.24	66.06
OliveGIS	30set19	19:26:09	D:\wx_medgold\wx_agmerra_andalusia\agmerra_1428_209_ESP.txt	-3.1250	37.8750	1	11323	12	31	2010	2556.5	7.3	8484.1	8945.5	   148.0	     1.0	336.3	2593.2	812.0	0.000	0.0	0.0	28542.99	206883.14	220467.065	37278.67	6462.04	5307.72	58.00
OliveGIS	30set19	19:26:16	D:\wx_medgold\wx_agmerra_andalusia\agmerra_1428_210_ESP.txt	-3.1250	37.6250	1	11323	12	31	2010	2353.9	9.7	8695.9	8945.0	   152.0	     1.0	388.6	2851.6	816.1	0.000	0.0	0.0	18217.18	122755.00	162900.961	16735.27	4009.47	3755.02	41.72
OliveGIS	30set19	19:26:22	D:\wx_medgold\wx_agmerra_andalusia\agmerra_1428_211_ESP.txt	-3.1250	37.3750	1	11323	12	31	2010	2149.8	17.2	4282.6	4403.9	   157.0	     1.0	481.7	2984.5	387.6	0.000	0.0	0.0	16475.43	107810.13	167108.961	11875.99	3566.17	2781.14	61.91
OliveGIS	30set19	19:26:29	D:\wx_medgold\wx_agmerra_andalusia\agmerra_1428_212_ESP.txt	-3.1250	37.1250	1	11323	12	31	2010	2325.4	6.9	6974.9	7054.5	   152.0	     1.0	347.3	2944.1	851.5	0.000	0.0	0.0	27494.31	162051.37	227901.848	42246.50	6246.97	4975.65	69.11
OliveGIS	30set19	19:26:37	D:\wx_medgold\wx_agmerra_andalusia\agmerra_1428_213_ESP.txt	-3.1250	36.8750	1	11323	12	31	2010	2631.8	0.0	6677.6	6797.0	   117.0	     1.0	46.6	2453.8	677.9	0.000	0.0	0.0	31967.12	160429.77	88606.415	85461.86	8559.06	6260.95	85.01
OliveGIS	30set19	19:26:44	D:\wx_medgold\wx_agmerra_andalusia\agmerra_1429_207_ESP.txt	-2.8750	38.3750	1	11323	12	31	2010	2503.5	16.1	1026.9	1083.5	   151.0	     1.0	409.7	2530.1	733.3	0.000	0.0	0.0	4396.92	25980.36	27513.180	20065.01	1069.26	840.84	75.52
OliveGIS	30set19	19:26:51	D:\wx_medgold\wx_agmerra_andalusia\agmerra_1429_208_ESP.txt	-2.8750	38.1250	1	11323	12	31	2010	2520.8	13.8	2370.1	2491.6	   151.0	     1.0	398.0	2498.8	868.0	0.000	0.0	0.0	9579.22	60095.49	67686.165	15918.00	2300.04	1818.16	71.35
OliveGIS	30set19	19:26:58	D:\wx_medgold\wx_agmerra_andalusia\agmerra_1429_209_ESP.txt	-2.8750	37.8750	1	11323	12	31	2010	2565.5	9.2	7789.6	8142.3	   147.0	     1.0	349.6	2535.0	889.8	0.000	0.0	0.0	30032.46	193706.80	200479.125	50888.14	6903.89	5741.08	68.30
OliveGIS	30set19	19:27:05	D:\wx_medgold\wx_agmerra_andalusia\agmerra_1429_210_ESP.txt	-2.8750	37.6250	1	11323	12	31	2010	2531.6	8.9	7592.0	7891.7	   147.0	     1.0	357.0	2600.4	619.2	0.000	0.0	0.0	29589.62	185439.79	253632.198	44750.79	6938.71	5562.54	68.75
OliveGIS	30set19	19:27:09	D:\wx_medgold\wx_agmerra_andalusia\agmerra_1429_211_ESP.txt	-2.8750	37.3750	1	11323	12	31	2010	1724.0	35.2	28.8	38.3	   178.0	     1.0	672.4	3321.2	567.5	0.000	0.0	0.0	184.30	1259.66	1113.142	166.95	30.24	26.85	66.18
OliveGIS	30set19	19:27:14	D:\wx_medgold\wx_agmerra_andalusia\agmerra_1429_212_ESP.txt	-2.8750	37.1250	1	11323	12	31	2010	1957.5	12.1	4685.0	5180.7	   166.0	     1.0	457.5	3324.4	678.3	0.000	0.0	0.0	15315.57	116198.79	116806.785	7291.36	2869.30	2483.43	47.27
OliveGIS	30set19	19:27:24	D:\wx_medgold\wx_agmerra_andalusia\agmerra_1429_213_ESP.txt	-2.8750	36.8750	1	11323	12	31	2010	2655.0	0.0	9442.0	9707.5	   110.0	     1.0	31.7	1998.4	678.5	0.000	0.0	0.0	33573.70	168317.01	83043.141	30256.48	9570.87	8186.01	80.08
OliveGIS	30set19	19:27:30	D:\wx_medgold\wx_agmerra_andalusia\agmerra_1430_207_ESP.txt	-2.6250	38.3750	1	11323	12	31	2010	2357.6	22.1	521.8	539.2	   153.0	     1.0	459.8	2650.6	775.3	0.000	0.0	0.0	2447.36	14115.55	35937.249	14703.40	569.42	431.13	77.03
OliveGIS	30set19	19:27:37	D:\wx_medgold\wx_agmerra_andalusia\agmerra_1430_208_ESP.txt	-2.6250	38.1250	1	11323	12	31	2010	2330.0	20.0	565.2	582.1	   154.0	     1.0	467.0	2675.3	1026.3	0.000	0.0	0.0	2681.07	15237.04	59175.361	19075.75	620.03	467.26	76.70
OliveGIS	30set19	19:27:43	D:\wx_medgold\wx_agmerra_andalusia\agmerra_1430_209_ESP.txt	-2.6250	37.8750	1	11323	12	31	2010	2423.2	12.5	1820.4	1870.5	   151.0	     1.0	400.1	2669.6	894.8	0.000	0.0	0.0	7712.87	45088.85	77532.220	20621.78	1805.40	1411.52	73.82
OliveGIS	30set19	19:27:50	D:\wx_medgold\wx_agmerra_andalusia\agmerra_1430_210_ESP.txt	-2.6250	37.6250	1	11323	12	31	2010	2539.6	9.3	8762.5	9087.9	   146.0	     1.0	364.6	2573.4	609.5	0.000	0.0	0.0	34786.85	212393.51	290991.186	59524.89	8192.31	6574.39	70.43
OliveGIS	30set19	19:27:54	D:\wx_medgold\wx_agmerra_andalusia\agmerra_1430_211_ESP.txt	-2.6250	37.3750	1	11323	12	31	2010	1826.6	29.6	77.5	94.5	   172.0	     1.0	620.8	3231.4	509.5	0.000	0.0	0.0	443.10	2848.77	3139.175	374.64	84.31	67.25	68.05
OliveGIS	30set19	19:28:00	D:\wx_medgold\wx_agmerra_andalusia\agmerra_1430_212_ESP.txt	-2.6250	37.1250	1	11323	12	31	2010	2142.7	7.0	3421.3	4809.0	   156.0	     1.0	378.0	3192.0	531.3	0.000	0.0	0.0	23634.03	141733.23	188060.650	27228.02	4951.76	3596.78	72.83
OliveGIS	30set19	19:28:09	D:\wx_medgold\wx_agmerra_andalusia\agmerra_1430_213_ESP.txt	-2.6250	36.8750	1	11323	12	31	2010	2664.6	0.0	9301.3	9605.9	   102.0	     1.0	21.1	1624.0	456.2	0.000	0.0	0.0	29237.86	144604.73	71084.376	25124.44	8597.85	7841.89	77.79
OliveGIS	30set19	19:28:15	D:\wx_medgold\wx_agmerra_andalusia\agmerra_1431_209_ESP.txt	-2.3750	37.8750	1	11323	12	31	2010	2085.8	24.8	503.3	526.8	   159.0	     1.0	545.4	2939.5	609.5	0.000	0.0	0.0	2712.68	16651.43	54608.593	11862.48	574.41	414.81	74.17
OliveGIS	30set19	19:28:21	D:\wx_medgold\wx_agmerra_andalusia\agmerra_1431_210_ESP.txt	-2.3750	37.6250	1	11323	12	31	2010	2257.6	16.0	661.0	677.5	   154.0	     1.0	456.2	2843.6	558.6	0.000	0.0	0.0	3603.76	20432.04	63662.230	14168.69	777.71	557.04	78.03
OliveGIS	30set19	19:28:27	D:\wx_medgold\wx_agmerra_andalusia\agmerra_1431_211_ESP.txt	-2.3750	37.3750	1	11323	12	31	2010	2154.3	9.2	2658.5	2747.2	   156.0	     1.0	403.6	3126.5	419.6	0.000	0.0	0.0	14602.30	90254.43	159115.597	29179.23	3157.03	2143.11	75.29
OliveGIS	30set19	19:28:33	D:\wx_medgold\wx_agmerra_andalusia\agmerra_1431_212_ESP.txt	-2.3750	37.1250	1	11323	12	31	2010	2483.3	0.7	5142.0	6016.4	   146.0	     1.0	205.2	2984.0	514.3	0.000	0.0	0.0	34265.53	196166.28	240681.833	107634.78	7980.64	5134.20	82.66
OliveGIS	30set19	19:28:43	D:\wx_medgold\wx_agmerra_andalusia\agmerra_1431_213_ESP.txt	-2.3750	36.8750	1	11323	12	31	2010	2619.7	0.0	7936.5	8054.9	   121.0	     1.0	72.2	2265.0	364.1	0.000	0.0	0.0	31135.87	165303.63	91508.852	29689.46	8842.95	6823.52	80.83
OliveGIS	30set19	19:28:50	D:\wx_medgold\wx_agmerra_andalusia\agmerra_1432_209_ESP.txt	-2.1250	37.8750	1	11323	12	31	2010	2240.8	17.5	399.8	409.6	   154.0	     1.0	461.0	2848.3	595.9	0.000	0.0	0.0	2363.94	13578.27	52399.344	13273.96	521.15	350.88	79.16
OliveGIS	30set19	19:28:57	D:\wx_medgold\wx_agmerra_andalusia\agmerra_1432_210_ESP.txt	-2.1250	37.6250	1	11323	12	31	2010	2495.7	8.6	8299.8	8521.5	   147.0	     1.0	345.7	2660.2	555.9	0.000	0.0	0.0	36777.54	217425.64	280664.810	64275.36	8724.80	6496.25	74.69
OliveGIS	30set19	19:29:03	D:\wx_medgold\wx_agmerra_andalusia\agmerra_1432_211_ESP.txt	-2.1250	37.3750	1	11323	12	31	2010	2412.9	3.2	3937.4	4907.5	   148.0	     1.0	275.0	2956.8	434.6	0.000	0.0	0.0	26228.17	146804.88	192108.661	72444.26	6121.37	4074.89	80.85
OliveGIS	30set19	19:29:11	D:\wx_medgold\wx_agmerra_andalusia\agmerra_1432_212_ESP.txt	-2.1250	37.1250	1	11323	12	31	2010	2627.4	0.0	6837.1	6888.0	   129.0	     1.0	92.1	2757.6	414.2	0.000	0.0	0.0	39567.49	207809.76	138859.203	130342.32	9844.90	6323.70	86.19
OliveGIS	30set19	19:29:21	D:\wx_medgold\wx_agmerra_andalusia\agmerra_1432_213_ESP.txt	-2.1250	36.8750	1	11323	12	31	2010	2648.4	0.0	9042.0	9155.3	   114.0	     1.0	38.0	1903.3	357.7	0.000	0.0	0.0	33439.81	176351.46	96747.203	32422.99	10248.11	7816.85	81.24
OliveGIS	30set19	19:29:29	D:\wx_medgold\wx_agmerra_andalusia\agmerra_1433_211_ESP.txt	-1.8750	37.3750	1	11323	12	31	2010	2662.9	0.0	9423.5	9857.7	   100.0	     1.0	34.6	1061.8	438.0	0.000	0.0	0.0	24391.73	127034.21	60838.614	24174.38	7912.18	7487.51	73.02
OliveGIS	30set19	19:29:39	D:\wx_medgold\wx_agmerra_andalusia\agmerra_1433_212_ESP.txt	-1.8750	37.1250	1	11323	12	31	2010	2694.0	0.0	9136.0	9378.1	    87.0	     1.0	6.6	628.9	366.1	0.000	0.0	0.0	31693.59	157752.52	80313.362	30187.68	9611.66	7851.24	79.99
