Model	Date	Time	WxFile	Long	Lat	JdStart	DysToOut	Month	Day	Year	dd	ddbZero	FruWgt	fruNum	Bloomday	BloomYr	DDBSum	ChillHD	PrcpYrSum	TempIncr	ddbMinus10	ddbMinus83	OFEgDays	OFLrDays	OFPuDays	OFAdDays	OfPupSum	DamFrSum	PrcntAtkd
OliveGIS	30set19	19:09:54	D:\wx_medgold\wx_agmerra_andalusia\agmerra_1411_210_ESP.txt	-7.3750	37.6250	1	1096	12	31	1982	2660.9	0.0	8703.4	8926.1	   102.0	     1.0	35.1	2179.4	436.2	0.000	0.0	0.0	25488.07	127416.20	54258.693	17130.71	6629.22	6777.67	72.77
OliveGIS	30set19	19:10:03	D:\wx_medgold\wx_agmerra_andalusia\agmerra_1411_211_ESP.txt	-7.3750	37.3750	1	1096	12	31	1982	2655.6	0.0	9186.8	9351.7	   101.0	     1.0	31.9	2060.9	404.8	0.000	0.0	0.0	25152.09	124228.97	54090.825	16269.86	6662.40	6978.95	71.62
OliveGIS	30set19	19:10:14	D:\wx_medgold\wx_agmerra_andalusia\agmerra_1412_209_ESP.txt	-7.1250	37.8750	1	1096	12	31	1982	2649.9	0.0	8251.2	8425.4	   115.0	     1.0	51.8	2537.4	466.8	0.000	0.0	0.0	36169.16	189617.82	104073.609	42270.16	9012.50	7106.87	80.66
OliveGIS	30set19	19:10:21	D:\wx_medgold\wx_agmerra_andalusia\agmerra_1412_210_ESP.txt	-7.1250	37.6250	1	1096	12	31	1982	2659.1	0.0	8709.2	8924.4	   106.0	     1.0	39.0	2239.6	478.6	0.000	0.0	0.0	26516.84	135827.43	59358.623	18663.10	6786.02	6747.73	72.51
OliveGIS	30set19	19:10:28	D:\wx_medgold\wx_agmerra_andalusia\agmerra_1412_211_ESP.txt	-7.1250	37.3750	1	1096	12	31	1982	2664.4	0.0	8824.8	9000.6	   102.0	     1.0	35.4	2028.1	414.3	0.000	0.0	0.0	24106.11	120047.83	52619.872	16525.16	6514.72	6759.06	71.80
OliveGIS	30set19	19:10:36	D:\wx_medgold\wx_agmerra_andalusia\agmerra_1413_208_ESP.txt	-6.8750	38.1250	1	1096	12	31	1982	2632.6	0.1	7824.4	7987.0	   118.0	     1.0	76.1	2540.5	493.8	0.000	0.0	0.0	29447.77	165185.01	90790.751	32422.55	7166.64	6144.31	73.85
OliveGIS	30set19	19:10:43	D:\wx_medgold\wx_agmerra_andalusia\agmerra_1413_209_ESP.txt	-6.8750	37.8750	1	1096	12	31	1982	2651.6	0.0	8829.5	9025.6	   112.0	     1.0	50.4	2344.3	524.1	0.000	0.0	0.0	28171.55	145686.24	66109.086	23903.66	7112.05	6867.38	73.15
OliveGIS	30set19	19:10:51	D:\wx_medgold\wx_agmerra_andalusia\agmerra_1413_210_ESP.txt	-6.8750	37.6250	1	1096	12	31	1982	2661.2	0.0	9814.5	10085.2	   101.0	     1.0	35.2	1941.8	556.3	0.000	0.0	0.0	19498.69	98392.59	40708.156	10874.49	5486.37	6564.10	62.51
OliveGIS	30set19	19:10:59	D:\wx_medgold\wx_agmerra_andalusia\agmerra_1413_211_ESP.txt	-6.8750	37.3750	1	1096	12	31	1982	2673.8	0.0	9770.6	10012.7	   100.0	     1.0	29.1	1780.2	446.0	0.000	0.0	0.0	18989.03	94887.45	39095.297	10304.02	5289.66	6532.74	62.35
OliveGIS	30set19	19:11:10	D:\wx_medgold\wx_agmerra_andalusia\agmerra_1414_209_ESP.txt	-6.6250	37.8750	1	1096	12	31	1982	2640.5	0.0	8860.7	9064.3	   116.0	     1.0	61.2	2478.4	549.3	0.000	0.0	0.0	30593.86	168165.25	84352.002	25763.02	7646.48	6899.07	73.17
OliveGIS	30set19	19:11:17	D:\wx_medgold\wx_agmerra_andalusia\agmerra_1414_210_ESP.txt	-6.6250	37.6250	1	1096	12	31	1982	2656.7	0.0	8765.3	9022.0	   103.0	     1.0	40.8	2032.1	548.6	0.000	0.0	0.0	20082.29	99832.17	41745.332	12196.51	5456.94	6261.71	66.55
OliveGIS	30set19	19:11:25	D:\wx_medgold\wx_agmerra_andalusia\agmerra_1414_211_ESP.txt	-6.6250	37.3750	1	1096	12	31	1982	2670.9	0.0	9677.9	9966.3	   101.0	     1.0	35.1	1756.6	438.3	0.000	0.0	0.0	19080.90	96700.08	40697.949	10712.54	5480.16	6570.60	63.01
OliveGIS	30set19	19:11:33	D:\wx_medgold\wx_agmerra_andalusia\agmerra_1414_212_ESP.txt	-6.6250	37.1250	1	1096	12	31	1982	2687.0	0.0	10694.7	10901.3	    87.0	     1.0	5.1	1500.8	393.2	0.000	0.0	0.0	33321.15	166148.48	82441.892	26222.07	9693.34	8639.00	76.25
OliveGIS	30set19	19:11:41	D:\wx_medgold\wx_agmerra_andalusia\agmerra_1415_209_ESP.txt	-6.3750	37.8750	1	1096	12	31	1982	2645.6	0.0	7795.9	7986.7	   117.0	     1.0	69.2	2379.1	466.7	0.000	0.0	0.0	21288.25	109107.39	44900.020	20338.11	4928.42	5578.64	66.89
OliveGIS	30set19	19:11:49	D:\wx_medgold\wx_agmerra_andalusia\agmerra_1415_210_ESP.txt	-6.3750	37.6250	1	1096	12	31	1982	2664.1	0.0	8761.1	9042.5	   103.0	     1.0	46.1	1942.4	454.6	0.000	0.0	0.0	14150.59	71038.72	27761.332	6857.99	3916.20	5292.93	55.71
OliveGIS	30set19	19:11:57	D:\wx_medgold\wx_agmerra_andalusia\agmerra_1415_211_ESP.txt	-6.3750	37.3750	1	1096	12	31	1982	2670.7	0.0	9534.2	9964.8	    96.0	     1.0	25.3	1476.5	410.7	0.000	0.0	0.0	13199.26	68383.16	26074.284	6629.33	3961.39	5462.53	52.40
OliveGIS	30set19	19:12:05	D:\wx_medgold\wx_agmerra_andalusia\agmerra_1415_212_ESP.txt	-6.3750	37.1250	1	1096	12	31	1982	2691.9	0.0	10667.2	11043.3	    84.0	     1.0	6.1	1220.4	393.4	0.000	0.0	0.0	22434.44	113115.12	48641.251	14219.51	6589.11	7562.56	65.89
OliveGIS	30set19	19:12:15	D:\wx_medgold\wx_agmerra_andalusia\agmerra_1415_213_ESP.txt	-6.3750	36.8750	1	1096	12	31	1982	2675.5	0.0	10684.5	10914.8	    90.0	     1.0	9.4	1615.8	448.9	0.000	0.0	0.0	35612.04	174091.97	87188.289	28416.85	10235.61	8880.37	77.87
OliveGIS	30set19	19:12:23	D:\wx_medgold\wx_agmerra_andalusia\agmerra_1416_209_ESP.txt	-6.1250	37.8750	1	1096	12	31	1982	2645.0	0.0	7769.9	7964.7	   116.0	     1.0	72.9	2345.4	450.1	0.000	0.0	0.0	22208.34	113023.02	47710.379	20338.05	5307.94	5787.52	69.36
OliveGIS	30set19	19:12:31	D:\wx_medgold\wx_agmerra_andalusia\agmerra_1416_210_ESP.txt	-6.1250	37.6250	1	1096	12	31	1982	2659.0	0.0	8575.6	8885.2	   102.0	     1.0	48.1	1888.4	428.9	0.000	0.0	0.0	13826.94	69795.40	27491.763	6764.77	3856.35	5190.33	55.72
OliveGIS	30set19	19:12:39	D:\wx_medgold\wx_agmerra_andalusia\agmerra_1416_211_ESP.txt	-6.1250	37.3750	1	1096	12	31	1982	2678.9	0.0	9656.0	10170.0	    97.0	     1.0	32.3	1442.4	393.9	0.000	0.0	0.0	13493.43	71093.97	27229.161	7001.58	4170.45	5629.08	52.75
OliveGIS	30set19	19:12:47	D:\wx_medgold\wx_agmerra_andalusia\agmerra_1416_212_ESP.txt	-6.1250	37.1250	1	1096	12	31	1982	2682.9	0.0	10386.2	10903.6	    88.0	     1.0	15.6	1247.2	397.3	0.000	0.0	0.0	15606.56	78418.04	30592.628	8220.46	4457.11	6207.68	54.71
OliveGIS	30set19	19:12:57	D:\wx_medgold\wx_agmerra_andalusia\agmerra_1416_213_ESP.txt	-6.1250	36.8750	1	1096	12	31	1982	2668.9	0.0	10064.8	10403.8	    95.0	     1.0	25.0	1567.5	448.8	0.000	0.0	0.0	21482.30	109843.41	47995.256	13066.22	6471.16	7170.50	65.84
OliveGIS	30set19	19:13:06	D:\wx_medgold\wx_agmerra_andalusia\agmerra_1416_214_ESP.txt	-6.1250	36.6250	1	1096	12	31	1982	2675.7	0.0	10615.3	10808.7	    92.0	     1.0	13.1	1757.2	445.0	0.000	0.0	0.0	36611.97	175411.32	85332.154	27896.50	9967.44	8880.44	78.33
OliveGIS	30set19	19:13:14	D:\wx_medgold\wx_agmerra_andalusia\agmerra_1416_215_ESP.txt	-6.1250	36.3750	1	1096	12	31	1982	2633.9	0.0	9246.5	9435.3	   101.0	     1.0	39.7	1919.2	473.7	0.000	0.0	0.0	20082.50	99948.52	41499.436	10275.72	5354.71	6402.03	64.92
OliveGIS	30set19	19:13:24	D:\wx_medgold\wx_agmerra_andalusia\agmerra_1417_208_ESP.txt	-5.8750	38.1250	1	1096	12	31	1982	2631.3	0.3	8092.7	8324.8	   123.0	     1.0	107.1	2410.4	400.1	0.000	0.0	0.0	23154.57	131516.05	58758.597	25353.49	5498.86	5703.96	65.83
OliveGIS	30set19	19:13:31	D:\wx_medgold\wx_agmerra_andalusia\agmerra_1417_209_ESP.txt	-5.8750	37.8750	1	1096	12	31	1982	2640.2	0.0	7689.6	7915.4	   115.0	     1.0	74.8	2220.0	430.8	0.000	0.0	0.0	16852.49	84270.02	31333.359	11396.28	3918.75	5115.11	61.86
OliveGIS	30set19	19:13:39	D:\wx_medgold\wx_agmerra_andalusia\agmerra_1417_210_ESP.txt	-5.8750	37.6250	1	1096	12	31	1982	2648.9	0.0	8666.1	9026.7	   101.0	     1.0	50.9	1829.5	394.2	0.000	0.0	0.0	13507.91	68512.63	27354.441	6342.55	3854.77	5176.34	54.88
OliveGIS	30set19	19:13:47	D:\wx_medgold\wx_agmerra_andalusia\agmerra_1417_211_ESP.txt	-5.8750	37.3750	1	1096	12	31	1982	2677.6	0.0	9468.4	10058.3	    93.0	     1.0	28.7	1343.0	393.3	0.000	0.0	0.0	12130.28	63296.23	23229.937	6335.67	3602.69	5266.21	50.01
OliveGIS	30set19	19:13:56	D:\wx_medgold\wx_agmerra_andalusia\agmerra_1417_212_ESP.txt	-5.8750	37.1250	1	1096	12	31	1982	2681.5	0.0	10250.4	10825.6	    88.0	     1.0	19.5	1261.4	383.3	0.000	0.0	0.0	14430.11	73029.27	28536.762	7852.66	4213.76	5988.77	53.06
OliveGIS	30set19	19:14:07	D:\wx_medgold\wx_agmerra_andalusia\agmerra_1417_213_ESP.txt	-5.8750	36.8750	1	1096	12	31	1982	2675.6	0.0	10174.7	10533.0	    97.0	     1.0	24.4	1646.7	408.7	0.000	0.0	0.0	19334.83	97390.08	40687.012	10216.68	5626.75	6787.16	61.47
OliveGIS	30set19	19:14:16	D:\wx_medgold\wx_agmerra_andalusia\agmerra_1417_214_ESP.txt	-5.8750	36.6250	1	1096	12	31	1982	2686.2	0.0	9975.3	10189.0	    92.0	     1.0	12.1	1735.2	472.4	0.000	0.0	0.0	27472.72	134529.02	61005.561	17726.74	7497.84	7729.52	72.33
OliveGIS	30set19	19:14:24	D:\wx_medgold\wx_agmerra_andalusia\agmerra_1417_215_ESP.txt	-5.8750	36.3750	1	1096	12	31	1982	2683.0	0.0	9431.0	9527.8	    95.0	     1.0	10.2	2050.5	563.8	0.000	0.0	0.0	38465.99	186077.21	92568.366	32853.69	9946.65	8193.34	81.69
OliveGIS	30set19	19:14:32	D:\wx_medgold\wx_agmerra_andalusia\agmerra_1418_208_ESP.txt	-5.6250	38.1250	1	1096	12	31	1982	2635.7	0.3	7786.4	8024.5	   121.0	     1.0	102.7	2310.2	412.7	0.000	0.0	0.0	21259.04	109606.00	44933.126	19412.08	5043.15	5638.59	67.31
OliveGIS	30set19	19:14:39	D:\wx_medgold\wx_agmerra_andalusia\agmerra_1418_209_ESP.txt	-5.6250	37.8750	1	1096	12	31	1982	2638.7	0.0	8261.8	8517.9	   113.0	     1.0	72.0	2093.9	415.8	0.000	0.0	0.0	15147.12	73330.60	27828.419	8851.53	3780.09	5200.48	58.54
OliveGIS	30set19	19:14:47	D:\wx_medgold\wx_agmerra_andalusia\agmerra_1418_210_ESP.txt	-5.6250	37.6250	1	1096	12	31	1982	2656.2	0.0	8813.3	9182.8	   101.0	     1.0	52.1	1770.6	394.1	0.000	0.0	0.0	12560.04	64213.93	25253.434	5711.16	3663.73	5009.18	52.16
OliveGIS	30set19	19:14:55	D:\wx_medgold\wx_agmerra_andalusia\agmerra_1418_211_ESP.txt	-5.6250	37.3750	1	1096	12	31	1982	2667.6	0.0	9289.6	9820.9	    95.0	     1.0	34.1	1425.6	393.6	0.000	0.0	0.0	12329.82	65357.72	24068.545	6485.85	3774.27	5260.81	51.25
OliveGIS	30set19	19:15:04	D:\wx_medgold\wx_agmerra_andalusia\agmerra_1418_212_ESP.txt	-5.6250	37.1250	1	1096	12	31	1982	2683.2	0.0	9900.6	10320.5	    96.0	     1.0	29.1	1581.0	388.0	0.000	0.0	0.0	15791.81	82758.99	32657.988	8114.71	4750.80	6156.53	56.69
OliveGIS	30set19	19:15:13	D:\wx_medgold\wx_agmerra_andalusia\agmerra_1418_213_ESP.txt	-5.6250	36.8750	1	1096	12	31	1982	2652.7	0.0	8331.6	8530.3	   104.0	     1.0	37.8	2015.2	428.0	0.000	0.0	0.0	19843.34	96984.16	39547.202	11237.03	5086.19	5983.26	67.16
OliveGIS	30set19	19:15:21	D:\wx_medgold\wx_agmerra_andalusia\agmerra_1418_214_ESP.txt	-5.6250	36.6250	1	1096	12	31	1982	2667.0	0.0	8897.9	9027.5	    99.0	     1.0	17.8	2082.0	511.1	0.000	0.0	0.0	28917.90	137184.13	59290.054	20293.82	7088.20	7183.05	75.67
OliveGIS	30set19	19:15:29	D:\wx_medgold\wx_agmerra_andalusia\agmerra_1418_215_ESP.txt	-5.6250	36.3750	1	1096	12	31	1982	2658.1	0.0	8410.1	8470.1	    99.0	     1.0	13.9	2278.7	697.4	0.000	0.0	0.0	37192.81	185561.76	99522.253	39271.65	9814.53	7393.62	83.06
OliveGIS	30set19	19:15:36	D:\wx_medgold\wx_agmerra_andalusia\agmerra_1418_216_ESP.txt	-5.6250	36.1250	1	1096	12	31	1982	2686.1	0.0	9641.1	9742.1	    90.0	     1.0	0.6	2294.0	488.2	0.000	0.0	0.0	52700.40	276720.68	181031.771	87451.59	15431.15	8920.38	86.82
OliveGIS	30set19	19:15:43	D:\wx_medgold\wx_agmerra_andalusia\agmerra_1419_207_ESP.txt	-5.3750	38.3750	1	1096	12	31	1982	2621.6	0.6	8362.7	8616.3	   131.0	     1.0	147.9	2469.3	369.8	0.000	0.0	0.0	27376.13	157894.58	85739.926	32561.52	6225.93	6003.13	66.85
OliveGIS	30set19	19:15:50	D:\wx_medgold\wx_agmerra_andalusia\agmerra_1419_208_ESP.txt	-5.3750	38.1250	1	1096	12	31	1982	2623.6	0.4	7974.3	8267.9	   123.0	     1.0	117.0	2295.2	396.1	0.000	0.0	0.0	19538.45	98271.59	37258.395	20039.80	4368.71	5386.03	62.60
OliveGIS	30set19	19:15:58	D:\wx_medgold\wx_agmerra_andalusia\agmerra_1419_209_ESP.txt	-5.3750	37.8750	1	1096	12	31	1982	2650.2	0.0	8560.7	8945.1	   105.0	     1.0	57.0	1835.6	430.4	0.000	0.0	0.0	11995.08	61355.20	24321.328	5620.43	3546.27	4873.58	52.08
OliveGIS	30set19	19:16:07	D:\wx_medgold\wx_agmerra_andalusia\agmerra_1419_210_ESP.txt	-5.3750	37.6250	1	1096	12	31	1982	2670.8	0.0	10030.7	10569.0	    98.0	     1.0	43.2	1570.8	392.1	0.000	0.0	0.0	13247.32	68777.76	25577.393	6307.86	3943.59	5590.91	50.46
OliveGIS	30set19	19:16:16	D:\wx_medgold\wx_agmerra_andalusia\agmerra_1419_211_ESP.txt	-5.3750	37.3750	1	1096	12	31	1982	2657.0	0.0	9715.5	10170.5	    97.0	     1.0	37.6	1526.2	431.8	0.000	0.0	0.0	14506.57	75309.27	28942.675	7353.42	4343.57	5809.20	54.71
OliveGIS	30set19	19:16:24	D:\wx_medgold\wx_agmerra_andalusia\agmerra_1419_212_ESP.txt	-5.3750	37.1250	1	1096	12	31	1982	2663.1	0.0	8449.9	8695.4	   102.0	     1.0	39.2	1914.0	437.9	0.000	0.0	0.0	15819.54	78928.36	31934.027	8124.80	4355.26	5513.52	60.61
OliveGIS	30set19	19:16:32	D:\wx_medgold\wx_agmerra_andalusia\agmerra_1419_213_ESP.txt	-5.3750	36.8750	1	1096	12	31	1982	2545.4	0.0	6828.2	6854.9	   132.0	     1.0	151.2	2974.4	468.5	0.000	0.0	0.0	36913.92	226854.02	216156.038	89153.13	7897.12	5704.51	80.33
OliveGIS	30set19	19:16:40	D:\wx_medgold\wx_agmerra_andalusia\agmerra_1419_214_ESP.txt	-5.3750	36.6250	1	1096	12	31	1982	2582.1	0.0	6540.3	6564.9	   124.0	     1.0	84.5	3052.8	556.3	0.000	0.0	0.0	41163.89	237236.85	213817.148	114608.19	9667.28	5830.74	85.11
OliveGIS	30set19	19:16:47	D:\wx_medgold\wx_agmerra_andalusia\agmerra_1419_215_ESP.txt	-5.3750	36.3750	1	1096	12	31	1982	2671.8	0.0	8094.7	8187.7	   100.0	     1.0	14.8	2164.9	549.2	0.000	0.0	0.0	31605.24	158392.25	80841.729	29527.71	8371.71	6898.30	80.15
OliveGIS	30set19	19:16:55	D:\wx_medgold\wx_agmerra_andalusia\agmerra_1420_206_ESP.txt	-5.1250	38.6250	1	1096	12	31	1982	2630.2	0.5	8036.7	8370.6	   128.0	     1.0	131.0	2380.3	383.2	0.000	0.0	0.0	22049.87	127091.83	55123.266	22113.13	5222.22	5561.85	63.77
OliveGIS	30set19	19:17:02	D:\wx_medgold\wx_agmerra_andalusia\agmerra_1420_207_ESP.txt	-5.1250	38.3750	1	1096	12	31	1982	2624.4	0.6	7900.7	8104.9	   133.0	     1.0	155.7	2519.3	378.8	0.000	0.0	0.0	26509.96	172293.89	104763.283	29809.52	6532.56	5698.18	67.33
OliveGIS	30set19	19:17:10	D:\wx_medgold\wx_agmerra_andalusia\agmerra_1420_208_ESP.txt	-5.1250	38.1250	1	1096	12	31	1982	2626.4	0.3	7987.0	8296.2	   123.0	     1.0	117.5	2266.3	397.7	0.000	0.0	0.0	19489.82	98128.58	37292.619	19957.30	4408.00	5433.44	62.97
OliveGIS	30set19	19:17:18	D:\wx_medgold\wx_agmerra_andalusia\agmerra_1420_209_ESP.txt	-5.1250	37.8750	1	1096	12	31	1982	2652.4	0.0	8519.2	8933.1	   104.0	     1.0	58.2	1787.3	416.7	0.000	0.0	0.0	12135.47	62796.83	24919.251	5800.23	3684.26	4947.97	52.84
OliveGIS	30set19	19:17:27	D:\wx_medgold\wx_agmerra_andalusia\agmerra_1420_210_ESP.txt	-5.1250	37.6250	1	1096	12	31	1982	2666.5	0.0	9537.6	10065.4	    99.0	     1.0	46.0	1614.6	378.6	0.000	0.0	0.0	13137.08	67428.59	25207.957	6228.17	3842.38	5444.19	51.61
OliveGIS	30set19	19:17:36	D:\wx_medgold\wx_agmerra_andalusia\agmerra_1420_211_ESP.txt	-5.1250	37.3750	1	1096	12	31	1982	2663.6	0.0	9656.4	10112.4	    99.0	     1.0	40.8	1566.3	420.0	0.000	0.0	0.0	14408.68	75279.24	29039.150	7140.88	4311.50	5776.71	54.59
OliveGIS	30set19	19:17:45	D:\wx_medgold\wx_agmerra_andalusia\agmerra_1420_212_ESP.txt	-5.1250	37.1250	1	1096	12	31	1982	2668.4	0.0	8462.8	8708.2	   103.0	     1.0	42.1	1922.5	423.4	0.000	0.0	0.0	17235.10	85573.29	35226.926	9847.91	4731.63	5785.65	63.23
OliveGIS	30set19	19:17:53	D:\wx_medgold\wx_agmerra_andalusia\agmerra_1420_213_ESP.txt	-5.1250	36.8750	1	1096	12	31	1982	2571.1	0.0	6853.3	6870.8	   132.0	     1.0	140.9	2951.3	462.7	0.000	0.0	0.0	37216.45	230620.84	216044.444	87953.22	8104.37	5735.44	80.43
OliveGIS	30set19	19:18:01	D:\wx_medgold\wx_agmerra_andalusia\agmerra_1420_214_ESP.txt	-5.1250	36.6250	1	1096	12	31	1982	2647.3	0.0	7014.5	7009.8	   121.0	     1.0	43.0	2978.1	507.5	0.000	0.0	0.0	42719.78	250060.19	197543.421	133186.10	10729.15	6337.08	85.16
OliveGIS	30set19	19:18:08	D:\wx_medgold\wx_agmerra_andalusia\agmerra_1421_206_ESP.txt	-4.8750	38.6250	1	1096	12	31	1982	2627.5	0.5	8049.2	8376.7	   128.0	     1.0	128.1	2380.7	421.7	0.000	0.0	0.0	22200.08	121865.68	51644.429	18330.51	5046.94	5656.32	64.83
OliveGIS	30set19	19:18:16	D:\wx_medgold\wx_agmerra_andalusia\agmerra_1421_207_ESP.txt	-4.8750	38.3750	1	1096	12	31	1982	2559.1	1.4	8006.4	8118.3	   138.0	     1.0	266.1	2764.0	392.8	0.000	0.0	0.0	32666.90	231475.49	227501.069	50746.26	7308.85	5895.30	70.44
OliveGIS	30set19	19:18:24	D:\wx_medgold\wx_agmerra_andalusia\agmerra_1421_208_ESP.txt	-4.8750	38.1250	1	1096	12	31	1982	2627.2	0.5	7692.6	7917.7	   128.0	     1.0	145.4	2415.7	363.7	0.000	0.0	0.0	25156.08	136389.29	65772.246	34468.68	5612.81	5688.80	68.99
OliveGIS	30set19	19:18:32	D:\wx_medgold\wx_agmerra_andalusia\agmerra_1421_209_ESP.txt	-4.8750	37.8750	1	1096	12	31	1982	2652.9	0.0	8721.8	9053.2	   112.0	     1.0	74.1	2003.8	462.8	0.000	0.0	0.0	15243.09	75556.31	29926.677	8326.27	4129.24	5529.83	58.34
OliveGIS	30set19	19:18:41	D:\wx_medgold\wx_agmerra_andalusia\agmerra_1421_210_ESP.txt	-4.8750	37.6250	1	1096	12	31	1982	2658.1	0.0	8572.7	8923.4	   106.0	     1.0	62.0	1886.5	424.8	0.000	0.0	0.0	13242.03	66543.38	26190.011	6331.93	3692.82	5081.22	54.36
OliveGIS	30set19	19:18:51	D:\wx_medgold\wx_agmerra_andalusia\agmerra_1421_211_ESP.txt	-4.8750	37.3750	1	1096	12	31	1982	2653.4	0.0	8682.2	8924.3	   111.0	     1.0	62.5	2068.4	460.5	0.000	0.0	0.0	19398.21	94628.87	36836.460	11815.92	4796.04	6013.07	64.46
OliveGIS	30set19	19:19:00	D:\wx_medgold\wx_agmerra_andalusia\agmerra_1421_212_ESP.txt	-4.8750	37.1250	1	1096	12	31	1982	2656.6	0.0	7632.1	7765.8	   115.0	     1.0	62.2	2323.1	455.3	0.000	0.0	0.0	22900.35	114961.60	49850.555	30343.13	5586.49	5870.73	71.94
OliveGIS	30set19	19:19:08	D:\wx_medgold\wx_agmerra_andalusia\agmerra_1421_213_ESP.txt	-4.8750	36.8750	1	1096	12	31	1982	2646.0	0.0	7812.9	7869.9	   117.0	     1.0	62.0	2451.7	505.5	0.000	0.0	0.0	27665.08	137569.02	66707.699	44107.45	6415.32	6245.00	75.64
OliveGIS	30set19	19:19:18	D:\wx_medgold\wx_agmerra_andalusia\agmerra_1421_214_ESP.txt	-4.8750	36.6250	1	1096	12	31	1982	2671.8	0.0	7878.0	7953.6	   100.0	     1.0	10.0	2310.9	538.9	0.000	0.0	0.0	33022.37	171022.41	96357.959	41023.32	9190.87	6823.25	81.48
OliveGIS	30set19	19:19:25	D:\wx_medgold\wx_agmerra_andalusia\agmerra_1422_207_ESP.txt	-4.6250	38.3750	1	1096	12	31	1982	2523.6	1.6	7964.1	8067.5	   139.0	     1.0	275.9	2800.2	392.7	0.000	0.0	0.0	31836.07	211255.25	215944.848	49215.14	6752.00	5797.52	70.08
OliveGIS	30set19	19:19:33	D:\wx_medgold\wx_agmerra_andalusia\agmerra_1422_208_ESP.txt	-4.6250	38.1250	1	1096	12	31	1982	2628.4	0.4	7557.3	7790.1	   128.0	     1.0	148.6	2389.8	354.7	0.000	0.0	0.0	23732.36	124307.04	58166.885	32467.56	5232.25	5557.20	68.50
OliveGIS	30set19	19:19:43	D:\wx_medgold\wx_agmerra_andalusia\agmerra_1422_209_ESP.txt	-4.6250	37.8750	1	1096	12	31	1982	2651.1	0.0	8598.9	8954.2	   112.0	     1.0	78.2	1993.5	427.5	0.000	0.0	0.0	15023.58	74292.22	29302.328	8579.10	4035.84	5452.42	58.10
OliveGIS	30set19	19:19:53	D:\wx_medgold\wx_agmerra_andalusia\agmerra_1422_210_ESP.txt	-4.6250	37.6250	1	1096	12	31	1982	2656.9	0.0	8808.8	9164.4	   111.0	     1.0	69.1	1961.0	418.1	0.000	0.0	0.0	14235.46	70190.02	27416.041	7908.83	3810.97	5314.40	55.31
OliveGIS	30set19	19:20:02	D:\wx_medgold\wx_agmerra_andalusia\agmerra_1422_211_ESP.txt	-4.6250	37.3750	1	1096	12	31	1982	2647.7	0.0	7527.2	7739.9	   114.0	     1.0	69.7	2148.2	452.4	0.000	0.0	0.0	19495.25	96062.57	39009.435	17464.17	4771.93	5531.09	68.36
OliveGIS	30set19	19:20:12	D:\wx_medgold\wx_agmerra_andalusia\agmerra_1422_212_ESP.txt	-4.6250	37.1250	1	1096	12	31	1982	2653.2	0.0	7430.5	7574.8	   115.0	     1.0	65.7	2293.9	460.2	0.000	0.0	0.0	23226.06	116922.83	51935.146	33926.49	5780.42	5858.21	73.49
OliveGIS	30set19	19:20:21	D:\wx_medgold\wx_agmerra_andalusia\agmerra_1422_213_ESP.txt	-4.6250	36.8750	1	1096	12	31	1982	2650.1	0.0	7732.9	7818.2	   115.0	     1.0	53.4	2352.0	486.7	0.000	0.0	0.0	25474.27	126673.87	59389.251	42918.71	6238.44	6165.89	75.18
OliveGIS	30set19	19:20:30	D:\wx_medgold\wx_agmerra_andalusia\agmerra_1422_214_ESP.txt	-4.6250	36.6250	1	1096	12	31	1982	2685.4	0.0	7816.3	7963.3	    95.0	     1.0	3.5	2103.1	455.2	0.000	0.0	0.0	33463.70	176515.34	100374.737	41455.59	9855.75	6930.51	82.27
OliveGIS	30set19	19:20:39	D:\wx_medgold\wx_agmerra_andalusia\agmerra_1423_208_ESP.txt	-4.3750	38.1250	1	1096	12	31	1982	2633.4	0.2	7857.1	8131.2	   127.0	     1.0	141.9	2357.4	399.5	0.000	0.0	0.0	24532.26	129756.76	59865.902	30011.35	5567.87	5867.93	69.12
OliveGIS	30set19	19:20:48	D:\wx_medgold\wx_agmerra_andalusia\agmerra_1423_209_ESP.txt	-4.3750	37.8750	1	1096	12	31	1982	2656.1	0.0	8446.8	9021.6	   106.0	     1.0	65.3	1705.1	461.7	0.000	0.0	0.0	11996.87	62783.66	24354.353	5906.02	3687.24	4979.29	52.72
OliveGIS	30set19	19:20:58	D:\wx_medgold\wx_agmerra_andalusia\agmerra_1423_210_ESP.txt	-4.3750	37.6250	1	1096	12	31	1982	2661.5	0.0	8648.7	9142.1	   109.0	     1.0	63.6	1821.8	455.3	0.000	0.0	0.0	12435.12	62786.94	24450.878	5834.84	3517.86	4997.58	52.02
OliveGIS	30set19	19:21:08	D:\wx_medgold\wx_agmerra_andalusia\agmerra_1423_211_ESP.txt	-4.3750	37.3750	1	1096	12	31	1982	2632.2	0.0	7795.4	8023.0	   120.0	     1.0	92.5	2273.7	453.5	0.000	0.0	0.0	20211.59	100821.47	39963.243	24170.16	4712.26	5571.90	66.65
OliveGIS	30set19	19:21:17	D:\wx_medgold\wx_agmerra_andalusia\agmerra_1423_212_ESP.txt	-4.3750	37.1250	1	1096	12	31	1982	2646.4	0.0	7451.1	7641.4	   118.0	     1.0	79.2	2242.6	482.3	0.000	0.0	0.0	20535.77	101741.23	41129.399	25444.71	4822.72	5528.14	69.01
OliveGIS	30set19	19:21:26	D:\wx_medgold\wx_agmerra_andalusia\agmerra_1423_213_ESP.txt	-4.3750	36.8750	1	1096	12	31	1982	2647.0	0.0	5959.4	6052.1	   118.0	     1.0	72.5	2282.7	492.3	0.000	0.0	0.0	17618.92	87398.04	38238.407	24078.77	4305.01	4583.98	72.24
OliveGIS	30set19	19:21:35	D:\wx_medgold\wx_agmerra_andalusia\agmerra_1424_207_ESP.txt	-4.1250	38.3750	1	1096	12	31	1982	2604.7	1.3	7874.2	8056.0	   139.0	     1.0	273.6	2671.4	410.8	0.000	0.0	0.0	31902.93	208015.89	209052.747	55542.37	7012.82	5921.05	70.49
OliveGIS	30set19	19:21:43	D:\wx_medgold\wx_agmerra_andalusia\agmerra_1424_208_ESP.txt	-4.1250	38.1250	1	1096	12	31	1982	2632.7	0.3	7612.6	7902.3	   129.0	     1.0	151.9	2335.9	384.1	0.000	0.0	0.0	23692.45	124756.10	58351.335	28616.10	5360.60	5684.69	68.97
OliveGIS	30set19	19:21:52	D:\wx_medgold\wx_agmerra_andalusia\agmerra_1424_209_ESP.txt	-4.1250	37.8750	1	1096	12	31	1982	2646.7	0.0	8699.0	9276.8	   111.0	     1.0	75.4	1805.8	451.6	0.000	0.0	0.0	12581.17	64080.18	25093.143	6704.54	3639.66	5078.06	52.35
OliveGIS	30set19	19:22:01	D:\wx_medgold\wx_agmerra_andalusia\agmerra_1424_210_ESP.txt	-4.1250	37.6250	1	1096	12	31	1982	2655.0	0.0	7424.3	7774.4	   117.0	     1.0	82.0	2095.0	453.9	0.000	0.0	0.0	16118.52	79364.78	30580.149	14041.58	3985.42	5130.03	62.92
OliveGIS	30set19	19:22:09	D:\wx_medgold\wx_agmerra_andalusia\agmerra_1424_211_ESP.txt	-4.1250	37.3750	1	1096	12	31	1982	2632.0	0.1	7189.5	7343.6	   127.0	     1.0	117.3	2479.5	453.1	0.000	0.0	0.0	26219.18	141039.96	74104.275	50618.51	5949.09	5631.31	73.52
OliveGIS	30set19	19:22:18	D:\wx_medgold\wx_agmerra_andalusia\agmerra_1424_212_ESP.txt	-4.1250	37.1250	1	1096	12	31	1982	2638.7	0.0	7715.7	7914.2	   122.0	     1.0	91.0	2341.2	476.1	0.000	0.0	0.0	22609.95	113662.05	49209.275	36202.17	5428.41	5847.52	70.81
OliveGIS	30set19	19:22:29	D:\wx_medgold\wx_agmerra_andalusia\agmerra_1424_213_ESP.txt	-4.1250	36.8750	1	1096	12	31	1982	2646.0	0.0	6208.2	6284.7	   120.0	     1.0	74.0	2339.2	495.3	0.000	0.0	0.0	20187.60	100310.16	46225.708	32966.71	4869.31	4924.30	74.67
OliveGIS	30set19	19:22:38	D:\wx_medgold\wx_agmerra_andalusia\agmerra_1425_207_ESP.txt	-3.8750	38.3750	1	1096	12	31	1982	2629.3	0.3	7690.8	8044.7	   134.0	     1.0	149.1	2435.4	456.6	0.000	0.0	0.0	26245.89	143560.51	70202.905	35670.78	5924.67	5941.01	70.77
OliveGIS	30set19	19:22:48	D:\wx_medgold\wx_agmerra_andalusia\agmerra_1425_208_ESP.txt	-3.8750	38.1250	1	1096	12	31	1982	2636.9	0.0	8066.9	8545.8	   123.0	     1.0	116.8	2150.2	435.3	0.000	0.0	0.0	16892.82	85274.94	30721.893	14124.08	3842.82	5251.25	58.98
OliveGIS	30set19	19:22:57	D:\wx_medgold\wx_agmerra_andalusia\agmerra_1425_209_ESP.txt	-3.8750	37.8750	1	1096	12	31	1982	2652.5	0.0	7832.2	8658.7	   113.0	     1.0	79.6	1679.5	475.9	0.000	0.0	0.0	9287.70	49196.74	18089.053	4086.39	2886.22	4161.08	45.80
OliveGIS	30set19	19:23:07	D:\wx_medgold\wx_agmerra_andalusia\agmerra_1425_210_ESP.txt	-3.8750	37.6250	1	1096	12	31	1982	2637.2	0.0	7678.3	8204.3	   121.0	     1.0	94.9	2071.5	493.2	0.000	0.0	0.0	14874.06	72696.83	27599.742	11690.15	3658.26	5038.25	58.93
OliveGIS	30set19	19:23:16	D:\wx_medgold\wx_agmerra_andalusia\agmerra_1425_211_ESP.txt	-3.8750	37.3750	1	1096	12	31	1982	2629.1	0.3	7346.6	7563.6	   132.0	     1.0	143.2	2409.3	379.8	0.000	0.0	0.0	24643.50	134435.19	69292.926	33684.23	5755.31	5603.59	71.04
OliveGIS	30set19	19:23:25	D:\wx_medgold\wx_agmerra_andalusia\agmerra_1425_212_ESP.txt	-3.8750	37.1250	1	1096	12	31	1982	2634.9	0.1	7797.7	8113.5	   123.0	     1.0	107.0	2198.4	393.2	0.000	0.0	0.0	19120.88	94336.16	36103.806	24698.14	4323.49	5433.72	64.39
OliveGIS	30set19	19:23:34	D:\wx_medgold\wx_agmerra_andalusia\agmerra_1425_213_ESP.txt	-3.8750	36.8750	1	1096	12	31	1982	2643.6	0.0	7817.1	8151.9	   117.0	     1.0	87.0	1956.5	479.2	0.000	0.0	0.0	13927.91	67708.88	25849.693	8277.70	3430.21	4881.32	57.25
OliveGIS	30set19	19:23:44	D:\wx_medgold\wx_agmerra_andalusia\agmerra_1426_207_ESP.txt	-3.6250	38.3750	1	1096	12	31	1982	2629.1	0.3	7606.4	7969.1	   135.0	     1.0	159.5	2444.4	438.3	0.000	0.0	0.0	27461.21	154096.79	86650.353	34839.90	6272.36	5907.99	71.00
OliveGIS	30set19	19:23:53	D:\wx_medgold\wx_agmerra_andalusia\agmerra_1426_208_ESP.txt	-3.6250	38.1250	1	1096	12	31	1982	2631.6	0.1	8260.7	8761.3	   125.0	     1.0	126.0	2205.6	415.6	0.000	0.0	0.0	20992.47	105333.64	40935.398	26404.85	4770.23	5841.08	64.05
OliveGIS	30set19	19:24:02	D:\wx_medgold\wx_agmerra_andalusia\agmerra_1426_209_ESP.txt	-3.6250	37.8750	1	1096	12	31	1982	2654.1	0.0	7327.9	8071.2	   118.0	     1.0	90.5	1822.5	454.7	0.000	0.0	0.0	10167.34	51375.07	19950.975	5778.30	2848.92	4193.48	49.41
OliveGIS	30set19	19:24:12	D:\wx_medgold\wx_agmerra_andalusia\agmerra_1426_210_ESP.txt	-3.6250	37.6250	1	1096	12	31	1982	2630.9	0.1	7398.6	7840.1	   127.0	     1.0	117.8	2283.9	468.2	0.000	0.0	0.0	20565.97	107852.88	44929.334	24882.24	5020.62	5473.76	67.16
OliveGIS	30set19	19:24:19	D:\wx_medgold\wx_agmerra_andalusia\agmerra_1426_211_ESP.txt	-3.6250	37.3750	1	1096	12	31	1982	2618.0	0.9	7178.1	7310.0	   137.0	     1.0	258.4	2604.8	387.1	0.000	0.0	0.0	28089.68	173229.57	184165.633	44710.02	6764.15	5607.21	73.04
OliveGIS	30set19	19:24:27	D:\wx_medgold\wx_agmerra_andalusia\agmerra_1426_212_ESP.txt	-3.6250	37.1250	1	1096	12	31	1982	2626.8	0.2	7139.5	7369.4	   129.0	     1.0	133.1	2404.9	470.7	0.000	0.0	0.0	22443.12	117202.23	55698.691	37535.93	5229.09	5417.36	70.46
OliveGIS	30set19	19:24:36	D:\wx_medgold\wx_agmerra_andalusia\agmerra_1426_213_ESP.txt	-3.6250	36.8750	1	1096	12	31	1982	2640.5	0.0	7809.2	8088.3	   121.0	     1.0	102.1	2111.8	458.7	0.000	0.0	0.0	16666.22	80749.97	30139.239	12485.70	3830.01	5212.87	61.56
OliveGIS	30set19	19:24:47	D:\wx_medgold\wx_agmerra_andalusia\agmerra_1427_207_ESP.txt	-3.3750	38.3750	1	1096	12	31	1982	2633.3	0.1	7359.8	7790.1	   131.0	     1.0	141.2	2309.1	455.6	0.000	0.0	0.0	20177.18	107828.37	45932.889	20600.69	4637.01	5332.37	65.62
OliveGIS	30set19	19:24:55	D:\wx_medgold\wx_agmerra_andalusia\agmerra_1427_208_ESP.txt	-3.3750	38.1250	1	1096	12	31	1982	2632.6	0.1	7752.3	8313.6	   123.0	     1.0	114.6	2107.7	434.6	0.000	0.0	0.0	16336.20	80926.18	29706.578	13116.21	3750.84	5139.25	59.30
OliveGIS	30set19	19:25:06	D:\wx_medgold\wx_agmerra_andalusia\agmerra_1427_209_ESP.txt	-3.3750	37.8750	1	1096	12	31	1982	2631.5	0.1	7671.3	8226.5	   120.0	     1.0	99.2	1996.8	410.0	0.000	0.0	0.0	13447.56	65151.70	24021.838	9426.07	3248.44	4765.32	55.53
OliveGIS	30set19	19:25:15	D:\wx_medgold\wx_agmerra_andalusia\agmerra_1427_210_ESP.txt	-3.3750	37.6250	1	1096	12	31	1982	2626.0	0.2	6758.7	6982.1	   134.0	     1.0	149.5	2523.2	427.6	0.000	0.0	0.0	26387.10	159492.24	102174.625	50690.19	6576.82	5428.15	74.32
OliveGIS	30set19	19:25:23	D:\wx_medgold\wx_agmerra_andalusia\agmerra_1427_211_ESP.txt	-3.3750	37.3750	1	1096	12	31	1982	1877.9	11.5	8695.0	10220.5	   162.0	     1.0	556.3	3245.8	226.6	0.000	0.0	0.0	11380.75	116399.36	64729.492	4309.78	1551.65	2046.14	19.60
OliveGIS	30set19	19:25:29	D:\wx_medgold\wx_agmerra_andalusia\agmerra_1427_212_ESP.txt	-3.3750	37.1250	1	1096	12	31	1982	2056.8	5.3	6773.8	7242.8	   158.0	     1.0	443.5	3165.0	670.2	0.000	0.0	0.0	24748.87	193280.95	261599.995	15775.15	4915.80	4054.53	54.74
OliveGIS	30set19	19:25:36	D:\wx_medgold\wx_agmerra_andalusia\agmerra_1427_213_ESP.txt	-3.3750	36.8750	1	1096	12	31	1982	2475.8	1.3	6675.9	6726.0	   143.0	     1.0	315.9	2693.1	691.5	0.000	0.0	0.0	24472.45	136551.83	161334.403	42670.47	5202.73	4939.34	71.39
OliveGIS	30set19	19:25:45	D:\wx_medgold\wx_agmerra_andalusia\agmerra_1428_207_ESP.txt	-3.1250	38.3750	1	1096	12	31	1982	2632.4	0.3	7417.0	7750.2	   136.0	     1.0	171.0	2505.9	435.7	0.000	0.0	0.0	29898.44	186286.03	123714.384	40083.29	7548.43	6060.17	74.48
OliveGIS	30set19	19:25:53	D:\wx_medgold\wx_agmerra_andalusia\agmerra_1428_208_ESP.txt	-3.1250	38.1250	1	1096	12	31	1982	2630.0	0.2	7004.3	7364.4	   133.0	     1.0	143.2	2411.5	450.7	0.000	0.0	0.0	26692.45	145816.99	81104.719	35040.78	6497.33	5808.09	75.30
OliveGIS	30set19	19:26:01	D:\wx_medgold\wx_agmerra_andalusia\agmerra_1428_209_ESP.txt	-3.1250	37.8750	1	1096	12	31	1982	2631.8	0.2	7428.6	7859.3	   128.0	     1.0	121.7	2294.7	429.5	0.000	0.0	0.0	22935.58	120452.01	54160.732	29577.89	5688.77	5817.19	71.03
OliveGIS	30set19	19:26:10	D:\wx_medgold\wx_agmerra_andalusia\agmerra_1428_210_ESP.txt	-3.1250	37.6250	1	1096	12	31	1982	2629.5	0.2	7153.3	7352.2	   137.0	     1.0	177.7	2632.3	426.0	0.000	0.0	0.0	30083.14	179317.60	152248.625	56947.19	7187.14	5772.26	74.84
OliveGIS	30set19	19:26:17	D:\wx_medgold\wx_agmerra_andalusia\agmerra_1428_211_ESP.txt	-3.1250	37.3750	1	1096	12	31	1982	1884.0	10.2	8535.1	10017.8	   162.0	     1.0	544.3	3239.9	223.1	0.000	0.0	0.0	14257.03	140889.76	86247.933	5719.67	2000.56	2423.36	23.78
OliveGIS	30set19	19:26:22	D:\wx_medgold\wx_agmerra_andalusia\agmerra_1428_212_ESP.txt	-3.1250	37.1250	1	1096	12	31	1982	2122.9	2.7	6701.2	7010.4	   156.0	     1.0	393.4	3139.2	499.7	0.000	0.0	0.0	30344.47	210715.57	376645.022	37034.84	6715.09	4796.52	66.70
OliveGIS	30set19	19:26:29	D:\wx_medgold\wx_agmerra_andalusia\agmerra_1428_213_ESP.txt	-3.1250	36.8750	1	1096	12	31	1982	2549.9	0.5	6848.3	6898.1	   141.0	     1.0	273.0	2635.6	417.6	0.000	0.0	0.0	26469.66	152617.69	176042.022	57475.05	5979.84	5242.83	73.34
OliveGIS	30set19	19:26:38	D:\wx_medgold\wx_agmerra_andalusia\agmerra_1429_207_ESP.txt	-2.8750	38.3750	1	1096	12	31	1982	2483.4	2.4	6777.6	6996.9	   143.0	     1.0	325.8	2715.8	422.6	0.000	0.0	0.0	28244.19	165636.09	191007.644	38787.73	6060.78	5173.65	72.40
OliveGIS	30set19	19:26:45	D:\wx_medgold\wx_agmerra_andalusia\agmerra_1429_208_ESP.txt	-2.8750	38.1250	1	1096	12	31	1982	2480.5	1.9	6674.0	6892.5	   143.0	     1.0	315.7	2728.0	478.1	0.000	0.0	0.0	28372.18	161972.21	192314.099	44175.93	6047.58	5168.82	73.29
OliveGIS	30set19	19:26:52	D:\wx_medgold\wx_agmerra_andalusia\agmerra_1429_209_ESP.txt	-2.8750	37.8750	1	1096	12	31	1982	2399.8	1.3	6729.3	6864.7	   144.0	     1.0	301.3	2876.4	500.8	0.000	0.0	0.0	28581.64	169434.32	213662.871	52463.08	6163.99	5055.55	72.08
OliveGIS	30set19	19:26:58	D:\wx_medgold\wx_agmerra_andalusia\agmerra_1429_210_ESP.txt	-2.8750	37.6250	1	1096	12	31	1982	2320.4	1.4	6349.1	6485.7	   146.0	     1.0	321.0	2995.7	390.1	0.000	0.0	0.0	28333.59	165033.96	220726.548	35917.86	5989.04	4801.57	72.21
OliveGIS	30set19	19:27:05	D:\wx_medgold\wx_agmerra_andalusia\agmerra_1429_211_ESP.txt	-2.8750	37.3750	1	1096	12	31	1982	1302.7	48.5	58.4	133.1	   181.0	     1.0	901.5	3610.2	351.7	0.000	0.0	0.0	152.29	899.36	1278.327	126.06	24.61	27.40	17.10
OliveGIS	30set19	19:27:10	D:\wx_medgold\wx_agmerra_andalusia\agmerra_1429_212_ESP.txt	-2.8750	37.1250	1	1096	12	31	1982	1547.8	15.2	7840.3	12942.5	   173.0	     1.0	644.1	3605.6	401.1	0.000	0.0	0.0	6591.11	57240.37	40922.321	1849.28	792.44	1171.90	8.79
OliveGIS	30set19	19:27:15	D:\wx_medgold\wx_agmerra_andalusia\agmerra_1429_213_ESP.txt	-2.8750	36.8750	1	1096	12	31	1982	2633.1	0.0	8072.2	8228.8	   119.0	     1.0	79.7	2135.3	393.0	0.000	0.0	0.0	21509.34	105797.27	43067.861	21183.87	5208.91	6020.18	69.69
OliveGIS	30set19	19:27:24	D:\wx_medgold\wx_agmerra_andalusia\agmerra_1430_207_ESP.txt	-2.6250	38.3750	1	1096	12	31	1982	2352.0	3.4	6634.3	6844.7	   146.0	     1.0	361.5	2841.6	443.9	0.000	0.0	0.0	27747.18	158013.95	234240.857	48228.19	5827.88	4913.06	70.17
OliveGIS	30set19	19:27:31	D:\wx_medgold\wx_agmerra_andalusia\agmerra_1430_208_ESP.txt	-2.6250	38.1250	1	1096	12	31	1982	2295.8	3.2	6619.1	6842.7	   148.0	     1.0	369.7	2921.5	541.5	0.000	0.0	0.0	30457.92	179409.27	282372.912	44907.72	6667.41	5096.09	72.36
OliveGIS	30set19	19:27:37	D:\wx_medgold\wx_agmerra_andalusia\agmerra_1430_209_ESP.txt	-2.6250	37.8750	1	1096	12	31	1982	2254.0	1.9	6592.1	6789.2	   148.0	     1.0	342.0	3039.4	501.5	0.000	0.0	0.0	31811.10	196049.57	287555.236	47872.38	7022.71	5107.15	73.36
OliveGIS	30set19	19:27:44	D:\wx_medgold\wx_agmerra_andalusia\agmerra_1430_210_ESP.txt	-2.6250	37.6250	1	1096	12	31	1982	2309.6	1.2	6217.7	6370.2	   146.0	     1.0	320.3	3012.7	382.6	0.000	0.0	0.0	32215.18	193294.81	263889.930	53621.99	7102.94	4963.04	76.06
OliveGIS	30set19	19:27:50	D:\wx_medgold\wx_agmerra_andalusia\agmerra_1430_211_ESP.txt	-2.6250	37.3750	1	1096	12	31	1982	1358.3	37.4	282.9	596.4	   179.0	     1.0	836.2	3646.1	324.5	0.000	0.0	0.0	408.76	2864.70	2344.726	230.00	49.60	70.35	10.33
OliveGIS	30set19	19:27:55	D:\wx_medgold\wx_agmerra_andalusia\agmerra_1430_212_ESP.txt	-2.6250	37.1250	1	1096	12	31	1982	1654.4	6.8	6051.1	8856.2	   169.0	     1.0	541.6	3620.0	334.0	0.000	0.0	0.0	26196.68	224136.80	212778.952	13270.47	3994.90	3998.95	43.88
OliveGIS	30set19	19:28:01	D:\wx_medgold\wx_agmerra_andalusia\agmerra_1430_213_ESP.txt	-2.6250	36.8750	1	1096	12	31	1982	2642.8	0.0	8542.9	8760.3	   112.0	     1.0	54.7	1946.0	284.2	0.000	0.0	0.0	19110.24	91800.43	35758.614	11244.45	4559.52	5922.69	64.72
OliveGIS	30set19	19:28:10	D:\wx_medgold\wx_agmerra_andalusia\agmerra_1431_209_ESP.txt	-2.3750	37.8750	1	1096	12	31	1982	1859.6	7.8	7996.8	9651.2	   163.0	     1.0	508.6	3336.3	420.8	0.000	0.0	0.0	27710.34	254009.55	201386.135	16110.13	4646.33	4434.56	45.03
OliveGIS	30set19	19:28:16	D:\wx_medgold\wx_agmerra_andalusia\agmerra_1431_210_ESP.txt	-2.3750	37.6250	1	1096	12	31	1982	1997.1	4.1	6009.0	6689.4	   160.0	     1.0	431.5	3259.9	399.5	0.000	0.0	0.0	34373.98	244443.96	370799.677	47149.31	6677.56	4749.09	68.89
OliveGIS	30set19	19:28:21	D:\wx_medgold\wx_agmerra_andalusia\agmerra_1431_211_ESP.txt	-2.3750	37.3750	1	1096	12	31	1982	1917.7	4.1	5870.0	6853.5	   160.0	     1.0	433.9	3398.6	264.0	0.000	0.0	0.0	34843.52	246984.11	361671.454	56666.44	6631.72	4814.31	67.96
OliveGIS	30set19	19:28:27	D:\wx_medgold\wx_agmerra_andalusia\agmerra_1431_212_ESP.txt	-2.3750	37.1250	1	1096	12	31	1982	2251.6	0.2	6102.3	6218.8	   146.0	     1.0	218.0	3274.8	311.9	0.000	0.0	0.0	35426.36	222566.85	297984.699	90807.30	8530.27	5094.54	79.56
OliveGIS	30set19	19:28:34	D:\wx_medgold\wx_agmerra_andalusia\agmerra_1431_213_ESP.txt	-2.3750	36.8750	1	1096	12	31	1982	2644.9	0.0	8401.8	8625.9	   111.0	     1.0	47.5	1826.6	178.4	0.000	0.0	0.0	20295.47	101219.23	42597.033	14693.39	5268.27	6139.38	68.10
OliveGIS	30set19	19:28:44	D:\wx_medgold\wx_agmerra_andalusia\agmerra_1432_209_ESP.txt	-2.1250	37.8750	1	1096	12	31	1982	1991.0	4.3	6054.0	6741.9	   160.0	     1.0	429.0	3278.0	414.7	0.000	0.0	0.0	33946.40	234595.59	378139.878	46821.39	6896.05	4850.22	69.50
OliveGIS	30set19	19:28:50	D:\wx_medgold\wx_agmerra_andalusia\agmerra_1432_210_ESP.txt	-2.1250	37.6250	1	1096	12	31	1982	2230.2	1.1	6419.9	6616.6	   152.0	     1.0	316.0	3130.6	405.5	0.000	0.0	0.0	34550.95	216163.80	333224.342	65867.17	7922.87	5126.62	75.54
OliveGIS	30set19	19:28:57	D:\wx_medgold\wx_agmerra_andalusia\agmerra_1432_211_ESP.txt	-2.1250	37.3750	1	1096	12	31	1982	2172.7	0.7	6180.9	6407.3	   150.0	     1.0	291.9	3263.9	273.8	0.000	0.0	0.0	35406.05	226069.91	347483.426	88403.23	8081.02	5039.09	76.40
OliveGIS	30set19	19:29:04	D:\wx_medgold\wx_agmerra_andalusia\agmerra_1432_212_ESP.txt	-2.1250	37.1250	1	1096	12	31	1982	2500.7	0.0	6793.2	6791.2	   138.0	     1.0	108.9	3065.1	261.5	0.000	0.0	0.0	38686.08	224732.84	245325.375	127319.32	10072.29	5846.01	83.51
OliveGIS	30set19	19:29:13	D:\wx_medgold\wx_agmerra_andalusia\agmerra_1432_213_ESP.txt	-2.1250	36.8750	1	1096	12	31	1982	2665.5	0.0	8917.1	9189.0	   101.0	     1.0	19.1	1519.9	177.6	0.000	0.0	0.0	20068.70	101620.18	43042.220	11754.15	5543.61	6486.66	67.06
OliveGIS	30set19	19:29:21	D:\wx_medgold\wx_agmerra_andalusia\agmerra_1433_211_ESP.txt	-1.8750	37.3750	1	1096	12	31	1982	2645.7	0.0	8083.5	8359.1	   122.0	     1.0	90.7	2030.1	259.2	0.000	0.0	0.0	22583.54	111957.87	47803.672	27605.20	5584.35	6230.08	71.02
OliveGIS	30set19	19:29:30	D:\wx_medgold\wx_agmerra_andalusia\agmerra_1433_212_ESP.txt	-1.8750	37.1250	1	1096	12	31	1982	2659.8	0.0	8244.0	8425.8	   107.0	     1.0	23.7	1760.0	224.3	0.000	0.0	0.0	22273.91	114364.93	51954.429	18060.90	6168.33	6352.96	71.98
