Model	Date	Time	WxFile	Long	Lat	JdStart	DysToOut	Month	Day	Year	dd	ddbZero	FruWgt	fruNum	Bloomday	BloomYr	DDBSum	ChillHD	PrcpYrSum	TempIncr	ddbMinus10	ddbMinus83	OFEgDays	OFLrDays	OFPuDays	OFAdDays	OfPupSum	DamFrSum	PrcntAtkd
OliveGIS	30set19	19:10:01	D:\wx_medgold\wx_agmerra_andalusia\agmerra_1411_210_ESP.txt	-7.3750	37.6250	1	8401	12	31	2002	2648.6	0.0	9905.1	10130.6	   103.0	     1.0	31.8	2359.2	602.1	0.000	0.0	0.0	31361.35	168078.63	72918.900	17212.10	7669.55	7389.98	70.15
OliveGIS	30set19	19:10:11	D:\wx_medgold\wx_agmerra_andalusia\agmerra_1411_211_ESP.txt	-7.3750	37.3750	1	8401	12	31	2002	2645.9	0.0	7949.2	8060.2	   100.0	     1.0	32.8	2342.0	606.7	0.000	0.0	0.0	32763.23	174122.61	90068.774	32449.27	8433.84	6695.74	79.58
OliveGIS	30set19	19:10:19	D:\wx_medgold\wx_agmerra_andalusia\agmerra_1412_209_ESP.txt	-7.1250	37.8750	1	8401	12	31	2002	2634.4	0.0	10067.4	10262.7	   112.0	     1.0	49.0	2625.8	640.3	0.000	0.0	0.0	41191.15	236963.16	150690.283	41119.79	10845.53	8051.09	75.44
OliveGIS	30set19	19:10:26	D:\wx_medgold\wx_agmerra_andalusia\agmerra_1412_210_ESP.txt	-7.1250	37.6250	1	8401	12	31	2002	2649.5	0.0	9850.6	10073.0	   106.0	     1.0	36.4	2376.5	658.7	0.000	0.0	0.0	33302.21	181884.38	85386.086	21000.93	8544.89	7616.00	72.32
OliveGIS	30set19	19:10:33	D:\wx_medgold\wx_agmerra_andalusia\agmerra_1412_211_ESP.txt	-7.1250	37.3750	1	8401	12	31	2002	2644.7	0.0	8274.1	8409.0	   103.0	     1.0	37.4	2313.7	618.4	0.000	0.0	0.0	32342.75	169489.85	82252.671	27368.36	8079.32	6859.92	78.26
OliveGIS	30set19	19:10:41	D:\wx_medgold\wx_agmerra_andalusia\agmerra_1413_208_ESP.txt	-6.8750	38.1250	1	8401	12	31	2002	2627.4	0.0	7458.8	7607.4	   116.0	     1.0	85.7	2633.3	674.6	0.000	0.0	0.0	31748.79	181603.84	118995.732	40295.94	7966.53	6011.63	75.60
OliveGIS	30set19	19:10:48	D:\wx_medgold\wx_agmerra_andalusia\agmerra_1413_209_ESP.txt	-6.8750	37.8750	1	8401	12	31	2002	2640.0	0.0	9799.3	10020.2	   110.0	     1.0	52.4	2479.4	750.9	0.000	0.0	0.0	31293.18	175874.27	86747.056	18476.88	8266.42	7222.16	69.17
OliveGIS	30set19	19:10:56	D:\wx_medgold\wx_agmerra_andalusia\agmerra_1413_210_ESP.txt	-6.8750	37.6250	1	8401	12	31	2002	2653.3	0.0	8208.4	8435.4	   101.0	     1.0	35.9	2185.3	780.9	0.000	0.0	0.0	24178.41	123497.41	50009.863	13179.88	5701.40	6151.25	69.89
OliveGIS	30set19	19:11:06	D:\wx_medgold\wx_agmerra_andalusia\agmerra_1413_211_ESP.txt	-6.8750	37.3750	1	8401	12	31	2002	2653.3	0.0	8287.1	8456.4	   101.0	     1.0	33.4	2167.7	670.1	0.000	0.0	0.0	25934.77	133159.21	56471.332	15668.15	6292.38	6406.52	72.57
OliveGIS	30set19	19:11:14	D:\wx_medgold\wx_agmerra_andalusia\agmerra_1414_209_ESP.txt	-6.6250	37.8750	1	8401	12	31	2002	2630.3	0.0	9852.3	10045.3	   113.0	     1.0	64.4	2605.0	778.0	0.000	0.0	0.0	35944.46	209357.61	124530.332	30121.41	9611.86	7541.62	72.09
OliveGIS	30set19	19:11:22	D:\wx_medgold\wx_agmerra_andalusia\agmerra_1414_210_ESP.txt	-6.6250	37.6250	1	8401	12	31	2002	2652.3	0.0	8246.6	8479.7	   106.0	     1.0	41.7	2238.8	778.7	0.000	0.0	0.0	25786.53	134244.57	56012.120	16056.38	6193.79	6305.92	71.21
OliveGIS	30set19	19:11:30	D:\wx_medgold\wx_agmerra_andalusia\agmerra_1414_211_ESP.txt	-6.6250	37.3750	1	8401	12	31	2002	2645.3	0.0	8221.6	8423.2	   104.0	     1.0	40.5	2129.9	673.4	0.000	0.0	0.0	24804.26	127333.87	53497.900	14779.97	6030.07	6282.19	71.73
OliveGIS	30set19	19:11:38	D:\wx_medgold\wx_agmerra_andalusia\agmerra_1414_212_ESP.txt	-6.6250	37.1250	1	8401	12	31	2002	2666.3	0.0	8568.1	8701.2	    86.0	     1.0	5.4	1926.1	591.1	0.000	0.0	0.0	31393.32	158063.50	79043.038	24318.06	8263.72	7173.96	78.86
OliveGIS	30set19	19:11:46	D:\wx_medgold\wx_agmerra_andalusia\agmerra_1415_209_ESP.txt	-6.3750	37.8750	1	8401	12	31	2002	2631.0	0.0	8413.3	8612.0	   114.0	     1.0	74.3	2482.0	676.8	0.000	0.0	0.0	28054.55	155281.59	77834.644	21039.00	7300.75	6419.48	71.34
OliveGIS	30set19	19:11:54	D:\wx_medgold\wx_agmerra_andalusia\agmerra_1415_210_ESP.txt	-6.3750	37.6250	1	8401	12	31	2002	2646.7	0.0	8177.2	8478.6	   106.0	     1.0	47.8	2129.2	661.5	0.000	0.0	0.0	17275.15	84634.65	30450.108	7566.44	3860.61	5301.53	59.89
OliveGIS	30set19	19:12:02	D:\wx_medgold\wx_agmerra_andalusia\agmerra_1415_211_ESP.txt	-6.3750	37.3750	1	8401	12	31	2002	2660.0	0.0	8399.7	8799.4	    96.0	     1.0	29.2	1766.2	615.3	0.000	0.0	0.0	16633.87	82816.57	32683.680	7761.96	4347.71	5667.05	61.61
OliveGIS	30set19	19:12:11	D:\wx_medgold\wx_agmerra_andalusia\agmerra_1415_212_ESP.txt	-6.3750	37.1250	1	8401	12	31	2002	2681.8	0.0	8478.0	8737.2	    85.0	     1.0	5.9	1519.4	575.4	0.000	0.0	0.0	23334.67	119125.30	54659.310	15830.64	6708.77	6712.21	73.31
OliveGIS	30set19	19:12:20	D:\wx_medgold\wx_agmerra_andalusia\agmerra_1415_213_ESP.txt	-6.3750	36.8750	1	8401	12	31	2002	2656.8	0.0	9856.4	10019.3	    92.0	     1.0	10.6	1945.3	587.1	0.000	0.0	0.0	33574.01	174979.84	88495.441	27031.56	9234.78	8077.40	77.26
OliveGIS	30set19	19:12:28	D:\wx_medgold\wx_agmerra_andalusia\agmerra_1416_209_ESP.txt	-6.1250	37.8750	1	8401	12	31	2002	2631.0	0.0	8454.4	8653.5	   114.0	     1.0	80.8	2423.0	666.4	0.000	0.0	0.0	26588.62	144377.30	66802.860	18519.80	6673.61	6300.60	69.69
OliveGIS	30set19	19:12:36	D:\wx_medgold\wx_agmerra_andalusia\agmerra_1416_210_ESP.txt	-6.1250	37.6250	1	8401	12	31	2002	2646.4	0.0	8369.3	8684.1	   105.0	     1.0	50.7	2050.5	642.6	0.000	0.0	0.0	15942.71	76617.76	28139.926	6821.09	3656.64	5222.66	57.57
OliveGIS	30set19	19:12:44	D:\wx_medgold\wx_agmerra_andalusia\agmerra_1416_211_ESP.txt	-6.1250	37.3750	1	8401	12	31	2002	2652.9	0.0	8544.7	9002.0	    96.0	     1.0	37.6	1676.0	607.4	0.000	0.0	0.0	13698.96	68427.54	25756.042	5732.39	3584.70	5135.86	54.70
OliveGIS	30set19	19:12:54	D:\wx_medgold\wx_agmerra_andalusia\agmerra_1416_212_ESP.txt	-6.1250	37.1250	1	8401	12	31	2002	2666.5	0.0	8224.0	8557.8	    87.0	     1.0	16.2	1459.2	595.9	0.000	0.0	0.0	15681.60	81281.65	32254.652	8004.88	4451.47	5516.48	61.77
OliveGIS	30set19	19:13:03	D:\wx_medgold\wx_agmerra_andalusia\agmerra_1416_213_ESP.txt	-6.1250	36.8750	1	8401	12	31	2002	2648.8	0.0	9780.1	10035.8	    95.0	     1.0	30.6	1773.3	620.5	0.000	0.0	0.0	24847.64	127417.69	56006.690	14482.33	6766.80	7278.71	69.62
OliveGIS	30set19	19:13:11	D:\wx_medgold\wx_agmerra_andalusia\agmerra_1416_214_ESP.txt	-6.1250	36.6250	1	8401	12	31	2002	2667.0	0.0	9418.6	9540.6	    94.0	     1.0	13.8	2061.6	601.7	0.000	0.0	0.0	33036.44	172379.28	85732.800	25726.08	8887.49	7750.92	77.64
OliveGIS	30set19	19:13:20	D:\wx_medgold\wx_agmerra_andalusia\agmerra_1416_215_ESP.txt	-6.1250	36.3750	1	8401	12	31	2002	2656.8	0.0	9819.8	10105.6	    93.0	     1.0	20.1	1635.9	583.4	0.000	0.0	0.0	19883.46	101532.71	41076.640	9911.72	5404.13	6658.01	63.11
OliveGIS	30set19	19:13:28	D:\wx_medgold\wx_agmerra_andalusia\agmerra_1417_208_ESP.txt	-5.8750	38.1250	1	8401	12	31	2002	2624.4	0.0	7092.2	7296.3	   119.0	     1.0	120.5	2520.9	553.7	0.000	0.0	0.0	23159.62	134321.45	70556.148	19079.37	5792.65	5155.71	67.70
OliveGIS	30set19	19:13:36	D:\wx_medgold\wx_agmerra_andalusia\agmerra_1417_209_ESP.txt	-5.8750	37.8750	1	8401	12	31	2002	2638.2	0.0	8424.8	8716.6	   113.0	     1.0	78.6	2305.9	581.8	0.000	0.0	0.0	20117.90	101175.59	36796.868	9511.11	4399.69	5528.50	60.63
OliveGIS	30set19	19:13:44	D:\wx_medgold\wx_agmerra_andalusia\agmerra_1417_210_ESP.txt	-5.8750	37.6250	1	8401	12	31	2002	2650.6	0.0	8206.4	8595.7	   104.0	     1.0	49.0	1943.7	551.8	0.000	0.0	0.0	13936.94	69123.77	25790.524	5787.64	3524.98	4991.54	55.56
OliveGIS	30set19	19:13:53	D:\wx_medgold\wx_agmerra_andalusia\agmerra_1417_211_ESP.txt	-5.8750	37.3750	1	8401	12	31	2002	2663.3	0.0	9055.5	9569.0	    93.0	     1.0	32.6	1636.9	577.7	0.000	0.0	0.0	13275.60	66905.65	24808.985	5599.82	3589.90	5240.73	52.31
OliveGIS	30set19	19:14:04	D:\wx_medgold\wx_agmerra_andalusia\agmerra_1417_212_ESP.txt	-5.8750	37.1250	1	8401	12	31	2002	2666.3	0.0	8250.6	8627.4	    88.0	     1.0	19.8	1543.9	548.8	0.000	0.0	0.0	14541.48	74439.58	28936.921	7097.79	4073.95	5359.78	59.28
OliveGIS	30set19	19:14:13	D:\wx_medgold\wx_agmerra_andalusia\agmerra_1417_213_ESP.txt	-5.8750	36.8750	1	8401	12	31	2002	2652.8	0.0	9018.5	9255.1	    98.0	     1.0	27.3	1982.9	569.9	0.000	0.0	0.0	23797.06	120431.90	51763.970	13442.91	6110.28	6718.27	69.71
OliveGIS	30set19	19:14:21	D:\wx_medgold\wx_agmerra_andalusia\agmerra_1417_214_ESP.txt	-5.8750	36.6250	1	8401	12	31	2002	2667.7	0.0	9713.1	9862.5	    92.0	     1.0	11.5	2131.6	651.2	0.000	0.0	0.0	33305.92	170454.65	80587.723	24760.59	8552.06	7917.93	76.70
OliveGIS	30set19	19:14:29	D:\wx_medgold\wx_agmerra_andalusia\agmerra_1417_215_ESP.txt	-5.8750	36.3750	1	8401	12	31	2002	2675.2	0.0	9827.6	9941.7	    90.0	     1.0	5.9	2147.6	786.4	0.000	0.0	0.0	38259.19	196526.99	100807.327	36387.57	10122.98	8357.51	80.23
OliveGIS	30set19	19:14:36	D:\wx_medgold\wx_agmerra_andalusia\agmerra_1418_208_ESP.txt	-5.6250	38.1250	1	8401	12	31	2002	2628.3	0.0	7279.6	7555.7	   118.0	     1.0	115.4	2391.7	565.7	0.000	0.0	0.0	20274.19	105886.90	44178.483	12045.28	4587.50	5118.80	64.85
OliveGIS	30set19	19:14:44	D:\wx_medgold\wx_agmerra_andalusia\agmerra_1418_209_ESP.txt	-5.6250	37.8750	1	8401	12	31	2002	2639.1	0.0	8994.0	9381.6	   112.0	     1.0	74.5	2150.0	578.2	0.000	0.0	0.0	18207.80	88144.06	30432.867	7822.63	3836.32	5548.27	56.71
OliveGIS	30set19	19:14:52	D:\wx_medgold\wx_agmerra_andalusia\agmerra_1418_210_ESP.txt	-5.6250	37.6250	1	8401	12	31	2002	2655.8	0.0	8298.9	8711.9	   100.0	     1.0	49.1	1854.5	551.8	0.000	0.0	0.0	13992.05	69463.67	25940.104	5658.65	3553.05	5065.66	55.48
OliveGIS	30set19	19:15:01	D:\wx_medgold\wx_agmerra_andalusia\agmerra_1418_211_ESP.txt	-5.6250	37.3750	1	8401	12	31	2002	2663.4	0.0	9481.2	9988.8	    95.0	     1.0	38.4	1675.2	571.3	0.000	0.0	0.0	14593.85	73534.40	27386.012	6098.76	3864.51	5610.30	53.60
OliveGIS	30set19	19:15:10	D:\wx_medgold\wx_agmerra_andalusia\agmerra_1418_212_ESP.txt	-5.6250	37.1250	1	8401	12	31	2002	2659.1	0.0	8957.6	9313.9	    96.0	     1.0	31.3	1855.9	566.2	0.000	0.0	0.0	15508.65	77112.97	29120.843	6550.91	3949.00	5518.83	56.69
OliveGIS	30set19	19:15:18	D:\wx_medgold\wx_agmerra_andalusia\agmerra_1418_213_ESP.txt	-5.6250	36.8750	1	8401	12	31	2002	2636.6	0.0	9296.2	9422.6	   109.0	     1.0	44.4	2358.8	612.0	0.000	0.0	0.0	31579.14	171157.53	84749.682	28035.99	8372.27	7320.66	74.48
OliveGIS	30set19	19:15:26	D:\wx_medgold\wx_agmerra_andalusia\agmerra_1418_214_ESP.txt	-5.6250	36.6250	1	8401	12	31	2002	2652.3	0.0	8763.4	8829.2	   104.0	     1.0	19.1	2430.3	683.3	0.000	0.0	0.0	35185.98	183999.50	97037.805	37288.87	9136.77	7381.29	79.86
OliveGIS	30set19	19:15:34	D:\wx_medgold\wx_agmerra_andalusia\agmerra_1418_215_ESP.txt	-5.6250	36.3750	1	8401	12	31	2002	2667.1	0.0	8261.1	8325.3	    97.0	     1.0	9.8	2330.4	934.8	0.000	0.0	0.0	35354.57	180946.75	95500.423	37779.21	9145.68	7168.72	82.06
OliveGIS	30set19	19:15:41	D:\wx_medgold\wx_agmerra_andalusia\agmerra_1418_216_ESP.txt	-5.6250	36.1250	1	8401	12	31	2002	2684.6	0.0	9030.0	9137.4	    85.0	     1.0	0.2	2331.0	692.1	0.000	0.0	0.0	46911.66	248662.22	159275.790	69752.95	13684.36	8273.66	86.26
OliveGIS	30set19	19:15:48	D:\wx_medgold\wx_agmerra_andalusia\agmerra_1419_207_ESP.txt	-5.3750	38.3750	1	8401	12	31	2002	2625.1	0.1	7675.1	7973.2	   126.0	     1.0	160.9	2479.8	496.8	0.000	0.0	0.0	26581.88	152780.96	79078.171	22040.73	5847.99	5511.89	66.36
OliveGIS	30set19	19:15:55	D:\wx_medgold\wx_agmerra_andalusia\agmerra_1419_208_ESP.txt	-5.3750	38.1250	1	8401	12	31	2002	2613.6	0.0	7040.5	7420.3	   119.0	     1.0	128.4	2352.4	537.9	0.000	0.0	0.0	17805.01	89689.71	35044.689	9582.79	3886.35	4761.67	61.73
OliveGIS	30set19	19:16:04	D:\wx_medgold\wx_agmerra_andalusia\agmerra_1419_209_ESP.txt	-5.3750	37.8750	1	8401	12	31	2002	2641.2	0.0	8366.1	9013.0	   107.0	     1.0	58.5	1890.2	607.0	0.000	0.0	0.0	13532.90	67942.20	25418.053	5742.32	3593.94	5153.25	54.66
OliveGIS	30set19	19:16:13	D:\wx_medgold\wx_agmerra_andalusia\agmerra_1419_210_ESP.txt	-5.3750	37.6250	1	8401	12	31	2002	2661.7	0.0	9013.2	9647.3	    92.0	     1.0	39.1	1632.2	547.8	0.000	0.0	0.0	12052.99	61456.19	22411.214	5187.28	3355.03	5038.38	49.84
OliveGIS	30set19	19:16:21	D:\wx_medgold\wx_agmerra_andalusia\agmerra_1419_211_ESP.txt	-5.3750	37.3750	1	8401	12	31	2002	2658.2	0.0	8879.1	9315.7	    96.0	     1.0	39.5	1786.1	571.4	0.000	0.0	0.0	15186.66	76195.38	29003.171	6523.95	3980.87	5539.48	56.83
OliveGIS	30set19	19:16:29	D:\wx_medgold\wx_agmerra_andalusia\agmerra_1419_212_ESP.txt	-5.3750	37.1250	1	8401	12	31	2002	2651.1	0.0	8670.7	8923.8	   107.0	     1.0	42.4	2204.9	580.1	0.000	0.0	0.0	21034.25	105414.38	39660.112	11045.31	4816.47	5979.52	64.16
OliveGIS	30set19	19:16:37	D:\wx_medgold\wx_agmerra_andalusia\agmerra_1419_213_ESP.txt	-5.3750	36.8750	1	8401	12	31	2002	2509.0	0.0	6523.6	6542.4	   131.0	     1.0	145.7	3133.1	633.5	0.000	0.0	0.0	42705.12	269027.66	267840.854	114982.06	9133.83	5640.39	83.18
OliveGIS	30set19	19:16:45	D:\wx_medgold\wx_agmerra_andalusia\agmerra_1419_214_ESP.txt	-5.3750	36.6250	1	8401	12	31	2002	2533.8	0.0	6813.2	6867.5	   121.0	     1.0	79.9	3259.7	714.7	0.000	0.0	0.0	48559.01	288609.83	274392.090	128800.73	10915.86	6180.82	86.53
OliveGIS	30set19	19:16:52	D:\wx_medgold\wx_agmerra_andalusia\agmerra_1419_215_ESP.txt	-5.3750	36.3750	1	8401	12	31	2002	2664.0	0.0	8081.3	8184.5	    96.0	     1.0	10.7	2257.4	844.9	0.000	0.0	0.0	33748.10	174165.22	92508.062	40835.58	9048.05	7040.81	82.20
OliveGIS	30set19	19:16:59	D:\wx_medgold\wx_agmerra_andalusia\agmerra_1420_206_ESP.txt	-5.1250	38.6250	1	8401	12	31	2002	2621.8	0.0	7116.4	7565.1	   122.0	     1.0	149.7	2384.7	484.0	0.000	0.0	0.0	19196.43	98894.20	40111.703	11780.87	4143.73	4900.13	62.32
OliveGIS	30set19	19:17:07	D:\wx_medgold\wx_agmerra_andalusia\agmerra_1420_207_ESP.txt	-5.1250	38.3750	1	8401	12	31	2002	2618.6	0.0	7797.2	8059.0	   129.0	     1.0	165.3	2520.1	516.6	0.000	0.0	0.0	29206.47	166015.85	94070.509	27975.98	6246.71	5647.72	67.44
OliveGIS	30set19	19:17:15	D:\wx_medgold\wx_agmerra_andalusia\agmerra_1420_208_ESP.txt	-5.1250	38.1250	1	8401	12	31	2002	2623.4	0.0	7231.6	7619.4	   119.0	     1.0	126.6	2318.1	545.1	0.000	0.0	0.0	17168.22	86528.23	32870.552	8730.74	3740.16	4725.25	59.61
OliveGIS	30set19	19:17:24	D:\wx_medgold\wx_agmerra_andalusia\agmerra_1420_209_ESP.txt	-5.1250	37.8750	1	8401	12	31	2002	2647.7	0.0	8075.4	8705.3	   106.0	     1.0	58.2	1839.2	585.2	0.000	0.0	0.0	12659.36	63391.90	23558.839	5544.82	3353.16	4890.19	53.66
OliveGIS	30set19	19:17:33	D:\wx_medgold\wx_agmerra_andalusia\agmerra_1420_210_ESP.txt	-5.1250	37.6250	1	8401	12	31	2002	2655.7	0.0	8797.4	9425.9	    94.0	     1.0	42.1	1664.6	532.2	0.000	0.0	0.0	12321.74	62248.59	22905.528	5268.27	3375.57	5026.71	51.07
OliveGIS	30set19	19:17:42	D:\wx_medgold\wx_agmerra_andalusia\agmerra_1420_211_ESP.txt	-5.1250	37.3750	1	8401	12	31	2002	2659.8	0.0	8429.9	8830.7	   100.0	     1.0	44.0	1838.8	563.5	0.000	0.0	0.0	14279.65	71573.33	27016.627	6088.39	3705.78	5210.08	56.21
OliveGIS	30set19	19:17:50	D:\wx_medgold\wx_agmerra_andalusia\agmerra_1420_212_ESP.txt	-5.1250	37.1250	1	8401	12	31	2002	2642.4	0.0	8775.6	9025.7	   108.0	     1.0	47.0	2208.2	574.4	0.000	0.0	0.0	20155.90	99943.75	36313.803	10023.86	4516.99	5859.21	62.16
OliveGIS	30set19	19:17:58	D:\wx_medgold\wx_agmerra_andalusia\agmerra_1420_213_ESP.txt	-5.1250	36.8750	1	8401	12	31	2002	2536.1	0.0	6723.8	6722.5	   130.0	     1.0	137.3	3083.5	621.3	0.000	0.0	0.0	45035.33	284924.38	280738.598	113254.66	9755.19	5909.43	84.40
OliveGIS	30set19	19:18:05	D:\wx_medgold\wx_agmerra_andalusia\agmerra_1420_214_ESP.txt	-5.1250	36.6250	1	8401	12	31	2002	2629.4	0.0	6845.8	6848.8	   118.0	     1.0	46.3	3149.9	660.2	0.000	0.0	0.0	48465.27	282719.40	236026.124	135048.44	11520.85	6389.85	87.56
OliveGIS	30set19	19:18:13	D:\wx_medgold\wx_agmerra_andalusia\agmerra_1421_206_ESP.txt	-4.8750	38.6250	1	8401	12	31	2002	2623.9	0.0	6991.8	7491.1	   120.0	     1.0	134.5	2307.5	496.2	0.000	0.0	0.0	15810.95	80116.74	29915.599	8122.94	3455.70	4506.35	57.79
OliveGIS	30set19	19:18:21	D:\wx_medgold\wx_agmerra_andalusia\agmerra_1421_207_ESP.txt	-4.8750	38.3750	1	8401	12	31	2002	2611.0	0.0	6902.4	7034.1	   135.0	     1.0	195.7	2681.2	518.3	0.000	0.0	0.0	31383.19	190118.46	137852.227	50621.89	6806.62	5228.18	71.14
OliveGIS	30set19	19:18:29	D:\wx_medgold\wx_agmerra_andalusia\agmerra_1421_208_ESP.txt	-4.8750	38.1250	1	8401	12	31	2002	2629.5	0.0	7139.1	7451.0	   121.0	     1.0	144.8	2394.8	494.9	0.000	0.0	0.0	20210.22	113019.32	47117.214	13143.81	4341.23	4836.18	62.28
OliveGIS	30set19	19:18:38	D:\wx_medgold\wx_agmerra_andalusia\agmerra_1421_209_ESP.txt	-4.8750	37.8750	1	8401	12	31	2002	2635.4	0.0	8550.2	9191.7	   110.0	     1.0	71.1	1966.9	623.0	0.000	0.0	0.0	12402.80	62110.89	22498.386	4981.08	3224.09	4847.28	50.47
OliveGIS	30set19	19:18:48	D:\wx_medgold\wx_agmerra_andalusia\agmerra_1421_210_ESP.txt	-4.8750	37.6250	1	8401	12	31	2002	2656.1	0.0	8084.4	8638.1	   105.0	     1.0	56.7	1869.4	577.1	0.000	0.0	0.0	12650.99	63172.97	23307.976	5266.16	3296.73	4839.12	53.46
OliveGIS	30set19	19:18:56	D:\wx_medgold\wx_agmerra_andalusia\agmerra_1421_211_ESP.txt	-4.8750	37.3750	1	8401	12	31	2002	2635.4	0.0	8965.1	9277.6	   110.0	     1.0	61.7	2157.1	555.2	0.000	0.0	0.0	19959.09	97887.08	35290.187	12958.41	4350.37	5885.30	60.83
OliveGIS	30set19	19:19:05	D:\wx_medgold\wx_agmerra_andalusia\agmerra_1421_212_ESP.txt	-4.8750	37.1250	1	8401	12	31	2002	2642.7	0.0	8026.2	8175.6	   114.0	     1.0	63.6	2410.2	544.9	0.000	0.0	0.0	25301.17	138860.27	66102.239	23699.25	6508.81	6048.75	70.66
OliveGIS	30set19	19:19:14	D:\wx_medgold\wx_agmerra_andalusia\agmerra_1421_213_ESP.txt	-4.8750	36.8750	1	8401	12	31	2002	2640.7	0.0	7736.5	7858.7	   113.0	     1.0	55.1	2316.4	543.8	0.000	0.0	0.0	26052.57	135901.59	65121.429	43213.21	6727.90	6221.76	75.43
OliveGIS	30set19	19:19:22	D:\wx_medgold\wx_agmerra_andalusia\agmerra_1421_214_ESP.txt	-4.8750	36.6250	1	8401	12	31	2002	2668.8	0.0	8154.7	8285.2	    93.0	     1.0	5.6	2110.5	552.8	0.000	0.0	0.0	31103.44	152854.27	74674.405	40984.09	8186.96	7059.75	81.01
OliveGIS	30set19	19:19:30	D:\wx_medgold\wx_agmerra_andalusia\agmerra_1422_207_ESP.txt	-4.6250	38.3750	1	8401	12	31	2002	2612.1	0.0	6702.4	6803.9	   136.0	     1.0	236.3	2704.8	524.8	0.000	0.0	0.0	31275.64	216045.64	192524.609	49413.70	6720.98	4970.06	69.89
OliveGIS	30set19	19:19:39	D:\wx_medgold\wx_agmerra_andalusia\agmerra_1422_208_ESP.txt	-4.6250	38.1250	1	8401	12	31	2002	2624.8	0.0	7168.7	7477.6	   120.0	     1.0	144.7	2360.0	478.6	0.000	0.0	0.0	19613.14	101464.56	40397.322	11743.39	4019.72	4809.16	61.78
OliveGIS	30set19	19:19:49	D:\wx_medgold\wx_agmerra_andalusia\agmerra_1422_209_ESP.txt	-4.6250	37.8750	1	8401	12	31	2002	2638.5	0.0	8574.7	9212.5	   110.0	     1.0	73.6	1942.8	590.6	0.000	0.0	0.0	12294.21	61389.86	22104.514	5217.72	3160.93	4802.31	49.88
OliveGIS	30set19	19:19:59	D:\wx_medgold\wx_agmerra_andalusia\agmerra_1422_210_ESP.txt	-4.6250	37.6250	1	8401	12	31	2002	2641.4	0.0	8101.0	8635.7	   108.0	     1.0	64.1	1938.1	569.4	0.000	0.0	0.0	12405.68	61734.93	22500.969	5144.16	3174.70	4712.43	52.22
OliveGIS	30set19	19:20:08	D:\wx_medgold\wx_agmerra_andalusia\agmerra_1422_211_ESP.txt	-4.6250	37.3750	1	8401	12	31	2002	2644.0	0.0	8595.6	8866.9	   113.0	     1.0	70.3	2243.5	543.9	0.000	0.0	0.0	20911.84	106779.98	39043.068	14615.46	4664.69	5748.16	62.09
OliveGIS	30set19	19:20:17	D:\wx_medgold\wx_agmerra_andalusia\agmerra_1422_212_ESP.txt	-4.6250	37.1250	1	8401	12	31	2002	2634.7	0.0	8057.9	8219.1	   114.0	     1.0	68.0	2379.8	553.8	0.000	0.0	0.0	24340.09	131909.98	59058.618	23473.96	6082.16	5941.85	69.15
OliveGIS	30set19	19:20:27	D:\wx_medgold\wx_agmerra_andalusia\agmerra_1422_213_ESP.txt	-4.6250	36.8750	1	8401	12	31	2002	2634.1	0.0	8312.8	8474.0	   111.0	     1.0	47.2	2221.6	527.0	0.000	0.0	0.0	25491.62	129714.72	56153.621	35671.84	6410.91	6533.24	73.56
OliveGIS	30set19	19:20:35	D:\wx_medgold\wx_agmerra_andalusia\agmerra_1422_214_ESP.txt	-4.6250	36.6250	1	8401	12	31	2002	2674.8	0.0	8337.4	8502.0	    87.0	     1.0	1.8	1834.9	464.9	0.000	0.0	0.0	31337.09	153341.66	76966.478	37599.00	8648.61	7250.47	81.28
OliveGIS	30set19	19:20:44	D:\wx_medgold\wx_agmerra_andalusia\agmerra_1423_208_ESP.txt	-4.3750	38.1250	1	8401	12	31	2002	2627.2	0.0	7053.1	7420.0	   119.0	     1.0	138.1	2291.5	477.5	0.000	0.0	0.0	16606.97	81815.64	30254.214	7837.08	3378.28	4497.79	58.18
OliveGIS	30set19	19:20:54	D:\wx_medgold\wx_agmerra_andalusia\agmerra_1423_209_ESP.txt	-4.3750	37.8750	1	8401	12	31	2002	2650.2	0.0	7814.6	8599.9	   106.0	     1.0	63.0	1668.1	553.1	0.000	0.0	0.0	11009.11	56319.14	20729.016	4953.81	3085.48	4603.21	51.14
OliveGIS	30set19	19:21:04	D:\wx_medgold\wx_agmerra_andalusia\agmerra_1423_210_ESP.txt	-4.3750	37.6250	1	8401	12	31	2002	2650.0	0.0	8010.4	8659.2	   108.0	     1.0	61.8	1839.6	531.2	0.000	0.0	0.0	12062.06	60574.21	22275.983	4967.06	3188.83	4730.40	52.11
OliveGIS	30set19	19:21:13	D:\wx_medgold\wx_agmerra_andalusia\agmerra_1423_211_ESP.txt	-4.3750	37.3750	1	8401	12	31	2002	2635.0	0.0	8060.2	8335.6	   116.0	     1.0	90.3	2287.2	520.4	0.000	0.0	0.0	20878.16	107629.38	40859.144	15091.91	4733.03	5565.93	63.89
OliveGIS	30set19	19:21:22	D:\wx_medgold\wx_agmerra_andalusia\agmerra_1423_212_ESP.txt	-4.3750	37.1250	1	8401	12	31	2002	2635.5	0.0	8154.9	8381.8	   115.0	     1.0	78.8	2294.4	553.0	0.000	0.0	0.0	21004.02	108391.54	41654.777	16460.35	4853.79	5657.18	64.41
OliveGIS	30set19	19:21:32	D:\wx_medgold\wx_agmerra_andalusia\agmerra_1423_213_ESP.txt	-4.3750	36.8750	1	8401	12	31	2002	2639.4	0.0	8391.3	8654.5	   112.0	     1.0	62.5	2085.9	541.6	0.000	0.0	0.0	19014.05	95306.62	37484.158	22886.22	4769.88	5886.89	65.02
OliveGIS	30set19	19:21:40	D:\wx_medgold\wx_agmerra_andalusia\agmerra_1424_207_ESP.txt	-4.1250	38.3750	1	8401	12	31	2002	2614.5	0.1	7449.3	7730.3	   134.0	     1.0	195.3	2537.5	490.1	0.000	0.0	0.0	30326.66	172240.85	99673.627	35267.37	6201.70	5558.30	68.92
OliveGIS	30set19	19:21:49	D:\wx_medgold\wx_agmerra_andalusia\agmerra_1424_208_ESP.txt	-4.1250	38.1250	1	8401	12	31	2002	2628.9	0.0	7189.1	7583.8	   119.0	     1.0	146.8	2262.1	453.1	0.000	0.0	0.0	15905.67	77075.96	27474.741	7207.55	3156.24	4424.45	55.96
OliveGIS	30set19	19:21:58	D:\wx_medgold\wx_agmerra_andalusia\agmerra_1424_209_ESP.txt	-4.1250	37.8750	1	8401	12	31	2002	2643.0	0.0	1761.3	1923.0	   108.0	     1.0	73.3	1763.7	529.4	0.000	0.0	0.0	3996.73	20431.27	8621.643	2501.49	1168.98	1362.17	67.63
OliveGIS	30set19	19:22:07	D:\wx_medgold\wx_agmerra_andalusia\agmerra_1424_210_ESP.txt	-4.1250	37.6250	1	8401	12	31	2002	2635.9	0.0	8554.0	9145.6	   113.0	     1.0	82.9	2068.1	526.4	0.000	0.0	0.0	14476.47	68985.15	24653.948	7824.87	3259.57	5041.44	52.75
OliveGIS	30set19	19:22:15	D:\wx_medgold\wx_agmerra_andalusia\agmerra_1424_211_ESP.txt	-4.1250	37.3750	1	8401	12	31	2002	2622.4	0.0	7083.2	7236.2	   119.0	     1.0	118.2	2484.1	519.0	0.000	0.0	0.0	25056.92	146275.93	82765.739	34868.08	6447.89	5404.27	71.53
OliveGIS	30set19	19:22:23	D:\wx_medgold\wx_agmerra_andalusia\agmerra_1424_212_ESP.txt	-4.1250	37.1250	1	8401	12	31	2002	2631.7	0.0	7628.7	7790.4	   117.0	     1.0	93.1	2372.7	540.8	0.000	0.0	0.0	23873.79	126715.24	57173.663	24038.94	5691.01	5704.50	69.90
OliveGIS	30set19	19:22:35	D:\wx_medgold\wx_agmerra_andalusia\agmerra_1424_213_ESP.txt	-4.1250	36.8750	1	8401	12	31	2002	2631.4	0.0	7788.0	7993.2	   113.0	     1.0	65.1	2138.1	520.6	0.000	0.0	0.0	21184.72	106168.49	43851.955	35874.07	5226.85	5856.42	70.00
OliveGIS	30set19	19:22:44	D:\wx_medgold\wx_agmerra_andalusia\agmerra_1425_207_ESP.txt	-3.8750	38.3750	1	8401	12	31	2002	2622.0	0.0	6883.5	7369.1	   121.0	     1.0	152.2	2251.1	508.8	0.000	0.0	0.0	15853.19	77035.70	28085.927	8913.15	3159.32	4365.61	56.91
OliveGIS	30set19	19:22:54	D:\wx_medgold\wx_agmerra_andalusia\agmerra_1425_208_ESP.txt	-3.8750	38.1250	1	8401	12	31	2002	2629.0	0.0	2414.3	2610.8	   115.0	     1.0	115.4	1991.8	477.6	0.000	0.0	0.0	5799.18	28425.27	11439.937	3578.48	1446.95	1810.65	66.21
OliveGIS	30set19	19:23:03	D:\wx_medgold\wx_agmerra_andalusia\agmerra_1425_209_ESP.txt	-3.8750	37.8750	1	8401	12	31	2002	2632.4	0.0	1725.8	1943.2	   109.0	     1.0	79.7	1606.0	519.8	0.000	0.0	0.0	3617.37	18788.44	7956.666	2396.05	1123.53	1328.86	65.44
OliveGIS	30set19	19:23:12	D:\wx_medgold\wx_agmerra_andalusia\agmerra_1425_210_ESP.txt	-3.8750	37.6250	1	8401	12	31	2002	2632.9	0.0	4638.7	5017.0	   116.0	     1.0	99.3	2033.6	548.4	0.000	0.0	0.0	9636.65	46980.56	17846.137	5503.40	2312.37	3175.52	60.49
OliveGIS	30set19	19:23:21	D:\wx_medgold\wx_agmerra_andalusia\agmerra_1425_211_ESP.txt	-3.8750	37.3750	1	8401	12	31	2002	2626.0	0.0	7061.9	7239.3	   122.0	     1.0	145.3	2479.3	454.2	0.000	0.0	0.0	28516.85	164325.79	96443.760	39000.38	6630.62	5554.24	73.47
OliveGIS	30set19	19:23:31	D:\wx_medgold\wx_agmerra_andalusia\agmerra_1425_212_ESP.txt	-3.8750	37.1250	1	8401	12	31	2002	2624.0	0.0	7466.8	7666.3	   118.0	     1.0	110.3	2320.2	471.9	0.000	0.0	0.0	20966.87	109100.69	44215.400	15710.61	4777.17	5265.56	65.89
OliveGIS	30set19	19:23:41	D:\wx_medgold\wx_agmerra_andalusia\agmerra_1425_213_ESP.txt	-3.8750	36.8750	1	8401	12	31	2002	2628.2	0.0	8615.8	9073.2	   112.0	     1.0	82.6	1943.0	512.3	0.000	0.0	0.0	15129.75	74584.23	28269.826	8950.95	3837.34	5413.29	57.17
OliveGIS	30set19	19:23:49	D:\wx_medgold\wx_agmerra_andalusia\agmerra_1426_207_ESP.txt	-3.6250	38.3750	1	8401	12	31	2002	2614.4	0.0	6756.6	7230.8	   121.0	     1.0	160.2	2265.8	484.2	0.000	0.0	0.0	16640.02	81603.17	30438.160	10168.32	3338.63	4431.24	58.99
OliveGIS	30set19	19:23:58	D:\wx_medgold\wx_agmerra_andalusia\agmerra_1426_208_ESP.txt	-3.6250	38.1250	1	8401	12	31	2002	2627.3	0.0	4700.8	5065.1	   116.0	     1.0	125.4	2041.3	442.6	0.000	0.0	0.0	10223.53	49972.79	18573.753	5372.36	2300.06	3182.44	60.14
OliveGIS	30set19	19:24:08	D:\wx_medgold\wx_agmerra_andalusia\agmerra_1426_209_ESP.txt	-3.6250	37.8750	1	8401	12	31	2002	2631.4	0.0	1760.3	1971.8	   112.0	     1.0	93.0	1738.5	498.4	0.000	0.0	0.0	3872.28	19766.63	8161.828	2339.71	1118.61	1350.28	65.55
OliveGIS	30set19	19:24:16	D:\wx_medgold\wx_agmerra_andalusia\agmerra_1426_210_ESP.txt	-3.6250	37.6250	1	8401	12	31	2002	2627.3	0.0	7219.5	7725.2	   118.0	     1.0	124.7	2214.8	517.9	0.000	0.0	0.0	17232.21	84912.11	31477.647	12605.05	3672.53	4869.09	60.36
OliveGIS	30set19	19:24:24	D:\wx_medgold\wx_agmerra_andalusia\agmerra_1426_211_ESP.txt	-3.6250	37.3750	1	8401	12	31	2002	2617.6	0.0	7296.2	7404.0	   133.0	     1.0	184.1	2621.3	455.7	0.000	0.0	0.0	38674.24	233718.36	171018.586	76793.93	8711.48	6047.23	77.96
OliveGIS	30set19	19:24:32	D:\wx_medgold\wx_agmerra_andalusia\agmerra_1426_212_ESP.txt	-3.6250	37.1250	1	8401	12	31	2002	2618.2	0.0	7188.6	7325.1	   121.0	     1.0	139.3	2488.3	551.8	0.000	0.0	0.0	27742.72	159570.46	94381.426	36998.90	6554.21	5500.03	72.09
OliveGIS	30set19	19:24:43	D:\wx_medgold\wx_agmerra_andalusia\agmerra_1426_213_ESP.txt	-3.6250	36.8750	1	8401	12	31	2002	2624.1	0.0	7399.1	7725.0	   115.0	     1.0	98.9	2080.3	501.8	0.000	0.0	0.0	16674.16	82115.05	31009.177	11017.50	3935.42	5136.13	63.55
OliveGIS	30set19	19:24:52	D:\wx_medgold\wx_agmerra_andalusia\agmerra_1427_207_ESP.txt	-3.3750	38.3750	1	8401	12	31	2002	2616.2	0.0	7098.7	7640.7	   118.0	     1.0	149.2	2103.5	504.9	0.000	0.0	0.0	14875.31	70896.87	24594.768	6963.16	3004.51	4406.87	55.33
OliveGIS	30set19	19:25:03	D:\wx_medgold\wx_agmerra_andalusia\agmerra_1427_208_ESP.txt	-3.3750	38.1250	1	8401	12	31	2002	2634.1	0.0	405.5	441.3	   115.0	     1.0	119.6	1934.9	470.2	0.000	0.0	0.0	1292.68	6287.99	2901.162	2025.56	346.32	355.17	76.27
OliveGIS	30set19	19:25:12	D:\wx_medgold\wx_agmerra_andalusia\agmerra_1427_209_ESP.txt	-3.3750	37.8750	1	8401	12	31	2002	2627.6	0.0	1903.4	2068.7	   113.0	     1.0	103.9	1884.1	424.8	0.000	0.0	0.0	4780.44	23860.42	9976.932	4038.95	1282.32	1490.41	68.76
OliveGIS	30set19	19:25:20	D:\wx_medgold\wx_agmerra_andalusia\agmerra_1427_210_ESP.txt	-3.3750	37.6250	1	8401	12	31	2002	2619.8	0.0	7125.8	7410.5	   120.0	     1.0	149.9	2384.5	443.5	0.000	0.0	0.0	25869.99	143550.45	71215.786	27335.80	5999.08	5566.15	71.96
OliveGIS	30set19	19:25:27	D:\wx_medgold\wx_agmerra_andalusia\agmerra_1427_211_ESP.txt	-3.3750	37.3750	1	8401	12	31	2002	1966.3	5.8	6929.6	7689.8	   157.0	     1.0	524.1	3131.6	265.0	0.000	0.0	0.0	15733.61	101135.30	107025.844	12160.04	2362.31	2560.10	32.27
OliveGIS	30set19	19:25:33	D:\wx_medgold\wx_agmerra_andalusia\agmerra_1427_212_ESP.txt	-3.3750	37.1250	1	8401	12	31	2002	2115.1	2.3	2986.4	3634.3	   151.0	     1.0	420.9	3095.6	782.7	0.000	0.0	0.0	16132.41	98064.55	147719.023	26387.50	2856.08	2307.45	61.04
OliveGIS	30set19	19:25:41	D:\wx_medgold\wx_agmerra_andalusia\agmerra_1427_213_ESP.txt	-3.3750	36.8750	1	8401	12	31	2002	2559.8	0.3	6307.9	6335.2	   137.0	     1.0	286.5	2626.4	718.6	0.000	0.0	0.0	31658.17	199400.54	215995.828	71666.65	6931.31	5007.82	76.12
OliveGIS	30set19	19:25:50	D:\wx_medgold\wx_agmerra_andalusia\agmerra_1428_207_ESP.txt	-3.1250	38.3750	1	8401	12	31	2002	2612.9	0.1	7074.8	7442.5	   121.0	     1.0	173.1	2330.6	488.9	0.000	0.0	0.0	23053.05	127949.86	55827.194	16074.29	4906.99	5138.94	66.27
OliveGIS	30set19	19:25:58	D:\wx_medgold\wx_agmerra_andalusia\agmerra_1428_208_ESP.txt	-3.1250	38.1250	1	8401	12	31	2002	2623.9	0.0	7313.6	7727.4	   119.0	     1.0	151.1	2240.5	487.3	0.000	0.0	0.0	20337.12	102772.25	40866.272	12961.23	4340.28	5152.97	64.04
OliveGIS	30set19	19:26:06	D:\wx_medgold\wx_agmerra_andalusia\agmerra_1428_209_ESP.txt	-3.1250	37.8750	1	8401	12	31	2002	2612.4	0.0	7612.6	8042.4	   117.0	     1.0	131.6	2172.5	433.1	0.000	0.0	0.0	19138.08	95709.97	36583.948	12022.66	4218.58	5279.33	63.02
OliveGIS	30set19	19:26:14	D:\wx_medgold\wx_agmerra_andalusia\agmerra_1428_210_ESP.txt	-3.1250	37.6250	1	8401	12	31	2002	2611.1	0.0	7280.4	7460.4	   122.0	     1.0	168.2	2493.5	428.7	0.000	0.0	0.0	29767.77	171395.79	99491.737	38944.61	6655.79	5635.75	72.61
OliveGIS	30set19	19:26:20	D:\wx_medgold\wx_agmerra_andalusia\agmerra_1428_211_ESP.txt	-3.1250	37.3750	1	8401	12	31	2002	1967.8	5.3	6802.6	7551.7	   156.0	     1.0	515.7	3129.1	267.3	0.000	0.0	0.0	15351.61	94836.19	112226.813	14041.78	2362.30	2472.94	31.70
OliveGIS	30set19	19:26:27	D:\wx_medgold\wx_agmerra_andalusia\agmerra_1428_212_ESP.txt	-3.1250	37.1250	1	8401	12	31	2002	2189.1	1.0	1853.6	3407.6	   148.0	     1.0	372.8	3059.8	543.1	0.000	0.0	0.0	16960.35	103449.62	158026.525	34530.88	3283.22	2457.70	69.87
OliveGIS	30set19	19:26:35	D:\wx_medgold\wx_agmerra_andalusia\agmerra_1428_213_ESP.txt	-3.1250	36.8750	1	8401	12	31	2002	2613.0	0.0	6997.5	7018.9	   135.0	     1.0	195.1	2575.1	448.0	0.000	0.0	0.0	36402.72	205870.93	145456.953	73763.23	7649.78	5726.94	77.65
OliveGIS	30set19	19:26:42	D:\wx_medgold\wx_agmerra_andalusia\agmerra_1429_207_ESP.txt	-2.8750	38.3750	1	8401	12	31	2002	2599.8	1.1	7414.1	7590.9	   136.0	     1.0	279.8	2524.1	454.5	0.000	0.0	0.0	38104.91	250009.69	206214.061	53765.54	8059.33	6027.82	75.69
OliveGIS	30set19	19:26:49	D:\wx_medgold\wx_agmerra_andalusia\agmerra_1429_208_ESP.txt	-2.8750	38.1250	1	8401	12	31	2002	2607.3	0.9	7280.4	7445.4	   136.0	     1.0	270.5	2524.3	488.2	0.000	0.0	0.0	39250.57	261555.97	210439.391	58396.99	8122.29	5955.54	76.35
OliveGIS	30set19	19:26:56	D:\wx_medgold\wx_agmerra_andalusia\agmerra_1429_209_ESP.txt	-2.8750	37.8750	1	8401	12	31	2002	2555.4	0.7	7081.5	7177.2	   136.0	     1.0	281.9	2646.7	461.5	0.000	0.0	0.0	39020.44	255726.96	279074.585	80028.03	8509.04	5823.81	78.28
OliveGIS	30set19	19:27:03	D:\wx_medgold\wx_agmerra_andalusia\agmerra_1429_210_ESP.txt	-2.8750	37.6250	1	8401	12	31	2002	2469.6	0.7	6506.6	6563.9	   137.0	     1.0	303.3	2749.6	369.9	0.000	0.0	0.0	34599.28	214455.12	254418.072	65670.41	7096.40	5158.58	76.45
OliveGIS	30set19	19:27:08	D:\wx_medgold\wx_agmerra_andalusia\agmerra_1429_211_ESP.txt	-2.8750	37.3750	1	8401	12	31	2002	1421.2	43.2	11.4	18.7	   175.0	     1.0	852.8	3480.3	368.9	0.000	0.0	0.0	114.87	581.07	903.393	282.51	18.63	10.00	39.43
OliveGIS	30set19	19:27:13	D:\wx_medgold\wx_agmerra_andalusia\agmerra_1429_212_ESP.txt	-2.8750	37.1250	1	8401	12	31	2002	1666.6	11.5	3011.7	4292.3	   167.0	     1.0	603.6	3494.0	393.0	0.000	0.0	0.0	9288.10	57157.10	84454.700	8697.28	1560.72	1557.05	34.51
OliveGIS	30set19	19:27:21	D:\wx_medgold\wx_agmerra_andalusia\agmerra_1429_213_ESP.txt	-2.8750	36.8750	1	8401	12	31	2002	2629.5	0.0	8426.7	8626.7	   112.0	     1.0	83.5	2059.3	381.8	0.000	0.0	0.0	21069.94	103936.93	40207.975	11993.54	4975.48	6030.81	67.01
OliveGIS	30set19	19:27:29	D:\wx_medgold\wx_agmerra_andalusia\agmerra_1430_207_ESP.txt	-2.6250	38.3750	1	8401	12	31	2002	2460.2	2.0	7063.3	7178.2	   140.0	     1.0	343.7	2666.1	472.5	0.000	0.0	0.0	35426.55	238699.95	261583.499	63881.36	7124.87	5344.46	72.98
OliveGIS	30set19	19:27:35	D:\wx_medgold\wx_agmerra_andalusia\agmerra_1430_208_ESP.txt	-2.6250	38.1250	1	8401	12	31	2002	2415.0	2.0	7028.5	7123.9	   141.0	     1.0	351.9	2714.2	550.0	0.000	0.0	0.0	34573.12	228190.62	256016.650	59596.92	6738.26	5248.22	72.22
OliveGIS	30set19	19:27:42	D:\wx_medgold\wx_agmerra_andalusia\agmerra_1430_209_ESP.txt	-2.6250	37.8750	1	8401	12	31	2002	2393.6	1.1	2034.8	3509.2	   140.0	     1.0	324.5	2817.3	470.4	0.000	0.0	0.0	19482.87	119618.77	153705.052	46297.26	4036.99	2849.49	78.82
OliveGIS	30set19	19:27:48	D:\wx_medgold\wx_agmerra_andalusia\agmerra_1430_210_ESP.txt	-2.6250	37.6250	1	8401	12	31	2002	2443.5	0.8	6744.1	6804.5	   137.0	     1.0	306.7	2788.4	367.0	0.000	0.0	0.0	39917.20	255727.28	284239.376	87458.39	8144.54	5553.90	79.38
OliveGIS	30set19	19:27:53	D:\wx_medgold\wx_agmerra_andalusia\agmerra_1430_211_ESP.txt	-2.6250	37.3750	1	8401	12	31	2002	1467.5	33.2	134.6	233.2	   174.0	     1.0	790.3	3495.1	340.5	0.000	0.0	0.0	1111.68	5951.37	8181.865	1356.91	183.59	122.28	31.52
OliveGIS	30set19	19:27:58	D:\wx_medgold\wx_agmerra_andalusia\agmerra_1430_212_ESP.txt	-2.6250	37.1250	1	8401	12	31	2002	1779.8	5.0	4493.1	5762.4	   162.0	     1.0	505.8	3522.5	332.4	0.000	0.0	0.0	18186.46	112555.07	147583.317	23884.30	3140.48	2825.04	47.48
OliveGIS	30set19	19:28:07	D:\wx_medgold\wx_agmerra_andalusia\agmerra_1430_213_ESP.txt	-2.6250	36.8750	1	8401	12	31	2002	2633.2	0.0	8724.8	8966.6	   106.0	     1.0	57.8	1845.5	292.3	0.000	0.0	0.0	19123.10	94799.36	38109.148	9814.52	4948.87	6105.52	65.35
OliveGIS	30set19	19:28:14	D:\wx_medgold\wx_agmerra_andalusia\agmerra_1431_209_ESP.txt	-2.3750	37.8750	1	8401	12	31	2002	2033.8	5.7	8334.8	8926.1	   153.0	     1.0	469.9	3100.2	413.6	0.000	0.0	0.0	28428.46	178789.94	236598.324	33080.69	4830.10	4476.78	48.66
OliveGIS	30set19	19:28:19	D:\wx_medgold\wx_agmerra_andalusia\agmerra_1431_210_ESP.txt	-2.3750	37.6250	1	8401	12	31	2002	2173.4	3.2	5661.0	5861.2	   147.0	     1.0	399.3	3037.9	381.4	0.000	0.0	0.0	29198.03	189504.33	217489.563	44348.23	5124.71	3994.14	66.18
OliveGIS	30set19	19:28:25	D:\wx_medgold\wx_agmerra_andalusia\agmerra_1431_211_ESP.txt	-2.3750	37.3750	1	8401	12	31	2002	2091.0	3.6	6560.7	6964.6	   148.0	     1.0	404.9	3179.6	252.6	0.000	0.0	0.0	35133.22	219750.47	261104.036	47556.15	5851.19	4624.38	64.52
OliveGIS	30set19	19:28:31	D:\wx_medgold\wx_agmerra_andalusia\agmerra_1431_212_ESP.txt	-2.3750	37.1250	1	8401	12	31	2002	2450.8	0.0	6600.0	6621.2	   135.0	     1.0	206.5	3033.9	270.9	0.000	0.0	0.0	44555.76	273970.70	279882.479	123509.01	9480.49	5743.46	84.11
OliveGIS	30set19	19:28:41	D:\wx_medgold\wx_agmerra_andalusia\agmerra_1431_213_ESP.txt	-2.3750	36.8750	1	8401	12	31	2002	2640.4	0.0	8789.2	9014.1	   104.0	     1.0	53.3	1779.3	184.7	0.000	0.0	0.0	19773.51	98885.85	40511.409	10048.84	5190.60	6243.94	66.29
OliveGIS	30set19	19:28:48	D:\wx_medgold\wx_agmerra_andalusia\agmerra_1432_209_ESP.txt	-2.1250	37.8750	1	8401	12	31	2002	2152.0	3.1	6418.3	6659.6	   147.0	     1.0	397.3	3062.3	405.0	0.000	0.0	0.0	36281.42	232559.15	265751.891	55130.91	6259.11	4743.32	69.26
OliveGIS	30set19	19:28:55	D:\wx_medgold\wx_agmerra_andalusia\agmerra_1432_210_ESP.txt	-2.1250	37.6250	1	8401	12	31	2002	2402.7	0.8	2685.9	4074.7	   138.0	     1.0	294.1	2892.8	380.6	0.000	0.0	0.0	25303.96	157354.51	183775.919	63209.29	5198.41	3423.74	81.54
OliveGIS	30set19	19:29:02	D:\wx_medgold\wx_agmerra_andalusia\agmerra_1432_211_ESP.txt	-2.1250	37.3750	1	8401	12	31	2002	2346.4	0.4	2622.2	4013.3	   139.0	     1.0	273.6	3054.5	256.9	0.000	0.0	0.0	25631.74	150047.15	189312.346	72345.79	5302.74	3369.35	81.26
OliveGIS	30set19	19:29:09	D:\wx_medgold\wx_agmerra_andalusia\agmerra_1432_212_ESP.txt	-2.1250	37.1250	1	8401	12	31	2002	2613.1	0.0	6849.8	6804.6	   121.0	     1.0	89.1	2862.1	236.4	0.000	0.0	0.0	44865.24	241799.18	169570.517	122819.56	10648.83	6311.24	87.47
OliveGIS	30set19	19:29:18	D:\wx_medgold\wx_agmerra_andalusia\agmerra_1432_213_ESP.txt	-2.1250	36.8750	1	8401	12	31	2002	2648.7	0.0	9773.8	10005.1	    94.0	     1.0	22.1	1467.3	186.4	0.000	0.0	0.0	22839.92	115406.42	49937.116	13256.83	6438.18	7236.64	69.19
OliveGIS	30set19	19:29:27	D:\wx_medgold\wx_agmerra_andalusia\agmerra_1433_211_ESP.txt	-1.8750	37.3750	1	8401	12	31	2002	2624.4	0.0	8854.2	9106.1	   110.0	     1.0	108.3	1938.5	279.0	0.000	0.0	0.0	17476.70	86940.28	32649.168	7853.65	4223.52	5664.26	59.58
OliveGIS	30set19	19:29:36	D:\wx_medgold\wx_agmerra_andalusia\agmerra_1433_212_ESP.txt	-1.8750	37.1250	1	8401	12	31	2002	2641.8	0.0	9030.7	9249.7	    96.0	     1.0	32.1	1640.1	234.0	0.000	0.0	0.0	22343.50	113070.41	49675.243	13588.83	6248.86	6825.11	70.38
