CAMYAAE5	SALINAS.A	MONTEREY							
121.55	36.61666667								
MO	DA	YEAR	TMAX	TMIN	SOL	PRCP	RH	WIND	
1	1	1995	16.1	6.1	81	6.091	84	3	
1	2	1995	13.9	5	43	1.015	75.1	4	
1	3	1995	14.4	8.3	79	6.091	88.1	3	
1	4	1995	12.8	10	34	34.01	91.1	7	
1	5	1995	13.9	8.3	92	6.091	85.65	4	
1	6	1995	13.3	8.3	36	6.091	78.2	6	
1	7	1995	15	9.4	73	3.046	89.1	5	
1	8	1995	16.7	12.8	33	0	80.3	7	
1	9	1995	18.3	13.9	65	34.01	88.3	8	
1	10	1995	18.3	8.9	67	13.95	89.3	4	
1	11	1995	15.6	7.2	83	0	86.45	4	
1	12	1995	16.7	11.7	49	1.015	92.2	3	
1	13	1995	17.8	12.8	52	0	88.05	4	
1	14	1995	16.7	8.9	66	5.076	88.1	3	
1	15	1995	11.7	7.8	54	17	90.9	2	
1	16	1995	11.7	3.9	73	3.046	89.35	2	
1	17	1995	13.3	2.2	115	0	76.1	2	
1	18	1995	16.1	3.9	131	0	72.7	3	
1	19	1995	15.6	2.8	122	0	74.8	3	
1	20	1995	12.8	6.1	46	8.883	84.75	4	
1	21	1995	12.8	5	64	4.061	86.15	4	
1	22	1995	13.3	10.6	50	2.031	79.55	8	
1	23	1995	13.9	10	56	3.046	88.65	4	
1	24	1995	15.6	10	116	6.091	88.85	4	
1	25	1995	15	10	99	3.046	89.3	2	
1	26	1995	19.4	7.2	62	1.015	98.45	3	
1	27	1995	13.9	10	24	14.46	91.7	3	
1	28	1995	15	1.7	154	0	90.4	2	
1	29	1995	14.4	4.4	94	0	84	2	
1	30	1995	16.1	1.1	71	0	64.3	2	
1	31	1995	18.3	0.6	154	0	66.45	3	
2	1	1995	24.4	10	122	0.254	82.85	2	
2	2	1995	23.3	13.3	127	0	78.9	3	
2	3	1995	25.6	11.1	130	0	75.3	3	
2	4	1995	15.6	10	90	0.254	92.55	1	
2	5	1995	12.8	10	33	0	95.6	1	
2	6	1995	14.4	8.3	74	0	86.5	2	
2	7	1995	15.6	8.9	80	0	82.15	3	
2	8	1995	15	7.8	84	4.061	89.75	2	
2	9	1995	17.8	5	137	0	82.75	2	
2	10	1995	16.1	6.7	88	1.015	91.1	3	
2	11	1995	11.7	8.9	24	0	91.9	2	
2	12	1995	15	7.2	73	0	78.45	2	
2	13	1995	14.4	5.6	34	11.92	88.7	3	
2	14	1995	14.4	3.3	135	0	76	2	
2	15	1995	16.1	0.6	145	0	69.65	2	
2	16	1995	16.7	4.4	105	0	75.5	4	
2	17	1995	19.4	2.2	155	0	77.1	2	
2	18	1995	23.3	5	157	0	74.85	2	
2	19	1995	25.6	7.2	163	1.015	72.3	2	
2	20	1995	29.4	10	170	0	59.95	4	
2	21	1995	26.7	10.6	155	1.015	70.45	4	
2	22	1995	16.1	10	86	0	90.45	2	
2	23	1995	14.4	11.1	53	0	92.5	2	
2	24	1995	14.4	10.6	39	0	93.75	2	
2	25	1995	15	11.1	54	0	89.25	2	
2	26	1995	15.6	11.7	62	0	89.9	2	
2	27	1995	17.2	12.2	72	0	84.65	2	
2	28	1995	15.6	10	53	1.015	91.35	1	
3	1	1995	18.3	10	101	0	84.35	2	
3	2	1995	18.9	11.1	97	0	86	4	
3	3	1995	14.4	5.6	70	2.031	89.75	3	
3	4	1995	17.2	5	71	10.91	89.1	2	
3	5	1995	15.6	8.3	52	2.031	91.6	3	
3	6	1995	17.8	4.4	191	0	76.9	2	
3	7	1995	18.9	5	165	0	80.85	3	
3	8	1995	17.2	11.1	57	0	81.4	6	
3	9	1995	16.1	12.8	25	32.99	89.75	8	
3	10	1995	16.1	11.7	20	65.99	89.75	6	
3	11	1995	18.3	9.4	153	6.091	80.5	3	
3	12	1995	16.7	10	180	0	84.15	2	
3	13	1995	18.3	11.1	100	0	79.35	3	
3	14	1995	19.4	11.1	122	0	85.15	2	
3	15	1995	19.4	9.4	223	0	80.85	3	
3	16	1995	18.9	6.7	218	0	78.25	3	
3	17	1995	19.4	7.8	185	0	82.15	3	
3	18	1995	17.8	8.9	88	1.015	86.35	2	
3	19	1995	17.8	7.8	183	0	82.6	3	
3	20	1995	17.8	10	61	8.122	83.35	3	
3	21	1995	14.4	6.7	166	11.92	80.2	3	
3	22	1995	16.7	6.7	146	14.97	81.2	4	
3	23	1995	12.8	5.6	156	7.107	82.6	3	
3	24	1995	14.4	3.3	252	1.015	79.4	3	
3	25	1995	16.1	2.2	251	0	74	3	
3	26	1995	17.8	2.8	252	0	70.45	2	
3	27	1995	21.1	3.9	256	0	67.6	2	
3	28	1995	21.7	5	258	0	64.2	2	
3	29	1995	22.8	4.4	261	0	63.65	2	
3	30	1995	22.8	6.7	241	0	62.6	3	
3	31	1995	21.1	6.1	238	0	66.5	3	
4	1	1995	16.7	8.9	174	0	79.6	4	
4	2	1995	22.8	5	271	0	71.3	2	
4	3	1995	25.6	6.7	271	0	68.2	3	
4	4	1995	21.1	6.7	201	0	79.45	3	
4	5	1995	21.1	6.1	171	0	77	3	
4	6	1995	18.3	12.2	120	1.015	89.45	3	
4	7	1995	18.9	11.1	101	0	82.1	3	
4	8	1995	17.2	6.7	207	0	73.35	3	
4	9	1995	17.8	3.9	228	0	64.4	4	
4	10	1995	20.6	3.3	226	0	68.45	3	
4	11	1995	20.6	6.1	216	0	75.2	3	
4	12	1995	23.9	9.4	168	0	49.45	3	
4	13	1995	15.6	6.7	261	9.899	86.1	4	
4	14	1995	14.4	4.4	267	0	45.95	4	
4	15	1995	13.3	6.1	178	7.107	77.75	3	
4	16	1995	14.4	3.9	256	0	82.05	3	
4	17	1995	13.9	9.4	170	0	81.55	3	
4	18	1995	14.4	5	198	0	79.05	4	
4	19	1995	15.6	5	317	0	74.25	3	
4	20	1995	15.6	5	303	2.031	76.05	4	
4	21	1995	18.9	1.1	291	0	68.65	3	
4	22	1995	24.4	5	293	0	60.9	3	
4	23	1995	28.3	7.2	287	0	64.45	3	
4	24	1995	26.1	5.6	290	0	69.9	4	
4	25	1995	17.8	5.6	328	0	81.6	4	
4	26	1995	19.4	8.3	315	0	76.35	4	
4	27	1995	18.9	8.9	142	3.046	89.4	3	
4	28	1995	20	11.1	186	5.076	79.05	2	
4	29	1995	18.9	13.9	70	7.107	91	4	
4	30	1995	21.1	15	159	1.015	90.85	3	
5	1	1995	22.2	12.8	245	0	86.15	4	
5	2	1995	18.9	11.1	257	0	80.35	4	
5	3	1995	19.4	7.8	279	0	78.45	4	
5	4	1995	15.6	11.1	140	0	76.8	5	
5	5	1995	16.1	10	193	0	75.55	7	
5	6	1995	17.2	8.9	257	0	78.7	4	
5	7	1995	16.1	10.6	172	0	79.65	4	
5	8	1995	18.9	9.4	281	0	73.15	3	
5	9	1995	18.9	7.8	165	1.015	79.8	3	
5	10	1995	20.6	11.7	277	0	79.2	4	
5	11	1995	19.4	8.9	261	0	74.05	4	
5	12	1995	18.3	8.3	193	3.046	73.1	4	
5	13	1995	15.6	8.9	162	5.076	83	3	
5	14	1995	18.9	7.2	174	0	76.1	3	
5	15	1995	18.9	8.3	173	2.031	78.4	3	
5	16	1995	20.6	7.2	305	0	77.9	4	
5	17	1995	20	11.7	275	0	77.65	4	
5	18	1995	20.6	11.1	246	0	80.8	4	
5	19	1995	16.1	10.6	202	0	83.45	5	
5	20	1995	18.3	10	247	0	80.25	4	
5	21	1995	16.7	11.7	132	0	77	4	
5	22	1995	16.7	11.7	107	0	83.65	4	
5	23	1995	16.7	11.7	154	0	86.05	4	
5	24	1995	15.6	11.7	107	0	85.4	3	
5	25	1995	18.3	11.1	217	0	84.35	4	
5	26	1995	17.8	10.6	208	0	83.75	4	
5	27	1995	17.8	10.6	250	0	81.35	5	
5	28	1995	21.1	9.4	290	0	81.8	4	
5	29	1995	22.2	10.6	302	0	82.45	4	
5	30	1995	22.8	10	275	0	80.5	4	
5	31	1995	28.3	8.9	248	0	72.3	3	
6	1	1995	16.1	11.1	148	0	91.15	5	
6	2	1995	17.2	11.7	140	0	83.5	5	
6	3	1995	15	11.1	202	0	91.6	5	
6	4	1995	20.6	11.1	321	0	78.95	5	
6	5	1995	19.4	10.6	322	0	75.3	6	
6	6	1995	18.9	8.3	332	0	70.1	5	
6	7	1995	18.9	9.4	320	0	73.95	5	
6	8	1995	18.3	8.9	308	0	85	4	
6	9	1995	18.9	11.1	297	0	76.9	4	
6	10	1995	21.7	8.9	330	0	76.1	4	
6	11	1995	21.7	10	321	0	74.15	5	
6	12	1995	21.7	8.3	335	0	67.75	5	
6	13	1995	21.1	10	333	0	76.95	5	
6	14	1995	19.4	11.7	169	0	78.45	4	
6	15	1995	17.2	11.7	201	5.076	82.6	4	
6	16	1995	18.9	10	252	8.883	84.25	4	
6	17	1995	17.8	10.6	246	0	84.55	4	
6	18	1995	18.9	11.1	254	0	76.35	4	
6	19	1995	20	8.3	328	0	75.3	4	
6	20	1995	23.3	7.8	328	0	73.2	4	
6	21	1995	25.6	8.3	325	0	75.45	3	
6	22	1995	23.9	9.4	321	0	79.6	4	
6	23	1995	29.4	10.6	322	0	72.55	3	
6	24	1995	34.4	13.3	323	0	64.15	3	
6	25	1995	35	13.3	322	0	64	4	
6	26	1995	19.4	11.7	215	0	85.85	6	
6	27	1995	21.1	13.3	285	0	88.85	4	
6	28	1995	20.6	12.2	283	0	84.85	4	
6	29	1995	20.6	13.3	264	0	81.6	4	
6	30	1995	21.1	13.9	259	0	79.3	4	
7	1	1995	20	12.8	252	0	85.45	3	
7	2	1995	20.6	12.2	293	0	85.35	4	
7	3	1995	20.6	13.9	230	0	86.2	4	
7	4	1995	21.7	13.3	267	0	87.15	4	
7	5	1995	22.8	12.2	279	0	87.25	5	
7	6	1995	23.3	12.2	312	0	79.85	4	
7	7	1995	25.6	12.8	306	0	78.2	3	
7	8	1995	23.9	13.3	272	2.031	78.45	4	
7	9	1995	22.2	13.9	304	0	77.7	5	
7	10	1995	21.7	12.8	310	0	77.4	5	
7	11	1995	21.1	11.7	312	0	79.5	4	
7	12	1995	21.7	13.3	282	0	79.2	4	
7	13	1995	25.6	10	305	1.015	75.35	3	
7	14	1995	33.3	11.7	304	0	65.35	3	
7	15	1995	29.4	12.8	302	0	74	4	
7	16	1995	22.2	11.7	285	0	85.35	4	
7	17	1995	25	14.4	194	0	81.2	3	
7	18	1995	23.3	13.3	252	0	85.25	4	
7	19	1995	21.1	15	226	0	85.6	4	
7	20	1995	21.7	15.6	222	0	81	4	
7	21	1995	21.7	12.8	219	0	82.85	4	
7	22	1995	22.8	13.3	290	0	79.95	5	
7	23	1995	22.8	12.2	293	0	79.7	5	
7	24	1995	22.2	13.9	258	0	80.5	5	
7	25	1995	22.8	13.9	263	8.883	78.8	4	
7	26	1995	24.4	10.6	275	0	82.3	3	
7	27	1995	24.4	12.2	279	0	83.6	4	
7	28	1995	22.2	13.9	246	0	87.1	4	
7	29	1995	23.9	12.2	281	0	80.35	4	
7	30	1995	30.6	11.7	298	0	70.85	3	
7	31	1995	27.2	12.8	287	0	75.9	4	
8	1	1995	24.4	13.9	271	0	83.15	4	
8	2	1995	22.8	13.9	251	0	86.7	4	
8	3	1995	21.1	13.3	252	0	88.2	4	
8	4	1995	21.1	13.3	232	0	88.95	4	
8	5	1995	22.8	13.9	239	0	86.25	4	
8	6	1995	23.3	13.9	254	0	86.75	4	
8	7	1995	22.8	11.7	252	0	82.75	4	
8	8	1995	33.9	10	277	0	65.9	3	
8	9	1995	19.4	11.7	256	0	88.2	4	
8	10	1995	22.2	13.3	277	0	78.6	5	
8	11	1995	20.6	11.7	295	0	83.6	4	
8	12	1995	25.6	11.7	283	0	79.75	3	
8	13	1995	27.8	9.4	293	0	75.4	3	
8	14	1995	26.7	9.4	287	0	77.3	3	
8	15	1995	20	13.3	252	0	87	4	
8	16	1995	21.1	13.9	262	0	77.3	4	
8	17	1995	21.7	11.7	290	0	73.95	4	
8	18	1995	27.2	7.2	289	0	69.55	3	
8	19	1995	32.2	10	267	0	63.05	4	
8	20	1995	21.1	11.1	242	0	85.9	4	
8	21	1995	23.9	13.9	217	0	83.9	4	
8	22	1995	23.3	13.3	227	0	84.35	4	
8	23	1995	22.2	13.3	212	0	86.65	4	
8	24	1995	21.7	12.2	246	0	81.2	4	
8	25	1995	20.6	11.7	241	0	82.1	4	
8	26	1995	21.1	12.2	249	0	80.65	4	
8	27	1995	22.8	7.8	244	0	80.9	4	
8	28	1995	25.6	8.9	257	0	72.15	4	
8	29	1995	25.6	10.6	250	0	75.05	4	
8	30	1995	21.1	11.1	230	0	84.1	4	
8	31	1995	20.6	11.7	221	0	87	4	
9	1	1995	21.1	12.2	201	0	85.45	4	
9	2	1995	23.9	9.4	230	0	79.75	4	
9	3	1995	22.2	11.7	250	0	78.2	4	
9	4	1995	24.4	11.1	247	0	75.1	4	
9	5	1995	28.9	9.4	246	0	74.05	3	
9	6	1995	33.9	12.2	248	0	57.35	3	
9	7	1995	30	10	235	0	70.2	3	
9	8	1995	21.7	12.8	197	0	85.4	4	
9	9	1995	21.1	13.9	203	0	82.05	3	
9	10	1995	22.2	14.4	211	0	78.7	3	
9	11	1995	23.3	13.9	213	0	82.7	3	
9	12	1995	22.8	13.3	201	0	87.8	4	
9	13	1995	20	12.8	181	0	87.45	4	
9	14	1995	22.2	13.3	169	0	86	4	
9	15	1995	21.1	13.3	179	0	88.2	4	
9	16	1995	20.6	12.8	200	0	83.7	4	
9	17	1995	23.3	10	221	0	83.6	3	
9	18	1995	27.8	10.6	216	0	76.55	3	
9	19	1995	30	13.3	216	0	75.15	4	
9	20	1995	21.7	12.8	192	0	87.75	3	
9	21	1995	20	12.2	174	0	88.6	4	
9	22	1995	20	13.3	182	0	85.9	3	
9	23	1995	22.2	12.8	182	0	83.05	3	
9	24	1995	22.8	11.7	180	0	85.05	4	
9	25	1995	21.7	11.7	197	0	85.5	4	
9	26	1995	20.6	10.6	202	0	84.3	4	
9	27	1995	23.3	9.4	207	0	82.1	3	
9	28	1995	21.1	9.4	193	0	80.1	3	
9	29	1995	23.3	10	200	0	79.1	3	
9	30	1995	25	8.3	200	0	73.7	3	
10	1	1995	27.2	7.8	201	0	72.85	3	
10	2	1995	33.3	9.4	201	0	56.45	3	
10	3	1995	28.3	12.8	196	0	66	4	
10	4	1995	31.7	10.6	200	0	56.35	2	
10	5	1995	27.8	8.9	190	0	60.8	3	
10	6	1995	22.2	8.9	182	0	74.4	4	
10	7	1995	18.9	9.4	170	0	84.4	3	
10	8	1995	20	7.8	151	0	85.85	3	
10	9	1995	21.1	7.8	163	0	80.45	3	
10	10	1995	30	8.3	177	0	67	3	
10	11	1995	20.6	11.1	137	0	88.05	3	
10	12	1995	23.9	9.4	163	0	72.9	3	
10	13	1995	31.7	8.3	168	0	58.65	3	
10	14	1995	20.6	12.8	164	0	76.4	4	
10	15	1995	21.1	12.2	136	0	83.8	3	
10	16	1995	21.1	10.6	156	0	82.25	3	
10	17	1995	24.4	7.8	159	0	80.9	2	
10	18	1995	26.1	8.9	152	0	75.65	3	
10	19	1995	17.8	10	115	0.508	94.25	4	
10	20	1995	19.4	12.2	123	0	90.75	3	
10	21	1995	17.2	7.8	120	0	91.4	3	
10	22	1995	23.9	5.6	183	0	60.5	2	
10	23	1995	24.4	7.8	175	0	55.9	3	
10	24	1995	22.8	5	172	0	61.15	3	
10	25	1995	18.9	5.6	175	0	79.2	3	
10	26	1995	25	5.6	167	0	71.4	3	
10	27	1995	27.8	8.3	165	0	73.8	3	
10	28	1995	18.3	9.4	141	0	90.45	3	
10	29	1995	15.6	10.6	102	0	92.6	3	
10	30	1995	16.1	11.1	79	0	91.15	2	
10	31	1995	16.7	12.2	63	2.538	88.6	2	
11	1	1995	17.8	11.7	74	1.015	89.15	2	
11	2	1995	18.3	11.7	101	0	85.2	2	
11	3	1995	18.9	8.3	104	0	86.1	2	
11	4	1995	24.4	8.9	146	0	77.2	3	
11	5	1995	18.3	5.6	126	0	83.9	3	
11	6	1995	19.4	8.3	139	0	79.35	3	
11	7	1995	26.1	7.2	142	0	67.85	3	
11	8	1995	22.2	10	141	0	76.5	4	
11	9	1995	21.1	10	108	0	87.35	3	
11	10	1995	21.1	6.7	135	0	77.9	2	
11	11	1995	26.7	8.3	137	0	66.8	3	
11	12	1995	25.6	6.7	135	0	67.9	2	
11	13	1995	27.8	9.4	134	0	69.75	3	
11	14	1995	20.6	7.8	128	0	83.75	3	
11	15	1995	18.9	9.4	95	0	91.1	2	
11	16	1995	22.8	6.7	125	0	84.5	3	
11	17	1995	21.7	10.6	119	0	86	4	
11	18	1995	21.7	8.9	108	0	86.5	3	
11	19	1995	20	9.4	88	0	86.7	2	
11	20	1995	21.7	7.2	111	1.015	77.85	3	
11	21	1995	17.8	8.3	75	0	87	2	
11	22	1995	21.7	6.7	120	0	81.1	2	
11	23	1995	26.7	7.8	124	0	66.85	2	
11	24	1995	26.1	8.3	115	0	68.35	2	
11	25	1995	22.2	7.2	117	0	75.4	3	
11	26	1995	17.8	6.1	126	0	78.15	3	
11	27	1995	19.4	3.3	117	0	65.7	2	
11	28	1995	22.8	4.4	119	0	63.4	2	
11	29	1995	25.6	6.1	122	0	69.95	2	
11	30	1995	21.1	4.4	120	0	78.05	2	
12	1	1995	18.3	3.9	92	0	90.05	2	
12	2	1995	16.1	4.4	108	0	82.8	3	
12	3	1995	16.7	3.3	106	0	76.15	2	
12	4	1995	20.6	9.4	80	0	89.3	2	
12	5	1995	21.7	11.1	84	0	86.8	3	
12	6	1995	20.6	8.3	93	0	82.35	3	
12	7	1995	19.4	10	72	0	88.45	2	
12	8	1995	18.3	7.2	92	0	84.35	3	
12	9	1995	22.8	7.2	104	0	73.65	3	
12	10	1995	15	6.7	68	0	87.3	3	
12	11	1995	15.6	11.1	13	11.92	91.1	5	
12	12	1995	17.8	10.6	15	24.87	84.5	5	
12	13	1995	15.6	10.6	34	7.868	92.35	3	
12	14	1995	17.8	5	118	0	76.2	2	
12	15	1995	15	6.1	53	2.031	90.75	3	
12	16	1995	13.9	5	97	0	80.2	3	
12	17	1995	15	1.7	88	0	79.8	2	
12	18	1995	12.8	6.1	34	1.015	90.9	3	
12	19	1995	13.9	5.6	89	0	88.1	2	
12	20	1995	15	3.9	97	0	82.9	2	
12	21	1995	14.4	2.8	81	0	84.85	2	
12	22	1995	11.1	6.1	35	8.883	95.05	4	
12	23	1995	13.9	5.6	84	0	87.6	3	
12	24	1995	15.6	3.3	79	0	74.35	3	
12	25	1995	17.8	5	100	0	68.45	2	
12	26	1995	18.9	3.9	102	0	67.95	3	
12	27	1995	16.7	5	105	0	79.35	3	
12	28	1995	14.4	5.6	69	0	84.35	2	
12	29	1995	13.3	6.1	35	6.091	93.2	3	
12	30	1995	15	11.7	15	4.061	-1	3	
12	31	1995	16.7	7.8	100	0	92.5	4	
1	1	1996	22.2	6.1	108	0	67.75	2	
1	2	1996	21.1	5.6	110	0	74.05	2	
1	3	1996	19.4	5.6	106	0	75.75	3	
1	4	1996	15	7.8	74	0	87.9	3	
1	5	1996	17.8	4.4	99	0	82.95	2	
1	6	1996	22.2	6.1	103	0	75.35	3	
1	7	1996	21.1	5.6	106	0	75.65	3	
1	8	1996	21.1	5.6	91	0	80.6	2	
1	9	1996	16.1	6.1	56	0	89.95	2	
1	10	1996	21.7	4.4	104	0	74	2	
1	11	1996	23.9	6.1	111	0	66.45	4	
1	12	1996	24.4	4.4	117	0	60.95	3	
1	13	1996	16.7	4.4	117	0	78.45	3	
1	14	1996	16.1	7.8	91	0	82.7	3	
1	15	1996	15	5.6	61	0	90.3	2	
1	16	1996	17.8	8.9	16	17	93.35	5	
1	17	1996	15	5.6	120	0	77.55	2	
1	18	1996	17.8	8.3	38	2.031	84.8	3	
1	19	1996	15	5.6	113	1.015	84.75	3	
1	20	1996	16.1	2.8	126	0	79.7	2	
1	21	1996	13.3	6.1	107	17	84.65	2	
1	22	1996	11.1	2.2	131	1.015	78.7	3	
1	23	1996	11.7	0.6	87	0	82.5	2	
1	24	1996	16.1	6.1	91	1.015	82.8	2	
1	25	1996	12.8	3.9	137	1.015	78.6	3	
1	26	1996	11.7	1.7	82	0	81.9	2	
1	27	1996	16.7	7.8	71	13.95	88.95	3	
1	28	1996	13.3	3.9	122	0	85.1	2	
1	29	1996	14.4	4.4	86	0	87.95	2	
1	30	1996	13.9	7.8	46	6.091	85.25	4	
1	31	1996	15.6	11.1	36	18.02	98.15	3	
2	1	1996	16.7	9.4	86	0	92.6	2	
2	2	1996	15.6	10.6	70	0	88.8	2	
2	3	1996	17.8	10.6	97	6.091	92.2	5	
2	4	1996	17.2	13.9	31	11.92	93.9	5	
2	5	1996	20.6	13.3	109	3.046	93.9	3	
2	6	1996	20	10.6	126	0	88.85	2	
2	7	1996	21.7	8.3	131	0	84.1	3	
2	8	1996	23.9	11.1	121	0	80.2	4	
2	9	1996	16.7	10	90	0	93.15	3	
2	10	1996	20	9.4	154	0	84.9	3	
2	11	1996	24.4	8.9	152	0	79.7	3	
2	12	1996	26.7	9.4	158	0	74.55	3	
2	13	1996	24.4	10.6	155	0	71.45	3	
2	14	1996	25.6	8.3	162	0	70.5	2	
2	15	1996	16.1	7.8	31	4.061	93.7	3	
2	16	1996	22.2	12.8	144	2.031	87.65	3	
2	17	1996	20.6	10	115	0	88.15	3	
2	18	1996	17.8	8.9	100	0	89.7	2	
2	19	1996	16.1	12.2	25	14.97	95.95	2	
2	20	1996	16.7	11.1	71	8.883	91.25	4	
2	21	1996	12.8	6.1	69	6.091	90.35	3	
2	22	1996	11.7	3.3	147	6.091	84.2	2	
2	23	1996	13.9	1.7	185	5.076	76.2	2	
2	24	1996	12.2	3.3	140	6.091	77.7	2	
2	25	1996	10.6	1.7	166	4.061	80.85	2	
2	26	1996	11.7	1.1	189	8.883	72.7	2	
2	27	1996	11.1	3.9	92	1.015	81.75	2	
2	28	1996	13.3	5	143	0	85	4	
2	29	1996	13.3	8.3	92	0	92.85	4	
3	1	1996	17.8	8.3	129	0	85.65	2	
3	2	1996	22.2	8.3	185	0	73.25	3	
3	3	1996	18.3	8.3	108	2.031	82.1	2	
3	4	1996	17.2	9.4	94	9.899	85.15	3	
3	5	1996	15	5.6	119	3.046	85.8	3	
3	6	1996	18.9	3.3	201	0	72.75	3	
3	7	1996	25.6	9.4	181	0	63.1	3	
3	8	1996	25	8.9	149	0	63.65	3	
3	9	1996	21.7	9.4	146	0	71.55	3	
3	10	1996	19.4	8.9	123	0	80.9	3	
3	11	1996	20	9.4	143	0	79.3	3	
3	12	1996	15.6	9.4	102	23.85	91.4	3	
3	13	1996	17.8	7.8	185	0	83.75	2	
3	14	1996	20	7.2	202	0	77.95	3	
3	15	1996	18.9	6.7	207	0	85.35	3	
3	16	1996	21.7	10.6	190	0	83.3	2	
3	17	1996	25.6	8.3	213	0	70.65	2	
3	18	1996	23.9	8.9	211	0	79.3	3	
3	19	1996	20	11.1	181	0	87.65	3	
3	20	1996	20.6	7.8	198	0	84.7	3	
3	21	1996	17.8	7.8	189	0	86.65	3	
3	22	1996	15	5.6	210	0	76.45	4	
3	23	1996	16.7	3.3	259	0	72.15	2	
3	24	1996	18.3	1.1	243	0	72.9	3	
3	25	1996	15.6	5.6	189	0	78.25	3	
3	26	1996	20.6	3.3	264	0	67.5	3	
3	27	1996	22.8	6.1	224	8.883	68.8	3	
3	28	1996	14.4	5.6	229	3.046	82.55	4	
3	29	1996	16.1	3.9	231	0	81.75	2	
3	30	1996	21.1	3.3	268	0	74.6	2	
3	31	1996	24.4	6.1	262	0	72.9	3	
4	1	1996	20	9.4	127	9.899	75.95	4	
4	2	1996	17.8	8.9	272	0	86.15	2	
4	3	1996	17.2	7.2	268	0	77.25	3	
4	4	1996	22.2	5.6	273	0	76.35	2	
4	5	1996	25.6	6.7	280	0	72.25	3	
4	6	1996	28.9	7.8	278	0	65.5	3	
4	7	1996	27.2	7.8	276	0	70.85	4	
4	8	1996	17.8	11.1	181	0	85.95	3	
4	9	1996	20.6	10.6	213	0	77.8	3	
4	10	1996	16.7	7.8	211	0	79.5	4	
4	11	1996	17.8	9.4	270	0	78.8	4	
4	12	1996	17.8	8.3	258	0	73.25	4	
4	13	1996	22.2	5	276	0	68.6	3	
4	14	1996	26.7	6.7	251	0	61.6	3	
4	15	1996	22.2	7.8	146	0	70.85	3	
4	16	1996	18.9	11.1	195	1.015	76.65	3	
4	17	1996	18.9	8.9	144	6.091	77.45	4	
4	18	1996	16.1	5.6	276	2.031	76.35	4	
4	19	1996	17.2	4.4	263	0	72.95	2	
4	20	1996	17.2	6.1	273	0	77.3	3	
4	21	1996	20	5	326	0	72.9	3	
4	22	1996	22.8	7.8	324	0	75.3	3	
4	23	1996	23.9	8.9	321	0	77.8	4	
4	24	1996	23.3	11.1	315	0	84.65	4	
4	25	1996	26.7	9.4	337	0	70.55	4	
4	26	1996	27.2	10	334	0	71.5	4	
4	27	1996	26.1	8.9	338	0	64.5	4	
4	28	1996	31.1	7.2	339	0	55.65	2	
4	29	1996	33.3	11.1	346	0	48.55	3	
4	30	1996	33.9	11.1	347	0	53.35	3	
5	1	1996	32.8	11.1	334	0	59.7	3	
5	2	1996	28.9	8.9	351	0	62.55	3	
5	3	1996	21.1	7.8	353	0	64.8	4	
5	4	1996	23.9	5	358	0	65.45	3	
5	5	1996	21.1	5	351	0	62.2	3	
5	6	1996	19.4	5.6	356	0	73.85	4	
5	7	1996	18.9	9.4	339	0	70.15	4	
5	8	1996	21.1	6.1	321	0	68.35	4	
5	9	1996	17.8	7.8	355	0	78.15	5	
5	10	1996	23.9	5	338	1.015	74.85	3	
5	11	1996	32.8	8.9	346	0	57.95	3	
5	12	1996	25.6	10	358	0	70.95	4	
5	13	1996	28.3	10.6	321	0	72.75	4	
5	14	1996	25.6	11.7	314	0.508	81.9	4	
5	15	1996	22.2	15.6	117	22.33	88.5	3	
5	16	1996	23.3	15	158	1.523	82	2	
5	17	1996	22.8	13.9	219	0	82.65	3	
5	18	1996	21.1	13.9	321	0	77.95	3	
5	19	1996	20	10.6	349	0	79	4	
5	20	1996	20	8.9	354	0	75.3	4	
5	21	1996	21.1	8.3	208	1.015	74.75	3	
5	22	1996	18.9	11.1	312	0	81.35	4	
5	23	1996	19.4	8.3	355	0	76.35	4	
5	24	1996	24.4	10	362	0	64.35	4	
5	25	1996	21.7	10	358	0	81.75	5	
5	26	1996	17.8	11.1	195	0	84.6	4	
5	27	1996	18.3	10.6	310	0	84.15	5	
5	28	1996	17.2	10.6	280	0	80.9	5	
5	29	1996	16.7	11.1	287	0	76.1	5	
5	30	1996	17.8	10	345	0	78.05	5	
5	31	1996	21.7	9.4	363	0	73.75	5	
6	1	1996	26.1	8.9	336	0	77.75	3	
6	2	1996	36.1	12.8	362	0	61.85	4	
6	3	1996	28.9	11.1	357	0	74.75	4	
6	4	1996	22.8	9.4	339	0	80.45	4	
6	5	1996	29.4	7.2	348	0	68.6	4	
6	6	1996	23.9	11.1	330	0	82.65	4	
6	7	1996	21.7	8.3	346	0	83.9	4	
6	8	1996	22.2	10.6	332	0	81.5	4	
6	9	1996	23.9	8.9	357	0	72.55	4	
6	10	1996	20.6	11.1	323	0	77.1	6	
6	11	1996	20.6	11.1	362	0	82.1	5	
6	12	1996	17.8	11.7	294	0	85.45	5	
6	13	1996	17.8	10.6	312	0	82.2	5	
6	14	1996	18.3	10.6	336	0	84.25	4	
6	15	1996	17.2	10	303	0	83.8	5	
6	16	1996	17.2	10.6	270	0	83.2	5	
6	17	1996	20	10	367	0	73.95	5	
6	18	1996	23.9	7.8	373	0	72.35	4	
6	19	1996	23.9	7.8	312	0	75.2	4	
6	20	1996	18.9	10	360	0	82.95	6	
6	21	1996	15	11.1	163	0	84.9	6	
6	22	1996	20.6	10	332	0	80.8	4	
6	23	1996	22.8	7.2	373	0	79.85	4	
6	24	1996	18.9	11.1	313	0	83.05	5	
6	25	1996	19.4	11.1	308	0	78.65	4	
6	26	1996	17.8	12.2	117	0	84.5	3	
6	27	1996	22.8	8.9	365	0	73.7	3	
6	28	1996	23.9	8.3	354	0	78.6	3	
6	29	1996	30	10	371	0	69.4	3	
6	30	1996	34.4	12.2	370	0	65.05	3	
7	1	1996	31.1	12.2	364	0	72.05	4	
7	2	1996	21.1	11.1	334	0	85.45	4	
7	3	1996	24.4	11.7	349	0	80.4	4	
7	4	1996	21.7	12.2	354	0	83.05	5	
7	5	1996	21.1	10.6	350	0	83	4	
7	6	1996	22.8	10	347	0	82.95	4	
7	7	1996	20	12.2	316	0	86.6	4	
7	8	1996	17.2	12.2	166	0	86.5	5	
7	9	1996	20	12.2	317	0	87.3	4	
7	10	1996	21.1	12.2	334	0	87.45	4	
7	11	1996	23.3	12.2	326	0	81.15	4	
7	12	1996	22.8	12.8	322	0	85.25	4	
7	13	1996	21.7	12.2	330	0	82.95	4	
7	14	1996	20	12.2	306	0	88.35	5	
7	15	1996	21.1	12.8	301	0	86.25	5	
7	16	1996	20.6	12.8	270	0	85.25	4	
7	17	1996	20.6	12.8	325	0	84.7	5	
7	18	1996	23.3	12.8	338	0	74.4	5	
7	19	1996	28.3	6.7	366	0	70.05	4	
7	20	1996	31.7	8.9	364	0	68.4	3	
7	21	1996	24.4	10.6	356	0	82.05	4	
7	22	1996	22.8	12.2	269	0	85.05	4	
7	23	1996	23.3	12.2	319	0	83	4	
7	24	1996	23.9	12.2	325	0	83.75	4	
7	25	1996	26.1	12.2	331	0	82.25	4	
7	26	1996	26.1	12.8	291	0	80.05	3	
7	27	1996	25.6	13.3	170	0	83.1	3	
7	28	1996	26.7	13.9	328	5.076	80.75	4	
7	29	1996	26.1	12.8	322	0	81.25	4	
7	30	1996	25.6	12.8	309	0	82.55	4	
7	31	1996	26.1	12.2	324	0	82.05	4	
8	1	1996	20.6	11.7	297	0	86.5	5	
8	2	1996	22.8	11.1	292	0	80.8	5	
8	3	1996	19.4	11.7	332	0	85.05	6	
8	4	1996	21.1	8.9	308	0	85.4	4	
8	5	1996	19.4	12.2	304	0	89.2	4	
8	6	1996	20	12.8	309	0	82.65	4	
8	7	1996	20.6	11.7	299	0	86.8	4	
8	8	1996	23.9	11.7	299	0	85.55	4	
8	9	1996	25.6	12.2	324	0	83.65	4	
8	10	1996	22.2	12.2	304	0	86.05	4	
8	11	1996	20.6	12.8	289	0	88.7	4	
8	12	1996	27.2	12.2	320	0	78.95	3	
8	13	1996	26.1	13.3	311	0	83.7	4	
8	14	1996	22.2	12.8	286	0	86.05	4	
8	15	1996	26.1	11.1	324	0	80.85	3	
8	16	1996	20.6	10.6	321	0	87.55	4	
8	17	1996	19.4	12.2	290	0	89.15	4	
8	18	1996	20	11.7	308	1.015	85.65	4	
8	19	1996	18.9	12.2	288	0	86.25	4	
8	20	1996	20	11.1	294	0	84.2	4	
8	21	1996	21.1	12.2	271	0	88.35	4	
8	22	1996	22.8	11.7	272	0	87.3	3	
8	23	1996	22.2	11.7	279	0	86.55	3	
8	24	1996	18.9	11.7	250	0	90.25	4	
8	25	1996	21.1	12.8	276	0	87.05	4	
8	26	1996	21.1	12.2	266	0	84.35	4	
8	27	1996	22.2	10	307	0	85.1	4	
8	28	1996	27.8	11.7	288	0	77	3	
8	29	1996	25	10	280	0	81.1	3	
8	30	1996	28.3	11.1	289	0	75.8	4	
8	31	1996	23.3	12.2	273	0	83.2	4	
9	1	1996	20.6	11.7	216	0	88.2	4	
9	2	1996	20.6	12.8	241	0	83.6	3	
9	3	1996	19.4	12.2	221	0	87.35	3	
9	4	1996	21.1	12.2	241	0	80.1	4	
9	5	1996	24.4	7.8	258	0	74.8	3	
9	6	1996	28.9	8.9	258	0	60.55	3	
9	7	1996	30.6	10	253	0	64.35	3	
9	8	1996	27.8	8.9	235	0	69.75	3	
9	9	1996	24.4	10.6	231	0	79.45	3	
9	10	1996	21.1	11.7	216	0	86.1	4	
9	11	1996	20.6	12.2	163	0	84.4	4	
9	12	1996	24.4	7.8	217	0	79.3	3	
9	13	1996	20	14.4	152	0	86.9	4	
9	14	1996	22.2	9.4	235	0	82.75	3	
9	15	1996	23.3	12.8	169	0	85.85	3	
9	16	1996	22.8	8.9	230	0	76.9	3	
9	17	1996	25.6	7.2	233	0	72.4	3	
9	18	1996	27.2	8.9	240	0	68.7	3	
9	19	1996	28.9	9.4	231	0	68.1	3	
9	20	1996	24.4	10	232	0	80.05	3	
9	21	1996	27.2	8.3	232	0	73.8	4	
9	22	1996	20	9.4	223	0	86.6	3	
9	23	1996	18.3	11.1	191	0	87	3	
9	24	1996	17.2	11.1	162	0	90.15	3	
9	25	1996	19.4	9.4	212	0	88.1	4	
9	26	1996	17.8	10.6	155	0	91.15	3	
9	27	1996	18.9	11.7	167	0	89.8	3	
9	28	1996	21.7	11.1	210	0	86.7	3	
9	29	1996	22.2	11.7	195	0	87.15	3	
9	30	1996	17.2	12.2	134	0	90.1	3	
10	1	1996	20	12.2	179	0	88.15	3	
10	2	1996	22.8	12.8	196	0	86.85	3	
10	3	1996	23.3	10.6	187	0	86.05	2	
10	4	1996	23.9	10.6	198	0	-1	-1	
10	5	1996	30	9.4	212	0	75.75	2	
10	6	1996	35.6	11.7	214	0	65.45	2	
10	7	1996	37.2	13.3	211	0	61.1	3	
10	8	1996	37.2	13.9	206	0	57.4	3	
10	9	1996	18.9	10.6	185	0	91.4	4	
10	10	1996	21.7	12.8	193	0	83.2	3	
10	11	1996	21.7	10.6	186	0	86.25	3	
10	12	1996	22.8	10.6	170	0	83.75	3	
10	13	1996	23.3	11.1	188	0	80.2	3	
10	14	1996	22.8	7.8	181	0	80.75	3	
10	15	1996	23.9	5	195	0	73.15	4	
10	16	1996	20.6	6.1	186	0	72.05	3	
10	17	1996	21.7	3.9	188	0	69.75	3	
10	18	1996	22.2	3.9	142	0	71.7	3	
10	19	1996	17.2	6.1	189	0	76.8	4	
10	20	1996	17.8	2.2	189	0	72.45	2	
10	21	1996	21.7	1.7	191	0	59	2	
10	22	1996	22.2	2.8	184	0	58.6	3	
10	23	1996	20.6	6.1	163	0	84.3	3	
10	24	1996	17.8	8.9	66	2.031	86.1	3	
10	25	1996	22.2	9.4	149	0.761	-1	-1	
10	26	1996	20	2.8	173	0	63.75	2	
10	27	1996	21.7	2.2	165	0	59.6	2	
10	28	1996	21.1	4.4	156	0	59.1	4	
10	29	1996	14.4	9.4	45	9.899	90.3	4	
10	30	1996	12.8	9.4	64	11.92	91.45	2	
10	31	1996	18.3	7.2	175	0	82.3	2	
11	1	1996	21.1	5.6	175	0	72.15	2	
11	2	1996	18.9	5.6	173	0	82.05	3	
11	3	1996	13.9	9.4	56	0	87.6	2	
11	4	1996	14.4	5	105	0	85.6	2	
11	5	1996	15	3.3	152	0	84.95	2	
11	6	1996	18.3	1.7	167	0	71.65	2	
11	7	1996	27.2	3.3	160	0	62.8	1	
11	8	1996	26.7	8.3	163	0	54.2	4	
11	9	1996	26.1	9.4	132	0	57.85	3	
11	10	1996	26.7	7.2	148	0	62.8	3	
11	11	1996	20	5	133	0	78.7	2	
11	12	1996	21.7	6.1	117	0	75.05	2	
11	13	1996	20.6	7.2	143	0	84.9	3	
11	14	1996	16.1	9.4	104	0	83.95	4	
11	15	1996	15	7.8	112	0	86.95	4	
11	16	1996	14.4	5.6	88	7.107	81.6	4	
11	17	1996	17.8	10.6	22	38.07	99.75	3	
11	18	1996	20.6	12.2	77	12.94	90.7	2	
11	19	1996	16.7	8.9	50	2.031	91.85	3	
11	20	1996	18.9	0	34	0	92.3	2	
11	21	1996	16.7	13.3	23	18.02	99.15	3	
11	22	1996	18.3	11.7	92	2.031	94.65	3	
11	23	1996	17.8	9.4	108	0	85.85	2	
11	24	1996	19.4	8.3	130	0	84.65	3	
11	25	1996	18.3	7.8	130	0	90.25	2	
11	26	1996	18.9	5	134	0	77.45	2	
11	27	1996	20.6	3.9	131	0	74.1	2	
11	28	1996	13.3	5	46	1.015	94.1	2	
11	29	1996	15	5	135	0	76.55	3	
11	30	1996	16.7	1.7	130	0	79.4	2	
12	1	1996	15.6	5	110	3.046	87.95	3	
12	2	1996	14.4	1.1	133	0	76	2	
12	3	1996	13.9	-0.6	111	0	75.55	2	
12	4	1996	18.3	3.3	103	0	79.15	3	
12	5	1996	14.4	9.4	23	11.92	94.95	2	
12	6	1996	17.2	8.9	98	1.015	87.05	2	
12	7	1996	19.4	7.2	123	0	82.7	3	
12	8	1996	18.3	7.2	77	0	89.75	2	
12	9	1996	14.4	10.6	21	5.076	91	5	
12	10	1996	14.4	11.7	14	44.92	94.9	4	
12	11	1996	19.4	12.2	78	0	94.9	2	
12	12	1996	19.4	12.8	77	1.015	89.5	2	
12	13	1996	16.1	6.7	109	4.061	80.8	3	
12	14	1996	18.3	3.9	130	0	71.1	2	
12	15	1996	18.3	4.4	124	0	74.3	4	
12	16	1996	18.9	5	123	0	76.2	2	
12	17	1996	18.9	3.3	99	0	74.65	2	
12	18	1996	20.6	4.4	124	0	70.25	3	
12	19	1996	16.7	2.2	115	0	72.25	2	
12	20	1996	13.9	2.2	93	0	79.7	3	
12	21	1996	10.6	7.2	11	37.05	97.9	2	
12	22	1996	15	7.2	69	4.061	91.4	3	
12	23	1996	16.1	5.6	123	0	79	2	
12	24	1996	14.4	3.3	114	0	84	3	
12	25	1996	13.9	1.7	113	0	81.15	2	
12	26	1996	14.4	8.3	46	1.015	87.75	4	
12	27	1996	16.7	7.8	80	0	89.7	2	
12	28	1996	15.6	8.9	77	0	89.65	3	
12	29	1996	15.6	11.1	37	3.046	87.75	6	
12	30	1996	17.2	12.8	48	2.031	95.8	4	
12	31	1996	19.4	15	60	0	92.5	5	
1	1	1997	18.9	16.7	21	13.95	94.95	4	
1	2	1997	17.8	12.8	13	28.93	97.6	3	
1	3	1997	15.6	6.7	120	2.031	87.05	3	
1	4	1997	10.6	4.4	39	1.015	91.6	1	
1	5	1997	12.8	5	124	2.031	77.15	3	
1	6	1997	14.4	2.2	136	0	64.55	2	
1	7	1997	16.1	0	133	0	72.75	2	
1	8	1997	16.1	2.2	122	0	81.8	2	
1	9	1997	16.7	2.2	127	0	83.05	2	
1	10	1997	16.1	2.2	131	0	85.7	2	
1	11	1997	12.2	5	55	0	93.25	2	
1	12	1997	10.6	6.1	30	17	97.5	3	
1	13	1997	10.6	1.1	128	0	63.4	2	
1	14	1997	8.3	-0.6	58	4.061	88.2	4	
1	15	1997	16.1	7.2	84	10.91	90.5	2	
1	16	1997	14.4	6.7	99	0	93.35	3	
1	17	1997	15.6	6.1	85	0	89.75	3	
1	18	1997	18.3	7.2	132	0	81	4	
1	19	1997	15	6.7	84	0	80.7	4	
1	20	1997	16.1	8.3	111	28.93	85.3	2	
1	21	1997	15	7.8	84	1.015	93.55	3	
1	22	1997	17.2	10	62	9.899	82.2	4	
1	23	1997	13.9	7.2	87	0	87.8	2	
1	24	1997	15	8.3	91	8.883	89.3	3	
1	25	1997	20	12.8	97	8.122	82.45	4	
1	26	1997	16.7	12.2	87	27.91	91.6	2	
1	27	1997	16.1	11.1	107	0	91.35	2	
1	28	1997	17.8	9.4	115	0	92.55	2	
1	29	1997	21.1	7.2	144	0	83.35	2	
1	30	1997	22.2	7.8	163	0	77.85	3	
1	31	1997	17.8	5.6	152	0	87.35	2	
2	1	1997	14.4	7.8	54	0	97	2	
2	2	1997	15.6	7.2	169	0	85.3	3	
2	3	1997	15.6	5.6	127	0	88.35	3	
2	4	1997	16.7	7.8	156	0	87.9	3	
2	5	1997	16.1	3.9	173	0	82.85	2	
2	6	1997	17.2	2.8	178	0	81.7	2	
2	7	1997	17.2	5.6	142	0	79.3	3	
2	8	1997	15	5	161	0	81.55	3	
2	9	1997	15.6	4.4	105	0	83.05	3	
2	10	1997	17.2	5	136	0	77.95	2	
2	11	1997	15	3.9	153	0	87.05	3	
2	12	1997	16.1	7.8	154	0	85.4	3	
2	13	1997	20	3.3	175	0	60.25	2	
2	14	1997	24.4	3.9	170	0	63.2	2	
2	15	1997	23.3	7.8	142	0	68.25	4	
2	16	1997	21.7	9.4	155	0	71.7	4	
2	17	1997	15	8.3	116	3.046	89.3	4	
2	18	1997	18.9	3.9	192	0	75.4	3	
2	19	1997	19.4	3.9	167	0	72.15	3	
2	20	1997	17.8	4.4	194	0	74.15	3	
2	21	1997	17.8	2.2	199	3.046	72.85	3	
2	22	1997	16.7	2.8	201	1.015	84.45	3	
2	23	1997	18.3	3.9	210	2.031	66.85	2	
2	24	1997	17.2	4.4	219	0	42	3	
2	25	1997	18.9	0.6	218	0	63.85	3	
2	26	1997	16.7	8.3	191	0	80.85	4	
2	27	1997	14.4	6.1	163	0	85.85	6	
2	28	1997	15.6	3.3	227	0	73.5	4	
3	1	1997	17.2	2.2	227	0	69.9	3	
3	2	1997	13.9	4.4	108	1.015	82	3	
3	3	1997	14.4	0.6	212	0	80.85	3	
3	4	1997	17.8	0.6	230	0	70.85	2	
3	5	1997	20	3.9	209	0	70.25	4	
3	6	1997	16.7	1.7	224	0	85.65	3	
3	7	1997	17.8	2.8	233	0	84.25	3	
3	8	1997	18.3	6.7	217	0	83.55	3	
3	9	1997	25	3.3	231	0	69.05	2	
3	10	1997	27.2	6.7	237	0	66.9	3	
3	11	1997	20.6	4.4	200	0	80.5	3	
3	12	1997	16.7	6.1	243	0	77.4	4	
3	13	1997	22.2	1.7	220	0	68.9	2	
3	14	1997	23.3	4.4	226	0	63.25	3	
3	15	1997	20	6.1	204	0	77.75	3	
3	16	1997	18.9	6.7	130	0	71.7	2	
3	17	1997	20.6	7.8	245	0	83.45	3	
3	18	1997	27.2	7.2	248	1.015	69.1	3	
3	19	1997	29.4	6.7	259	0	64.1	3	
3	20	1997	26.1	8.3	214	0	75.3	2	
3	21	1997	26.1	10	189	0	73.55	2	
3	22	1997	15	10	87	0	94.35	3	
3	23	1997	18.9	7.2	198	0	84.65	3	
3	24	1997	23.9	6.1	265	0	78.55	2	
3	25	1997	23.9	10.6	257	0	79.7	3	
3	26	1997	21.1	10	248	0	85.35	4	
3	27	1997	17.8	9.4	249	0	80.8	4	
3	28	1997	20	6.7	255	0	78.3	3	
3	29	1997	26.7	5.6	279	0	62.7	3	
3	30	1997	17.2	5	240	0	79.7	4	
3	31	1997	16.1	4.4	281	1.015	75.2	3	
4	1	1997	17.8	2.8	295	0	60.6	4	
4	2	1997	20.6	7.8	290	0	53.8	5	
4	3	1997	18.9	6.1	252	0	55.85	4	
4	4	1997	17.2	6.7	292	0	77.55	4	
4	5	1997	17.8	2.8	293	0	77.35	3	
4	6	1997	17.2	4.4	260	0	78.35	3	
4	7	1997	19.4	3.9	297	0	76.35	3	
4	8	1997	17.8	6.7	308	0	77.5	4	
4	9	1997	16.1	3.3	312	0	72.6	4	
4	10	1997	18.9	4.4	311	0	75.3	4	
4	11	1997	20	2.2	310	0	71.2	3	
4	12	1997	20	3.3	274	0	70.45	3	
4	13	1997	18.3	9.4	302	0	80.8	4	
4	14	1997	22.8	4.4	309	0	75.55	3	
4	15	1997	27.8	8.3	313	0	68.45	3	
4	16	1997	23.3	6.7	307	0	77.8	3	
4	17	1997	22.8	7.8	301	0	81.75	3	
4	18	1997	21.7	11.1	240	0	85.15	2	
4	19	1997	22.2	13.9	276	5.076	83	3	
4	20	1997	23.9	14.4	285	1.015	84.7	3	
4	21	1997	22.8	13.3	289	1.015	85.65	3	
4	22	1997	22.8	12.8	239	0	79.9	4	
4	23	1997	17.8	8.9	324	0	83.25	5	
4	24	1997	18.3	7.2	334	0	76.85	4	
4	25	1997	26.7	5.6	300	0	66.9	3	
4	26	1997	25	9.4	314	0	68.15	4	
4	27	1997	17.8	10	291	0	81.9	6	
4	28	1997	17.2	8.9	272	0	79.85	4	
4	29	1997	18.9	10	310	0	83.15	4	
4	30	1997	21.1	8.9	333	0	76.85	4	
5	1	1997	21.7	7.2	338	0	66.75	4	
5	2	1997	20.6	5	328	0	68.7	4	
5	3	1997	25	8.3	328	0	71.5	4	
5	4	1997	22.8	8.9	343	0	67.9	4	
5	5	1997	23.3	9.4	335	0	72.75	4	
5	6	1997	26.1	10.6	325	0	67.4	4	
5	7	1997	21.7	8.3	348	0	77.35	4	
5	8	1997	20	10	350	0	80.45	4	
5	9	1997	21.7	8.3	333	0	81.35	4	
5	10	1997	19.4	10.6	321	0	85.5	4	
5	11	1997	20	11.1	283	2.031	87.05	4	
5	12	1997	25.6	11.1	331	0	74.45	4	
5	13	1997	26.7	8.3	346	0	66.05	3	
5	14	1997	26.1	11.1	347	0	77.65	3	
5	15	1997	29.4	12.2	347	0	72.05	3	
5	16	1997	35	13.9	331	0	58.25	3	
5	17	1997	29.4	13.3	348	0	73.8	4	
5	18	1997	23.3	12.2	350	0	82.15	4	
5	19	1997	21.7	11.7	330	0	83.65	4	
5	20	1997	23.3	11.7	338	0	76.9	4	
5	21	1997	23.3	9.4	302	0	74.1	4	
5	22	1997	25	10.6	305	0	66.1	4	
5	23	1997	21.7	11.1	185	0	84.65	3	
5	24	1997	21.7	12.2	324	0	77.8	4	
5	25	1997	21.1	10	324	0	72.1	4	
5	26	1997	26.1	10.6	298	0	67.95	3	
5	27	1997	27.8	13.9	318	0	73.6	4	
5	28	1997	26.1	13.9	306	0	82.8	4	
5	29	1997	28.9	14.4	330	0	75.45	3	
5	30	1997	26.1	12.8	330	0	77.2	4	
5	31	1997	32.8	13.9	334	0	69.3	3	
6	1	1997	22.8	14.4	300	0	73.5	4	
6	2	1997	23.3	12.2	319	0	72.1	5	
6	3	1997	25.6	13.3	202	0	71.6	4	
6	4	1997	22.2	13.3	237	0	80.15	4	
6	5	1997	20	12.2	306	0	79.85	5	
6	6	1997	23.9	10.6	345	0	77	5	
6	7	1997	20	11.7	337	0	83.65	6	
6	8	1997	24.4	12.2	321	0	73.7	4	
6	9	1997	22.2	11.1	330	0	79.05	4	
6	10	1997	20	12.2	267	0	84.95	4	
6	11	1997	22.2	10.6	338	0	77.9	4	
6	12	1997	18.9	12.2	278	0	82.45	6	
6	13	1997	22.8	11.1	339	0	74.85	5	
6	14	1997	23.3	10.6	327	0	77.3	4	
6	15	1997	22.8	11.1	334	0	81.2	4	
6	16	1997	23.3	12.8	315	0	83.3	4	
6	17	1997	21.7	11.7	312	0	84.8	5	
6	18	1997	21.1	12.2	333	0	84	5	
6	19	1997	21.7	11.1	325	0	82.55	5	
6	20	1997	19.4	11.7	344	0	81.6	6	
6	21	1997	20	12.8	341	0	76.65	6	
6	22	1997	20	11.1	346	0	76.75	6	
6	23	1997	23.9	7.8	345	0	72.95	4	
6	24	1997	26.1	8.9	352	0	75.25	4	
6	25	1997	26.1	10	338	0	76.25	4	
6	26	1997	22.2	10.6	324	0	79.3	6	
6	27	1997	19.4	11.1	360	0	80.3	6	
6	28	1997	20	12.8	320	0	79.35	4	
6	29	1997	22.2	9.4	365	0	70.1	4	
6	30	1997	22.8	12.8	343	0	71.4	4	
7	1	1997	25.6	8.9	364	0	69.85	4	
7	2	1997	21.7	12.2	318	0	70.65	4	
7	3	1997	25	10	361	0	78.65	4	
7	4	1997	22.8	12.2	336	0	82.95	5	
7	5	1997	22.8	12.8	334	0	81.35	5	
7	6	1997	21.7	12.2	358	0	84.15	5	
7	7	1997	23.3	13.3	336	0	81.3	4	
7	8	1997	22.2	10	343	0	85.5	4	
7	9	1997	22.8	12.8	329	0	86.5	6	
7	10	1997	21.7	12.2	350	0	77.7	6	
7	11	1997	20	13.3	292	0	81.9	5	
7	12	1997	22.8	13.3	327	0	78.75	4	
7	13	1997	22.2	12.8	282	0	85.05	4	
7	14	1997	21.7	12.8	295	0	86.6	4	
7	15	1997	23.3	12.8	324	0	83.2	4	
7	16	1997	22.2	12.2	273	0	86.3	4	
7	17	1997	22.2	13.3	296	0	82.1	5	
7	18	1997	20.6	12.2	318	0	85.95	5	
7	19	1997	20.6	11.7	270	0	88.85	4	
7	20	1997	20.6	12.8	252	0	88.35	4	
7	21	1997	21.1	12.8	287	0	88.45	4	
7	22	1997	22.2	12.8	246	0	87.8	3	
7	23	1997	25.6	14.4	184	0	83.8	3	
7	24	1997	22.2	12.2	308	0	86.2	4	
7	25	1997	22.8	13.3	293	0	86.7	4	
7	26	1997	20.6	12.2	279	0	89.15	4	
7	27	1997	22.2	13.9	286	0	85.2	4	
7	28	1997	20	13.9	286	0	86.25	4	
7	29	1997	22.2	15	273	0	83.55	4	
7	30	1997	21.7	13.9	262	0	86	4	
7	31	1997	23.3	12.8	290	0	83.1	4	
8	1	1997	23.9	12.8	314	0	82.15	4	
8	2	1997	25	12.2	310	0	82.2	4	
8	3	1997	22.8	13.3	298	0	86.85	4	
8	4	1997	26.7	12.8	308	0	78.3	4	
8	5	1997	28.9	10.6	328	0	75.8	4	
8	6	1997	23.3	12.8	298	0	84.55	3	
8	7	1997	25	12.8	292	0	83.3	4	
8	8	1997	22.8	14.4	272	0	88.6	4	
8	9	1997	28.9	14.4	317	0	73.25	4	
8	10	1997	26.1	13.3	283	0	76.05	4	
8	11	1997	24.4	15	269	0	79.65	4	
8	12	1997	22.8	13.3	261	0	86.2	4	
8	13	1997	22.2	15	263	0	86.2	4	
8	14	1997	22.8	14.4	260	0	88.25	4	
8	15	1997	21.7	13.9	262	0	85.2	4	
8	16	1997	22.2	15	243	0	82.8	3	
8	17	1997	23.3	15.6	257	0	77.95	3	
8	18	1997	25	12.2	293	0	80.95	3	
8	19	1997	25	13.9	168	0	78.2	4	
8	20	1997	22.8	15.6	239	4.061	89.5	4	
8	21	1997	23.3	15	261	0	87	4	
8	22	1997	23.9	13.9	295	0	81.6	4	
8	23	1997	23.9	12.8	265	0	86.7	4	
8	24	1997	22.8	16.1	298	0	89.7	4	
8	25	1997	22.8	12.8	236	0	86.4	4	
8	26	1997	26.1	13.3	296	0	76.75	4	
8	27	1997	25	14.4	296	0	77.5	4	
8	28	1997	24.4	13.9	295	0	74.3	4	
8	29	1997	25	14.4	274	0	81.7	4	
8	30	1997	24.4	12.8	234	0	79.45	4	
8	31	1997	24.4	15	280	0	77.25	4	
9	1	1997	24.4	15.6	281	0	77.25	4	
9	2	1997	24.4	15	278	0	77.85	4	
9	3	1997	25	13.9	268	0	80.6	4	
9	4	1997	27.8	13.9	263	0	78.3	3	
9	5	1997	24.4	15	267	0	80.7	4	
9	6	1997	22.2	14.4	264	0	81.85	4	
9	7	1997	25.6	12.8	239	0	76.8	4	
9	8	1997	25.6	13.9	263	0	73.55	4	
9	9	1997	25.6	12.8	259	0	69.75	4	
9	10	1997	23.9	13.3	262	0	76.55	4	
9	11	1997	23.3	14.4	239	0	79.1	4	
9	12	1997	21.7	14.4	259	0.508	84.05	4	
9	13	1997	22.8	14.4	234	0	76.5	4	
9	14	1997	24.4	11.7	261	0	78.8	3	
9	15	1997	22.8	12.8	262	0	76.55	4	
9	16	1997	26.7	10.6	262	0	69	3	
9	17	1997	22.8	12.2	196	0	78.55	3	
9	18	1997	21.7	13.3	246	0	78.85	4	
9	19	1997	24.4	10.6	248	0	70.15	3	
9	20	1997	28.3	9.4	256	0	67.4	3	
9	21	1997	26.1	8.9	254	0	69.45	3	
9	22	1997	23.3	12.2	239	0	78.7	3	
9	23	1997	35	11.7	243	0	59.45	3	
9	24	1997	31.7	13.3	216	0	61.8	4	
9	25	1997	23.9	15	220	0	78.15	4	
9	26	1997	22.8	12.8	233	0	83.2	4	
9	27	1997	26.7	10	233	0	71	3	
9	28	1997	33.9	10.6	234	0	55.95	3	
9	29	1997	27.8	13.9	220	0	69.9	3	
9	30	1997	22.8	11.7	197	0	83.45	3	
10	1	1997	21.1	10	191	0	87.85	3	
10	2	1997	21.7	12.2	182	0	79.05	3	
10	3	1997	24.4	10	220	0	73.25	3	
10	4	1997	23.9	9.4	209	0	79.25	3	
10	5	1997	25.6	9.4	220	0	71.1	4	
10	6	1997	18.9	11.7	204	0	72.5	6	
10	7	1997	19.4	8.9	216	1.015	69.55	4	
10	8	1997	21.1	7.8	210	0	73.2	3	
10	9	1997	18.9	11.1	109	0	86.55	3	
10	10	1997	16.7	7.8	106	0	82.5	2	
10	11	1997	18.3	6.1	214	0	73.05	3	
10	12	1997	22.2	5	212	0	65.55	2	
10	13	1997	27.2	6.1	212	0	53.55	3	
10	14	1997	32.8	9.4	212	0	54.95	3	
10	15	1997	32.8	11.7	211	0	46.3	4	
10	16	1997	33.3	9.4	211	0	57.85	4	
10	17	1997	26.1	7.2	201	0	68.15	3	
10	18	1997	21.1	9.4	187	0	81.65	3	
10	19	1997	17.2	11.7	147	0	81.95	3	
10	20	1997	19.4	8.9	183	0	76.55	3	
10	21	1997	20.6	11.1	152	0	79.6	3	
10	22	1997	18.3	10.6	129	0	86.7	3	
10	23	1997	18.3	11.7	122	0	84.15	3	
10	24	1997	20	6.7	151	0	68	2	
10	25	1997	22.8	5	187	0	56.45	3	
10	26	1997	25.6	5.6	189	0	50.65	3	
10	27	1997	21.1	5	166	0	67	3	
10	28	1997	24.4	4.4	169	0	61.1	3	
10	29	1997	23.3	3.9	171	0	69.95	3	
10	30	1997	23.3	7.8	171	0	82.35	3	
10	31	1997	23.9	10.6	170	0	84.7	2	
11	1	1997	30	9.4	175	0	68	2	
11	2	1997	32.8	10	179	0	56.35	3	
11	3	1997	28.3	13.9	116	0	59.75	3	
11	4	1997	28.9	13.9	154	0	68.4	3	
11	5	1997	24.4	9.4	162	0	70.35	3	
11	6	1997	20	8.9	124	0	87.3	3	
11	7	1997	18.9	7.2	170	0	80.1	3	
11	8	1997	18.9	3.9	155	0	75.35	2	
11	9	1997	20	6.7	117	0	75.25	3	
11	10	1997	17.8	12.2	99	13.95	89.05	3	
11	11	1997	15.6	8.9	91	5.076	88.5	2	
11	12	1997	17.8	6.7	76	0	82	2	
11	13	1997	17.8	8.9	71	3.046	85.9	3	
11	14	1997	17.8	7.8	82	5.076	83.1	2	
11	15	1997	15	8.3	35	19.03	93.05	3	
11	16	1997	17.2	7.8	86	1.015	91.45	2	
11	17	1997	17.8	7.8	114	0	86.3	2	
11	18	1997	14.4	8.3	44	0	87.8	3	
11	19	1997	17.8	10	77	1.015	85.65	3	
11	20	1997	17.8	6.1	135	0	79.5	2	
11	21	1997	15.6	5	76	0	82.7	1	
11	22	1997	21.7	9.4	111	0	73.95	3	
11	23	1997	22.2	11.1	115	1.015	84	2	
11	24	1997	20	11.1	131	0	83	2	
11	25	1997	20.6	10.6	120	5.076	80	5	
11	26	1997	13.9	8.9	43	39.84	96.25	3	
11	27	1997	17.2	8.9	122	1.015	89.05	2	
11	28	1997	17.2	6.1	128	0	86.8	2	
11	29	1997	15.6	7.2	74	0	93.85	3	
11	30	1997	13.3	7.8	55	9.899	96.7	2	
12	1	1997	17.2	5	124	1.015	78.4	2	
12	2	1997	17.8	6.1	123	0	87.85	2	
12	3	1997	15.6	7.8	78	1.015	92.8	4	
12	4	1997	16.7	10	34	1.015	84.1	4	
12	5	1997	15.6	11.7	67	38.07	94.2	5	
12	6	1997	15.6	9.4	53	3.046	95.15	3	
12	7	1997	14.4	8.3	50	13.95	93.15	3	
12	8	1997	12.8	4.4	71	10.91	91.6	2	
12	9	1997	13.9	1.7	134	0	82.8	2	
12	10	1997	15	1.1	134	0	72.7	2	
12	11	1997	15.6	3.3	132	0	81.4	3	
12	12	1997	14.4	3.9	104	0	78.4	4	
12	13	1997	14.4	3.3	72	0	74.5	3	
12	14	1997	15	6.1	60	10.91	89	2	
12	15	1997	15	2.8	123	0	78.9	2	
12	16	1997	16.1	4.4	40	0	78.1	1	
12	17	1997	16.7	5.6	101	0	79.9	2	
12	18	1997	15	4.4	82	0	74.3	2	
12	19	1997	16.1	1.7	117	0	58.2	2	
12	20	1997	14.4	1.7	83	0	79.45	2	
12	21	1997	12.2	2.2	107	0	64.15	2	
12	22	1997	13.3	1.1	120	0	54	2	
12	23	1997	14.4	-1.1	121	0	57.4	2	
12	24	1997	15	0.6	120	0	58	3	
12	25	1997	16.7	-1.7	122	0	54.2	2	
12	26	1997	15.6	-0.6	121	0	56.1	2	
12	27	1997	15	-1.7	121	0	64.05	2	
12	28	1997	17.8	-0.6	117	0	61.65	2	
12	29	1997	18.3	5	89	0	58.25	4	
12	30	1997	21.1	6.1	104	0	63.6	3	
12	31	1997	21.7	7.8	130	0	67.45	3	
1	1	1998	15.6	6.7	88	0	86.35	3	
1	2	1998	17.2	5.6	67	4.061	75.9	3	
1	3	1998	16.1	6.7	83	0	81.1	2	
1	4	1998	12.8	3.9	79	24.87	81.05	2	
1	5	1998	13.3	1.1	129	0	69.75	2	
1	6	1998	12.2	2.2	85	0	86.55	3	
1	7	1998	15.6	7.2	84	0	90.4	2	
1	8	1998	15	8.3	57	0	93.35	2	
1	9	1998	15.6	10	24	13.95	95.5	2	
1	10	1998	14.4	8.3	41	4.061	100	2	
1	11	1998	15.6	10.6	68	8.122	80.55	1	
1	12	1998	15	8.3	31	17	90.7	1	
1	13	1998	15.6	5	92	0	71.65	2	
1	14	1998	12.2	8.9	30	4.061	86.4	0	
1	15	1998	16.1	10	16	27.91	97.55	2	
1	16	1998	17.8	12.2	69	1.015	73.35	2	
1	17	1998	21.1	11.1	120	0	51.2	2	
1	18	1998	18.9	9.4	81	10.91	58.3	4	
1	19	1998	12.2	6.1	64	9.899	81.7	2	
1	20	1998	13.3	5	70	0	81.05	2	
1	21	1998	15.6	2.8	126	0	75.75	1	
1	22	1998	16.7	4.4	139	0	67.1	2	
1	23	1998	14.4	5.6	88	0	81.5	3	
1	24	1998	17.2	7.2	120	0	85.7	2	
1	25	1998	17.8	6.1	119	0	80.7	3	
1	26	1998	17.2	7.8	82	0	85.45	3	
1	27	1998	19.4	9.4	128	0	84.25	2	
1	28	1998	18.3	9.4	70	1.015	85.05	4	
1	29	1998	16.1	7.2	98	22.08	85.75	3	
1	30	1998	16.7	4.4	97	0	80.15	4	
1	31	1998	15.6	9.4	77	2.031	89.9	2	
2	1	1998	13.9	9.4	32	14.97	90.6	2	
2	2	1998	16.1	11.1	27	23.09	90.8	2	
2	3	1998	13.9	7.8	41	11.92	91.95	1	
2	4	1998	14.4	7.8	108	45.93	86.8	1	
2	5	1998	14.4	9.4	48	2.031	82.9	3	
2	6	1998	14.4	8.3	37	18.02	78.15	1	
2	7	1998	15	8.3	31	14.97	89.3	1	
2	8	1998	11.7	6.7	37	13.95	96.85	0	
2	9	1998	14.4	4.4	170	11.92	79.3	2	
2	10	1998	11.7	5	46	7.107	87.4	3	
2	11	1998	16.1	5	155	6.091	81.3	2	
2	12	1998	12.8	8.3	34	4.061	90.5	1	
2	13	1998	18.3	8.3	157	3.046	81.25	1	
2	14	1998	16.7	7.8	108	1.015	84.95	3	
2	15	1998	13.9	6.7	170	0	84.7	2	
2	16	1998	11.7	3.9	53	1.015	90.7	3	
2	17	1998	14.4	6.1	143	0	85.9	2	
2	18	1998	16.1	4.4	159	0	78.5	2	
2	19	1998	13.3	6.1	30	1.015	91.2	1	
2	20	1998	13.3	3.9	166	0	81.55	2	
2	21	1998	12.2	7.2	33	0	92.85	1	
2	22	1998	15	7.2	140	0	79.7	2	
2	23	1998	14.4	6.7	76	0	79.4	1	
2	24	1998	14.4	4.4	175	1.015	83.95	3	
2	25	1998	14.4	6.1	120	0	82.75	2	
2	26	1998	15	6.7	203	0	80.35	1	
2	27	1998	16.7	10	159	0	87.05	2	
2	28	1998	16.7	7.8	183	0	82.1	2	
3	1	1998	16.7	7.2	153	0	84.1	2	
3	2	1998	17.2	8.9	207	0	82.55	2	
3	3	1998	15	5	186	0	77.3	2	
3	4	1998	15.6	2.8	191	0	68.45	3	
3	5	1998	10.6	3.9	51	8.122	88.5	2	
3	6	1998	13.9	3.3	209	0	75.85	2	
3	7	1998	14.4	1.1	96	1.015	74.85	2	
3	8	1998	18.3	7.8	208	0	78.55	2	
3	9	1998	21.7	4.4	219	0	68.15	2	
3	10	1998	22.8	6.1	224	0	69.2	3	
3	11	1998	23.9	5.6	218	0	62.95	2	
3	12	1998	16.7	8.9	83	0	86	2	
3	13	1998	16.1	8.3	164	8.122	85.85	2	
3	14	1998	17.8	6.1	216	0	87.8	3	
3	15	1998	18.9	10.6	179	0	86.55	2	
3	16	1998	17.2	9.4	145	4.061	93.2	2	
3	17	1998	16.1	7.2	114	0	88.65	2	
3	18	1998	21.1	7.2	215	0	85.25	3	
3	19	1998	16.1	11.7	100	0	91.15	1	
3	20	1998	15.6	11.7	56	0	90.4	1	
3	21	1998	20	11.1	177	0	81.15	2	
3	22	1998	20.6	9.4	188	0	82.3	2	
3	23	1998	17.8	6.7	211	0	74.95	3	
3	24	1998	19.4	12.8	139	19.03	88.2	2	
3	25	1998	18.3	10	234	12.94	84.6	3	
3	26	1998	15	10	147	0	83.65	2	
3	27	1998	15.6	6.7	151	15.99	85.75	2	
3	28	1998	12.2	4.4	193	6.091	81.7	2	
3	29	1998	15	2.2	247	0	74.9	2	
3	30	1998	16.7	3.3	270	0	78.4	3	
3	31	1998	11.7	6.1	89	13.95	89.8	2	
4	1	1998	15	5.6	179	3.046	84.8	3	
4	2	1998	15	9.4	88	1.015	81.45	1	
4	3	1998	13.3	7.2	106	10.91	89.1	2	
4	4	1998	15.6	6.7	151	1.015	86.75	2	
4	5	1998	16.1	6.7	234	0	79.3	2	
4	6	1998	15	7.8	175	6.091	82.9	2	
4	7	1998	15	6.7	225	2.031	82.7	3	
4	8	1998	16.1	4.4	281	0	72.45	3	
4	9	1998	19.4	6.1	276	0	73.45	3	
4	10	1998	17.2	6.7	216	0	77.35	3	
4	11	1998	13.3	7.2	103	14.97	87.3	3	
4	12	1998	15	5.6	273	0	69.15	3	
4	13	1998	13.3	6.7	188	14.97	82.75	3	
4	14	1998	14.4	5.6	43	1.015	75.75	3	
4	15	1998	15.6	3.9	285	0	75.65	3	
4	16	1998	17.2	4.4	301	0	79.25	3	
4	17	1998	17.8	4.4	308	0	79.9	4	
4	18	1998	20.6	6.7	290	0	77	4	
4	19	1998	18.3	6.7	75	0	83.9	4	
4	20	1998	21.7	10	87	0	84.75	3	
4	21	1998	30.6	8.9	232	0	67.95	3	
4	22	1998	20.6	10.6	212	0	86.9	3	
4	23	1998	17.8	10	137	2.031	79.95	3	
4	24	1998	16.7	9.4	190	0	83	4	
4	25	1998	18.9	8.3	256	0	73.9	4	
4	26	1998	22.8	6.7	256	0	73.8	3	
4	27	1998	25.6	9.4	264	0	74.6	4	
4	28	1998	27.2	10	260	0	75.2	3	
4	29	1998	27.8	11.1	275	0	79.05	3	
4	30	1998	24.4	11.7	286	0	65.2	3	
5	1	1998	21.1	12.8	144	0	73.95	4	
5	2	1998	21.1	10.6	172	0	78.75	3	
5	3	1998	22.2	10	182	7.107	73.9	3	
5	4	1998	20.6	13.3	192	11.92	84.2	3	
5	5	1998	20	12.2	143	23.85	86.1	3	
5	6	1998	18.9	11.7	234	0	86.35	3	
5	7	1998	16.1	11.1	88	0	91.3	3	
5	8	1998	15.6	11.1	81	1.015	93	3	
5	9	1998	16.7	8.3	306	0	78.75	4	
5	10	1998	17.8	8.3	327	0	77.5	3	
5	11	1998	14.4	8.3	122	0	77.85	2	
5	12	1998	15.6	8.9	166	21.06	81.7	3	
5	13	1998	17.8	8.3	245	0	83.05	3	
5	14	1998	17.8	8.3	275	0	77.55	3	
5	15	1998	20	5.6	330	0	75.75	3	
5	16	1998	17.2	7.2	286	0	73.65	3	
5	17	1998	18.9	5.6	339	0	73	3	
5	18	1998	21.1	6.1	339	0	69.3	4	
5	19	1998	17.8	9.4	328	0	75.95	4	
5	20	1998	17.8	8.3	308	0	75.55	4	
5	21	1998	17.8	7.8	308	0	77.15	3	
5	22	1998	19.4	8.9	320	0	78.4	4	
5	23	1998	19.4	12.8	255	0	80.7	4	
5	24	1998	21.7	12.8	306	0	75.35	3	
5	25	1998	18.3	10	304	1.015	73.6	4	
5	26	1998	18.3	7.2	307	2.031	74.85	3	
5	27	1998	22.8	7.2	190	0	71	4	
5	28	1998	15.6	10	63	11.92	85	4	
5	29	1998	18.3	8.3	298	0	80.25	3	
5	30	1998	22.2	7.2	345	0	76.1	3	
5	31	1998	21.1	8.9	275	0	79.5	3	
6	1	1998	19.4	12.2	216	0	82.65	3	
6	2	1998	20.6	11.1	272	0	76.05	3	
6	3	1998	19.4	13.3	112	0	79.65	2	
6	4	1998	18.9	12.2	230	0	80.6	3	
6	5	1998	21.1	9.4	289	0	80.9	3	
6	6	1998	16.7	11.7	101	0	85.55	3	
6	7	1998	17.8	12.8	114	1.015	90.15	3	
6	8	1998	20.6	12.8	190	1.015	85.75	3	
6	9	1998	18.9	13.3	210	0	86.1	3	
6	10	1998	20	13.3	138	0	87.7	4	
6	11	1998	18.9	8.9	213	0	80.5	3	
6	12	1998	20.6	8.3	291	0	81.85	3	
6	13	1998	21.1	12.2	271	0	83.55	3	
6	14	1998	27.2	10	341	0	78.75	3	
6	15	1998	27.8	12.2	343	0	77.65	4	
6	16	1998	21.7	12.2	322	0	77.1	4	
6	17	1998	22.2	11.1	340	0	81.05	3	
6	18	1998	22.8	12.2	332	0	82.35	4	
6	19	1998	20	11.7	285	0	80.25	4	
6	20	1998	20.6	12.2	271	0	73.2	4	
6	21	1998	21.7	13.3	300	0	76.8	4	
6	22	1998	19.4	13.3	205	0	80.8	4	
6	23	1998	18.3	12.2	172	0	84.85	4	
6	24	1998	18.9	12.8	227	0	87.65	4	
6	25	1998	20	12.2	277	0	84.75	5	
6	26	1998	22.2	11.7	347	0	73.05	5	
6	27	1998	25	9.4	348	0	75.25	4	
6	28	1998	19.4	11.7	279	0	84.3	4	
6	29	1998	20	12.2	296	0	81.95	5	
6	30	1998	19.4	12.2	323	0	79.6	6	
7	1	1998	17.8	12.2	235	0	86.5	6	
7	2	1998	17.8	12.2	129	0	88.55	4	
7	3	1998	17.8	12.2	200	0	89.15	5	
7	4	1998	20	11.7	275	0	86.2	4	
7	5	1998	19.4	11.1	269	0	86.05	4	
7	6	1998	24.4	12.2	315	0	80.75	4	
7	7	1998	21.7	11.7	337	0	77.85	5	
7	8	1998	21.1	11.1	269	0	85.1	4	
7	9	1998	18.3	11.7	288	0	88.15	4	
7	10	1998	20	12.8	302	0	82.85	5	
7	11	1998	22.2	12.2	313	0	82.1	4	
7	12	1998	25	9.4	364	0	79	4	
7	13	1998	22.2	10.6	339	0	84.85	4	
7	14	1998	23.9	11.7	349	0	81.4	4	
7	15	1998	31.7	10.6	363	0	71.15	3	
7	16	1998	29.4	11.7	357	0	74.8	4	
7	17	1998	22.8	12.2	329	0	82	4	
7	18	1998	30	12.2	340	0	74.15	3	
7	19	1998	22.2	12.8	341	0	84.55	4	
7	20	1998	20	11.1	305	0	88.05	4	
7	21	1998	20	12.8	276	0	86.6	4	
7	22	1998	20	13.3	274	0	86	4	
7	23	1998	20.6	13.9	276	0	84.55	4	
7	24	1998	19.4	14.4	247	0	87.5	4	
7	25	1998	22.8	13.9	306	0	83.8	4	
7	26	1998	22.8	13.9	286	0	84.85	3	
7	27	1998	23.3	11.1	301	0	84.45	4	
7	28	1998	22.8	11.7	316	0	82.9	5	
7	29	1998	21.1	13.9	275	0	84.8	5	
7	30	1998	23.3	15	285	0	79.2	4	
7	31	1998	22.8	11.7	340	0	81.95	4	
8	1	1998	26.7	12.2	321	0	80.4	3	
8	2	1998	31.1	13.3	337	0	72.95	4	
8	3	1998	32.8	12.2	337	0	72.65	3	
8	4	1998	31.1	13.9	324	0	73.95	4	
8	5	1998	25.6	14.4	303	0	84.6	4	
8	6	1998	21.7	13.3	281	0	86.75	4	
8	7	1998	21.1	12.8	303	0	84.3	5	
8	8	1998	21.7	12.2	301	0	83.9	4	
8	9	1998	22.8	11.7	278	0	83.65	4	
8	10	1998	28.3	10.6	321	0	73.65	3	
8	11	1998	28.9	12.2	317	0	74.7	3	
8	12	1998	27.8	13.3	311	0	79.1	3	
8	13	1998	26.1	13.9	303	0	81.55	4	
8	14	1998	29.4	13.9	262	0	78.75	4	
8	15	1998	20.6	13.3	250	0	90.3	4	
8	16	1998	21.1	12.8	309	0	84.1	4	
8	17	1998	19.4	13.3	288	0	85.05	5	
8	18	1998	19.4	13.9	292	0	80.2	5	
8	19	1998	20	13.9	277	0	82.85	4	
8	20	1998	21.1	13.3	299	0	82.05	4	
8	21	1998	21.7	11.7	287	0	84.3	4	
8	22	1998	23.9	11.1	312	0	82	4	
8	23	1998	23.3	11.7	297	0	80.7	4	
8	24	1998	22.8	11.1	287	0	83.25	4	
8	25	1998	19.4	12.8	236	0	87.15	4	
8	26	1998	22.2	12.2	271	0	83.6	3	
8	27	1998	26.7	11.7	288	0	79.4	3	
8	28	1998	25	12.8	272	0	82.35	3	
8	29	1998	23.9	12.8	271	0	83.55	3	
8	30	1998	25	12.2	281	0	83.3	3	
8	31	1998	23.9	12.2	269	0	83.1	3	
9	1	1998	25.6	12.2	276	0	83	3	
9	2	1998	28.9	13.3	268	0	77.95	3	
9	3	1998	25	13.9	259	0	80.75	3	
9	4	1998	22.2	13.9	224	0	88.6	3	
9	5	1998	28.3	16.7	252	0	83.2	3	
9	6	1998	30	17.2	247	0	78.6	2	
9	7	1998	28.9	15	254	0	78.8	3	
9	8	1998	20.6	14.4	220	0	91.3	5	
9	9	1998	17.2	13.3	85	0	84.7	4	
9	10	1998	25.6	9.4	276	0	75.35	3	
9	11	1998	28.3	10.6	267	0	69.85	3	
9	12	1998	26.1	12.2	265	0	77.35	3	
9	13	1998	27.2	12.2	262	0	78.85	3	
9	14	1998	21.1	14.4	183	0	89.8	4	
9	15	1998	20	13.9	170	0	90.35	3	
9	16	1998	21.7	13.3	210	0	87.95	4	
9	17	1998	21.1	13.3	230	0	85.45	4	
9	18	1998	23.3	10.6	258	0	78.85	4	
9	19	1998	25	8.9	261	0	77	3	
9	20	1998	20.6	12.8	225	0	88.1	4	
9	21	1998	19.4	12.8	172	0	78.55	3	
9	22	1998	22.2	10	203	0	74.6	3	
9	23	1998	21.7	9.4	190	0	76.4	2	
9	24	1998	17.8	10	175	0.254	91.6	3	
9	25	1998	18.3	13.3	105	0	88.5	2	
9	26	1998	17.8	10.6	137	0.508	90.15	3	
9	27	1998	19.4	8.9	213	0	82.35	3	
9	28	1998	20	12.2	207	0	85.75	2	
9	29	1998	16.1	11.7	61	0	96.1	2	
9	30	1998	17.8	13.3	90	0	93.4	2	
10	1	1998	16.1	13.9	56	0	94.65	2	
10	2	1998	18.9	10.6	201	0	88.5	3	
10	3	1998	18.3	6.7	231	0	85.1	3	
10	4	1998	21.1	7.2	230	0	78.1	2	
10	5	1998	28.9	8.3	228	0	61.75	2	
10	6	1998	27.2	8.9	207	0	55.5	3	
10	7	1998	21.1	6.7	219	6.853	76.65	2	
10	8	1998	18.3	10	171	0	93.45	2	
10	9	1998	18.3	7.8	221	0	87.4	3	
10	10	1998	18.3	6.1	223	0	85.85	2	
10	11	1998	19.4	5	219	0	80.85	2	
10	12	1998	18.9	7.2	140	0	83.9	2	
10	13	1998	20	6.7	207	0	89.5	2	
10	14	1998	16.7	9.4	158	0	92.2	2	
10	15	1998	20	6.7	206	0	77.85	3	
10	16	1998	21.7	5	205	0	65.5	2	
10	17	1998	25	3.9	205	0	53.65	3	
10	18	1998	22.2	4.4	198	0	67.65	3	
10	19	1998	28.9	5.6	196	0	60.45	2	
10	20	1998	28.9	7.2	195	0	54.9	3	
10	21	1998	26.7	10	185	0	61.75	4	
10	22	1998	17.8	10.6	176	0	83.6	3	
10	23	1998	18.3	7.8	163	0	84.9	3	
10	24	1998	14.4	7.8	27	9.899	95.65	2	
10	25	1998	17.8	5.6	184	0	86.25	2	
10	26	1998	22.2	6.7	184	0	76	3	
10	27	1998	17.8	10	128	0	87.55	2	
10	28	1998	17.2	10.6	94	0	87.85	2	
10	29	1998	15.6	6.1	165	0	86.4	3	
10	30	1998	18.3	3.9	178	0	77.05	3	
10	31	1998	22.2	2.2	175	0	68.2	2	
11	1	1998	17.2	6.1	124	0	86.1	2	
11	2	1998	18.3	5	165	0	78.65	3	
11	3	1998	20.6	3.9	158	0	73.7	2	
11	4	1998	17.2	11.7	72	0	90.35	3	
11	5	1998	17.2	8.3	146	0	79.85	3	
11	6	1998	16.1	6.7	108	0	84.15	3	
11	7	1998	15	9.4	30	5.076	97.05	3	
11	8	1998	15.6	6.1	102	1.015	84.95	2	
11	9	1998	16.7	3.9	163	1.015	79.55	2	
11	10	1998	11.7	6.7	38	10.91	89.25	4	
11	11	1998	15.6	5.6	113	1.015	86.75	2	
11	12	1998	18.9	4.4	155	0	78.55	2	
11	13	1998	20.6	6.1	147	0	75.55	3	
11	14	1998	17.8	4.4	154	0	81.5	2	
11	15	1998	20	3.9	146	0	81.95	2	
11	16	1998	20	8.9	108	0	81.2	3	
11	17	1998	16.7	8.3	122	2.031	82.55	2	
11	18	1998	16.1	3.9	145	0	83.45	2	
11	19	1998	18.3	2.8	146	0	74.4	2	
11	20	1998	17.8	1.7	146	0	77.15	2	
11	21	1998	18.9	2.8	137	0	74.2	2	
11	22	1998	20	9.4	128	1.015	82.7	2	
11	23	1998	21.1	8.3	68	0	76.85	2	
11	24	1998	16.7	6.1	130	1.015	77.6	2	
11	25	1998	19.4	3.3	131	0	75.15	3	
11	26	1998	20.6	1.7	130	0	78.3	2	
11	27	1998	13.3	9.4	21	18.02	94.75	3	
11	28	1998	13.3	7.8	91	7.107	87.9	3	
11	29	1998	14.4	7.8	49	0	90.25	4	
11	30	1998	17.2	10.6	49	14.97	88.1	4	
12	1	1998	14.4	6.7	123	2.031	87.65	2	
12	2	1998	16.7	6.1	94	0	89.75	2	
12	3	1998	12.2	3.9	42	6.091	88.9	3	
12	4	1998	10.6	2.2	71	0	86.4	2	
12	5	1998	12.2	0.6	106	4.061	77.85	2	
12	6	1998	12.2	1.7	126	0	78.1	3	
12	7	1998	13.3	0	106	0	74.45	2	
12	8	1998	12.8	3.3	64	0	93.65	2	
12	9	1998	16.1	0.6	127	0	68.05	2	
12	10	1998	16.1	3.3	112	0	69.75	3	
12	11	1998	16.1	2.2	102	0	72.9	2	
12	12	1998	20.6	2.8	113	0	68.55	2	
12	13	1998	17.8	5	99	4.061	82.2	3	
12	14	1998	13.9	3.9	99	0	84.3	2	
12	15	1998	18.3	1.7	119	0	73.6	2	
12	16	1998	22.2	5	116	0	68.7	3	
12	17	1998	25	6.1	122	1.015	65.05	3	
12	18	1998	13.3	3.9	100	0	92.7	3	
12	19	1998	10.6	0.6	102	0	75.55	3	
12	20	1998	6.1	-0.6	50	4.061	89.3	3	
12	21	1998	8.3	-3.3	129	0	69	2	
12	22	1998	8.3	-4.4	127	0	67.65	2	
12	23	1998	11.7	-5	127	0	63.2	2	
12	24	1998	13.3	-2.2	123	0	65.1	2	
12	25	1998	14.4	-1.7	124	0	62.05	2	
12	26	1998	14.4	-2.2	99	0	73.75	2	
12	27	1998	17.8	-1.1	118	0	72.95	2	
12	28	1998	14.4	1.1	115	0	78.5	2	
12	29	1998	17.2	1.1	118	0	79.05	2	
12	30	1998	18.9	1.1	76	0	74.55	3	
12	31	1998	13.9	2.8	46	0	89.1	3	
1	1	1999	18.9	0	125	0	68.25	1	
1	2	1999	21.7	1.7	126	0	60.95	2	
1	3	1999	22.8	2.2	128	0	53.1	3	
1	4	1999	25.6	3.3	110	0	48.55	3	
1	5	1999	22.2	1.1	127	0	47.5	2	
1	6	1999	17.2	0	118	0	66.55	2	
1	7	1999	12.8	0	93	0	87.5	2	
1	8	1999	17.8	-1.7	121	0	67.45	1	
1	9	1999	21.1	-0.6	131	0	54.25	3	
1	10	1999	23.9	2.2	112	0	49.6	3	
1	11	1999	18.9	2.2	91	0	68.65	3	
1	12	1999	15.6	1.7	88	0	81.55	2	
1	13	1999	13.9	3.9	76	0	85.6	1	
1	14	1999	17.8	4.4	88	0	73.05	2	
1	15	1999	20.6	7.2	98	4.061	81	1	
1	16	1999	16.1	10	56	4.061	95.05	1	
1	17	1999	18.9	9.4	97	0	86.2	3	
1	18	1999	16.7	10	47	1.015	91.6	3	
1	19	1999	18.9	12.2	62	3.046	88.6	2	
1	20	1999	15	11.1	23	6.091	95.8	1	
1	21	1999	15	7.2	96	1.015	85.4	1	
1	22	1999	18.3	5.6	96	0	77.8	2	
1	23	1999	11.1	6.1	30	8.122	95.9	2	
1	24	1999	11.7	1.1	97	0	80.85	0	
1	25	1999	9.4	5.6	28	0	87.5	0	
1	26	1999	9.4	5	33	17	95.35	1	
1	27	1999	13.3	1.1	131	0	80.15	0	
1	28	1999	15	-0.6	139	0	79.6	0	
1	29	1999	17.8	-0.6	139	0	67.15	1	
1	30	1999	16.1	3.9	74	0	70.1	3	
1	31	1999	12.2	4.4	103	21.06	89.05	4	
2	1	1999	15	2.2	144	0	80.1	2	
2	2	1999	16.7	0.6	150	0	78.8	2	
2	3	1999	16.7	2.2	146	0	77.8	3	
2	4	1999	12.8	4.4	68	0	85.1	2	
2	5	1999	12.8	2.8	136	0	84.6	2	
2	6	1999	12.2	5	34	11.92	86.25	3	
2	7	1999	15	10	27	7.107	98.65	3	
2	8	1999	17.2	10.6	61	1.015	92.6	1	
2	9	1999	14.4	2.8	69	21.06	85.9	4	
2	10	1999	11.7	1.7	154	0	81.1	2	
2	11	1999	15.6	0	154	0	64.05	3	
2	12	1999	15.6	2.8	118	0	64.1	3	
2	13	1999	17.2	2.8	122	0	69.25	3	
2	14	1999	11.7	6.1	71	0	80.15	2	
2	15	1999	13.9	2.8	138	0	80.7	2	
2	16	1999	13.3	5.6	40	4.061	86.95	2	
2	17	1999	20	9.4	144	6.091	86.7	1	
2	18	1999	17.2	6.7	63	1.015	86.8	2	
2	19	1999	17.2	5	162	0	75.1	1	
2	20	1999	14.4	5.6	33	12.94	86	4	
2	21	1999	13.3	6.1	157	3.046	81.25	2	
2	22	1999	16.1	6.1	179	0	83.65	2	
2	23	1999	20.6	3.9	183	0	75.8	2	
2	24	1999	16.7	3.9	160	0	83.85	3	
2	25	1999	14.4	6.1	158	5.076	80.55	3	
2	26	1999	15	3.3	189	0	77.25	2	
2	27	1999	21.7	4.4	194	0	69.15	2	
2	28	1999	20.6	5.6	178	0	76.4	3	
3	1	1999	20	7.2	166	0	83.05	1	
3	2	1999	21.7	6.7	202	3.046	71.55	3	
3	3	1999	13.3	5	101	3.046	86.7	3	
3	4	1999	13.3	2.2	213	0	77.25	3	
3	5	1999	15	1.1	170	0	75.6	2	
3	6	1999	11.7	3.3	98	0	83.9	2	
3	7	1999	13.3	0.6	216	0	79.95	3	
3	8	1999	11.1	3.9	62	3.046	87.65	3	
3	9	1999	12.2	3.9	188	9.899	75.9	3	
3	10	1999	12.2	1.1	161	0	77.7	2	
3	11	1999	15.6	4.4	204	0	78.65	3	
3	12	1999	17.8	2.2	211	0	77.45	3	
3	13	1999	15.6	3.9	175	0	86.15	3	
3	14	1999	16.7	4.4	90	13.95	76.25	3	
3	15	1999	11.1	5.6	88	6.091	90.25	2	
3	16	1999	15.6	8.3	166	1.015	87.4	3	
3	17	1999	16.7	8.9	159	0	83.25	2	
3	18	1999	16.7	7.8	164	0	79.2	4	
3	19	1999	12.2	7.8	39	3.046	89.65	4	
3	20	1999	13.9	5.6	128	0	88.95	4	
3	21	1999	16.7	6.7	216	0	78.55	2	
3	22	1999	16.1	5.6	173	1.015	76.9	3	
3	23	1999	15	5.6	200	5.076	85.35	3	
3	24	1999	17.8	5	117	0	78.75	5	
3	25	1999	17.8	10.6	160	1.015	85.6	4	
3	26	1999	16.1	7.8	230	0	84.15	4	
3	27	1999	15.6	5.6	248	0	76.75	4	
3	28	1999	17.8	2.2	250	0	71.85	3	
3	29	1999	18.3	1.7	236	0	73.85	3	
3	30	1999	13.9	3.3	251	0	72.15	3	
3	31	1999	12.2	5	206	27.91	80	4	
4	1	1999	14.4	1.1	264	0	77.05	3	
4	2	1999	17.2	2.8	267	0	65.8	3	
4	3	1999	12.2	4.4	219	1.015	74.65	6	
4	4	1999	14.4	2.2	277	0	65.8	4	
4	5	1999	12.8	5.6	61	7.107	81.15	3	
4	6	1999	12.8	4.4	214	0	87.3	3	
4	7	1999	11.1	2.8	55	1.015	92.85	2	
4	8	1999	11.1	2.8	117	8.883	86.55	4	
4	9	1999	12.8	1.1	283	0	78.5	3	
4	10	1999	15	0.6	176	0	69.2	2	
4	11	1999	12.2	6.1	124	3.046	86.95	4	
4	12	1999	16.7	3.3	284	0	86.9	3	
4	13	1999	16.7	8.9	211	0	87.6	3	
4	14	1999	27.2	7.8	283	0	71.95	3	
4	15	1999	30	10	285	2.031	64.5	3	
4	16	1999	32.2	11.1	276	0	54.4	4	
4	17	1999	27.2	8.9	278	0	65.05	3	
4	18	1999	22.2	6.7	293	0	79.65	3	
4	19	1999	21.7	8.3	269	0	76.2	4	
4	20	1999	16.1	8.9	292	0	85.35	6	
4	21	1999	16.1	8.3	298	0	76.6	5	
4	22	1999	18.3	9.4	255	0	74.45	5	
4	23	1999	24.4	7.8	305	0	60.15	3	
4	24	1999	19.4	6.1	294	0	81.6	4	
4	25	1999	17.2	7.2	239	0	84.6	3	
4	26	1999	18.3	7.8	242	0	79.05	4	
4	27	1999	15	6.7	308	0	71.7	4	
4	28	1999	14.4	5	306	0	73.3	5	
4	29	1999	18.9	7.2	315	0	69.7	4	
4	30	1999	18.9	7.8	295	0	79.75	4	
5	1	1999	16.1	7.2	155	0	87.4	4	
5	2	1999	13.9	8.9	107	0	88.65	4	
5	3	1999	15	7.8	149	0	87.8	4	
5	4	1999	16.1	6.1	289	0	80.25	3	
5	5	1999	24.4	4.4	307	0	68.8	3	
5	6	1999	18.9	6.7	318	0	83.5	4	
5	7	1999	17.8	8.3	326	0	79.25	5	
5	8	1999	17.8	7.2	325	0	72.15	5	
5	9	1999	16.7	6.1	324	0	75.75	5	
5	10	1999	19.4	6.7	320	0	73.8	5	
5	11	1999	20.6	9.4	315	0	82.9	5	
5	12	1999	15.6	8.3	294	0	84.8	5	
5	13	1999	16.1	7.2	336	0	75.95	5	
5	14	1999	16.1	7.8	301	0	73.55	6	
5	15	1999	16.1	7.2	332	0	78.6	4	
5	16	1999	17.8	6.7	336	0	79	4	
5	17	1999	22.2	5	336	0	75.85	4	
5	18	1999	20	9.4	326	0	82.5	4	
5	19	1999	16.7	10	236	0	77.6	5	
5	20	1999	14.4	9.4	192	0.254	78.05	5	
5	21	1999	21.1	5.6	312	0	79.5	3	
5	22	1999	20.6	6.1	302	0	80.35	3	
5	23	1999	20	10	265	0	82.95	3	
5	24	1999	19.4	11.1	269	0	83.55	4	
5	25	1999	19.4	10	297	0	81.85	4	
5	26	1999	15.6	10	187	0	91.15	3	
5	27	1999	18.3	9.4	262	0	84.25	4	
5	28	1999	16.7	10	257	0	85.45	5	
5	29	1999	13.9	10.6	107	0	85.7	4	
5	30	1999	20	10	337	0	75.9	4	
5	31	1999	18.3	10.6	272	0	81.15	4	
6	1	1999	18.3	10.6	267	0	80.35	4	
6	2	1999	15	9.4	189	1.015	79.85	4	
6	3	1999	17.2	8.3	335	0	80.4	5	
6	4	1999	15	10.6	222	0	86.85	5	
6	5	1999	18.9	10.6	291	0	84.3	4	
6	6	1999	18.3	9.4	350	0	77.6	6	
6	7	1999	17.2	7.8	370	0	75	6	
6	8	1999	17.8	8.9	356	0	73.95	6	
6	9	1999	17.2	8.9	357	0	81.45	6	
6	10	1999	19.4	10	339	0	79.45	5	
6	11	1999	17.8	9.4	346	0	84.75	5	
6	12	1999	22.2	9.4	311	0	82.65	4	
6	13	1999	23.3	8.9	341	0	79.25	4	
6	14	1999	20	11.1	332	0	87.1	5	
6	15	1999	21.1	10.6	338	0	81.65	6	
6	16	1999	18.9	10.6	338	0	86.4	6	
6	17	1999	19.4	10	315	0	85.75	4	
6	18	1999	19.4	10	339	0	86.45	5	
6	19	1999	18.9	10.6	355	0	85.4	6	
6	20	1999	18.3	10.6	343	0	86.3	5	
6	21	1999	18.3	11.7	344	0	88.1	6	
6	22	1999	21.1	11.7	353	0	85.25	4	
6	23	1999	20.6	11.7	315	0	85.95	4	
6	24	1999	20	11.7	318	0	86.35	4	
6	25	1999	19.4	10.6	330	0	82.3	6	
6	26	1999	18.9	10	351	0	85.15	5	
6	27	1999	25.6	10	342	0	74.3	4	
6	28	1999	27.2	8.9	366	0	74.95	3	
6	29	1999	20	9.4	259	0	77.65	5	
6	30	1999	26.1	10	349	0	77.85	4	
7	1	1999	18.9	12.2	334	0	87.05	5	
7	2	1999	18.3	11.1	345	0	81.65	5	
7	3	1999	18.3	11.1	353	0	80.5	6	
7	4	1999	23.3	10	364	0	73.95	4	
7	5	1999	23.9	7.8	366	0	74.8	4	
7	6	1999	19.4	10.6	326	0	84.95	6	
7	7	1999	23.9	11.1	351	0	76.9	5	
7	8	1999	23.3	8.9	353	0	80.85	4	
7	9	1999	22.8	10	328	0	82.6	4	
7	10	1999	24.4	10.6	305	0	79.65	3	
7	11	1999	30.6	10.6	325	0	72.45	3	
7	12	1999	28.9	13.3	302	0	70.35	3	
7	13	1999	29.4	13.9	312	0	67.5	4	
7	14	1999	18.9	12.2	272	0	90.95	4	
7	15	1999	18.9	12.8	251	0	90.35	4	
7	16	1999	18.3	11.7	293	0	86.15	4	
7	17	1999	18.3	11.1	279	0	88.45	4	
7	18	1999	19.4	8.9	306	0	85.6	4	
7	19	1999	20	12.8	330	0	80.35	4	
7	20	1999	20.6	13.3	325	0	77.2	4	
7	21	1999	21.7	13.9	308	0	76.75	4	
7	22	1999	20.6	12.8	298	0	81.25	4	
7	23	1999	19.4	12.8	264	0	79.6	4	
7	24	1999	21.1	12.8	331	0	80.5	5	
7	25	1999	20.6	12.8	293	0	84.7	5	
7	26	1999	18.3	11.7	264	0	88.35	4	
7	27	1999	18.9	12.8	243	0	84.8	4	
7	28	1999	20	13.3	290	0	80.5	4	
7	29	1999	22.8	13.3	271	0	77.3	4	
7	30	1999	22.2	11.7	327	2.031	80.65	5	
7	31	1999	20.6	12.8	314	0	82.9	6	
8	1	1999	22.2	11.7	321	0	81.8	4	
8	2	1999	24.4	13.3	293	0	84.1	4	
8	3	1999	23.3	12.2	308	0	84.45	5	
8	4	1999	19.4	12.8	279	0	89.1	6	
8	5	1999	17.8	13.9	85	0	92.85	5	
8	6	1999	21.7	13.3	202	0	85.45	4	
8	7	1999	21.7	12.2	284	0	80.95	4	
8	8	1999	21.7	13.3	262	0	82.55	4	
8	9	1999	21.7	12.2	167	0	85.25	4	
8	10	1999	21.1	14.4	209	0	83.8	4	
8	11	1999	22.2	15	264	0	83.2	4	
8	12	1999	22.2	12.8	276	0	84.75	5	
8	13	1999	21.7	11.7	317	0	79.5	5	
8	14	1999	21.1	12.2	316	0	81.6	5	
8	15	1999	21.1	10.6	299	0	82.85	4	
8	16	1999	21.1	12.2	270	0	84.55	4	
8	17	1999	21.1	13.3	275	0	83.45	4	
8	18	1999	21.1	13.9	313	0	80.45	6	
8	19	1999	22.8	11.7	259	0	83.1	4	
8	20	1999	23.3	12.2	262	0	82.7	5	
8	21	1999	24.4	12.2	270	0	82.75	3	
8	22	1999	28.3	10.6	294	0	76.1	3	
8	23	1999	24.4	12.2	264	0	81.2	3	
8	24	1999	24.4	11.7	284	0	80.25	4	
8	25	1999	28.3	12.2	288	0	77.35	3	
8	26	1999	27.2	12.8	156	0	80.15	3	
8	27	1999	21.1	13.3	244	0	88.3	4	
8	28	1999	23.9	12.8	261	0	84.5	4	
8	29	1999	20.6	13.3	240	0	89.1	5	
8	30	1999	21.7	11.1	284	0	77	5	
8	31	1999	23.3	7.8	287	0	72.3	4	
9	1	1999	21.1	7.8	276	0	78.8	4	
9	2	1999	21.7	11.7	273	0	81.1	4	
9	3	1999	20	12.2	233	0	84.85	4	
9	4	1999	23.3	10.6	240	0	82.2	3	
9	5	1999	25.6	10.6	269	0	76.95	3	
9	6	1999	20	10.6	239	0	87.05	4	
9	7	1999	22.2	12.2	225	0	84.25	3	
9	8	1999	20	12.8	216	0	85.6	4	
9	9	1999	21.7	12.2	206	0	83.2	4	
9	10	1999	22.2	12.8	221	0	82.5	3	
9	11	1999	20.6	12.8	231	0	85.95	4	
9	12	1999	20.6	12.2	231	0	85	4	
9	13	1999	21.1	12.8	197	0	83.55	3	
9	14	1999	22.2	11.1	208	0	84.15	3	
9	15	1999	16.7	12.8	185	0.254	89.1	5	
9	16	1999	20	12.2	148	0	87.3	3	
9	17	1999	18.9	12.2	159	0	88.75	3	
9	18	1999	18.3	11.7	174	0	88.35	4	
9	19	1999	20	11.7	142	0	84.15	2	
9	20	1999	23.3	9.4	225	0	81.3	3	
9	21	1999	22.2	9.4	208	0	85.05	3	
9	22	1999	25.6	12.8	120	0	82.35	2	
9	23	1999	23.9	12.8	167	0	83.9	4	
9	24	1999	21.1	13.3	190	0	88.05	3	
9	25	1999	27.8	12.2	227	0	76.7	4	
9	26	1999	29.4	10	234	0	73.65	3	
9	27	1999	31.1	10	239	0	62.65	3	
9	28	1999	29.4	8.3	233	0	62.4	3	
9	29	1999	27.2	11.1	200	0	74.8	3	
9	30	1999	28.9	10	192	0	71.05	3	
10	1	1999	23.3	10	195	0	77.45	3	
10	2	1999	18.9	10.6	183	0	83.8	3	
10	3	1999	20	11.7	155	0	82.55	3	
10	4	1999	20	12.8	160	0	77.8	3	
10	5	1999	22.2	8.9	195	0	77.25	3	
10	6	1999	21.7	11.1	173	0	81.5	3	
10	7	1999	25	7.8	197	0	72.35	2	
10	8	1999	31.7	10	196	0	63.5	3	
10	9	1999	31.1	10	196	0	65.3	2	
10	10	1999	34.4	11.7	189	0	63	3	
10	11	1999	22.8	9.4	188	0	74	3	
10	12	1999	27.2	8.9	185	0	72	4	
10	13	1999	23.9	10.6	166	0	79.3	3	
10	14	1999	24.4	11.1	114	0	79.4	3	
10	15	1999	23.3	7.8	170	0	79.4	3	
10	16	1999	26.7	7.2	180	0	64.85	2	
10	17	1999	20.6	10	175	0	81.65	3	
10	18	1999	26.7	7.2	146	0	67.8	3	
10	19	1999	26.1	6.7	160	0	67.85	3	
10	20	1999	31.1	8.3	171	0	62.15	3	
10	21	1999	31.7	8.3	161	0	62.4	3	
10	22	1999	20	6.1	159	0.254	80.35	3	
10	23	1999	17.2	6.7	135	0	85.6	3	
10	24	1999	22.2	5	142	0.508	76.1	3	
10	25	1999	22.8	7.2	132	0	74.7	3	
10	26	1999	19.4	4.4	147	0	83.65	3	
10	27	1999	21.1	10.6	129	0	87.15	3	
10	28	1999	19.4	8.9	137	3.3	85.3	3	
10	29	1999	24.4	5	149	0	68.55	2	
10	30	1999	28.9	7.2	152	0	54.7	4	
10	31	1999	26.1	5	150	0	63.5	2	
11	1	1999	30	8.3	147	0	64.8	3	
11	2	1999	17.8	5	138	0	86.5	3	
11	3	1999	18.9	10.6	113	0	85.35	2	
11	4	1999	23.3	7.2	139	0	75.25	3	
11	5	1999	17.8	7.2	109	0.254	88.25	3	
11	6	1999	22.2	10.6	114	0	76.45	3	
11	7	1999	21.1	10	79	9.899	80.3	4	
11	8	1999	19.4	7.8	129	0	84.5	2	
11	9	1999	18.3	6.7	114	0	77.8	2	
11	10	1999	21.1	6.1	111	0	76.4	2	
11	11	1999	21.7	7.8	115	0	79	2	
11	12	1999	25.6	8.9	117	0	69.2	3	
11	13	1999	21.7	9.4	112	0	78.3	2	
11	14	1999	16.1	9.4	58	0	92.55	3	
11	15	1999	21.7	9.4	118	0	79.9	3	
11	16	1999	20.6	8.9	89	3.807	77.4	3	
11	17	1999	16.7	6.7	111	0	83.35	2	
11	18	1999	19.4	6.1	110	0	76.45	3	
11	19	1999	17.2	5.6	40	2.031	86.1	4	
11	20	1999	17.2	7.2	78	0.254	88.7	2	
11	21	1999	15	6.1	94	0.254	79.65	3	
11	22	1999	16.1	1.1	112	0	66.2	2	
11	23	1999	16.7	1.7	106	0	73.8	2	
11	24	1999	16.7	2.8	98	0	76.25	2	
11	25	1999	20.6	1.7	106	0	71	2	
11	26	1999	17.2	3.3	90	0	88	2	
11	27	1999	20	5.6	105	0	77.65	2	
11	28	1999	15	6.7	68	0	91.5	2	
11	29	1999	18.3	6.1	48	0	79.65	2	
11	30	1999	16.1	8.3	87	6.091	82.5	3	
12	1	1999	14.4	5	87	0	86.1	2	
12	2	1999	15.6	3.9	102	0	85.45	3	
12	3	1999	16.1	1.7	98	0	67.05	2	
12	4	1999	19.4	1.1	96	0	64.5	3	
12	5	1999	18.3	2.2	94	0	61.65	2	
12	6	1999	16.1	0	93	0	78.7	2	
12	7	1999	15	3.9	81	0	83	3	
12	8	1999	16.1	0	69	0	67.75	2	
12	9	1999	13.3	2.8	45	1.015	80.1	2	
12	10	1999	13.3	1.7	92	0	76.4	3	
12	11	1999	16.7	-0.6	90	0	71.6	2	
12	12	1999	18.3	2.8	89	0	72.7	3	
12	13	1999	13.3	1.7	86	1.523	81	3	
12	14	1999	16.1	-0.6	93	0.254	63.55	2	
12	15	1999	16.1	-0.6	99	0	67.25	2	
12	16	1999	16.7	-1.1	97	11.16	68.35	2	
12	17	1999	20.6	1.7	97	0	68.35	2	
12	18	1999	15.6	1.7	98	0	88.65	3	
12	19	1999	22.2	1.7	99	0	63.7	2	
12	20	1999	22.8	5	99	0	54.5	3	
12	21	1999	22.2	3.9	100	0	57.35	3	
12	22	1999	21.1	3.3	98	0	55.1	3	
12	23	1999	21.7	2.2	105	0	50.3	2	
12	24	1999	21.7	1.1	102	0	52.65	3	
12	25	1999	22.2	6.1	99	0	42.95	3	
12	26	1999	22.2	5	103	0	46.65	3	
12	27	1999	23.9	3.9	95	0	43.65	3	
12	28	1999	22.8	4.4	103	0	46.95	3	
12	29	1999	21.1	2.8	102	0	65.35	3	
12	30	1999	13.9	1.7	99	0	75.45	3	
12	31	1999	12.8	5.6	55	0	84.45	2	
1	1	2000	11.7	7.2	26	0.508	92	3	
1	2	2000	12.8	1.1	104	0	77.4	2	
1	3	2000	16.1	1.7	104	0	73.65	2	
1	4	2000	16.1	1.1	82	0	78.4	2	
1	5	2000	15.6	1.1	107	0.254	76.8	2	
1	6	2000	16.7	0	90	0	64.55	2	
1	7	2000	16.7	0.6	99	0	66.55	2	
1	8	2000	16.1	-0.6	103	0	79.75	3	
1	9	2000	12.8	7.2	69	0	91.35	3	
1	10	2000	13.9	5.6	77	0	90.95	2	
1	11	2000	15.6	6.7	32	1.015	90.4	3	
1	12	2000	15	6.7	41	0	80.75	1	
1	13	2000	15.6	5	62	0	87.05	3	
1	14	2000	15	5	35	0	84.65	2	
1	15	2000	21.1	8.9	27	0	71.6	3	
1	16	2000	14.4	8.9	83	8.122	82.6	2	
1	17	2000	13.3	9.4	20	8.629	99	3	
1	18	2000	21.1	12.2	60	6.599	87	3	
1	19	2000	20	12.8	73	6.853	93.85	3	
1	20	2000	13.9	7.8	42	3.3	88.85	3	
1	21	2000	16.1	5.6	114	0	86.35	2	
1	22	2000	17.8	5	119	1.777	82.1	2	
1	23	2000	13.9	10	15	44.92	96.85	3	
1	24	2000	16.7	12.8	31	6.091	91.9	4	
1	25	2000	15	10	74	1.777	94.2	3	
1	26	2000	13.9	7.8	99	0	88.45	2	
1	27	2000	16.7	4.4	113	0	83.85	1	
1	28	2000	16.7	3.9	107	0	83.4	3	
1	29	2000	15	5.6	75	0	86.45	2	
1	30	2000	13.9	8.9	25	2.031	93.15	3	
1	31	2000	15.6	8.3	63	0.254	84.4	2	
2	1	2000	20	8.3	139	0	84.3	2	
2	2	2000	23.9	8.9	145	0	72.85	4	
2	3	2000	21.1	8.9	86	3.3	66.2	4	
2	4	2000	15.6	7.2	75	0	87.55	3	
2	5	2000	17.2	6.7	76	0	85.8	4	
2	6	2000	21.7	5.6	127	0	78.1	3	
2	7	2000	18.3	8.9	103	0	86.6	3	
2	8	2000	19.4	9.4	116	0	82.15	2	
2	9	2000	15	9.4	69	2.284	92.2	3	
2	10	2000	15.6	8.9	59	6.091	83.45	3	
2	11	2000	15	7.2	49	15.48	91.4	4	
2	12	2000	14.4	6.7	71	1.015	93.4	3	
2	13	2000	14.4	10.6	13	40.1	96.8	4	
2	14	2000	17.2	7.8	129	2.031	84.65	3	
2	15	2000	17.8	5	123	0	84.3	2	
2	16	2000	12.8	7.8	51	13.19	91.95	2	
2	17	2000	15	5.6	168	1.015	79.45	2	
2	18	2000	17.8	5.6	155	0	76.6	2	
2	19	2000	18.3	6.7	95	0	76.95	3	
2	20	2000	17.8	8.3	97	7.107	82.3	6	
2	21	2000	16.7	7.8	126	1.015	85.5	3	
2	22	2000	13.9	8.9	35	12.18	91.6	3	
2	23	2000	11.7	4.4	97	8.883	88.35	3	
2	24	2000	10.6	3.9	80	0.761	87.4	3	
2	25	2000	16.1	7.2	151	0	85.6	3	
2	26	2000	18.9	8.9	166	0	85.1	4	
2	27	2000	14.4	8.9	103	11.92	90.05	3	
2	28	2000	15	7.8	139	0	82.45	2	
2	29	2000	13.9	7.2	114	4.822	86.5	3	
3	1	2000	16.7	4.4	195	0	84.05	2	
3	2	2000	12.8	7.2	67	5.838	91.5	2	
3	3	2000	16.7	6.7	186	0	85.8	2	
3	4	2000	15.6	6.7	144	1.015	89.55	2	
3	5	2000	10.6	5.6	43	40.86	96.2	4	
3	6	2000	13.3	5.6	171	0	85.6	3	
3	7	2000	12.2	6.7	57	3.807	89.75	4	
3	8	2000	12.2	6.1	90	5.584	87.75	2	
3	9	2000	15.6	6.1	161	0.508	85.35	3	
3	10	2000	18.3	3.9	216	0	77.05	2	
3	11	2000	17.8	6.7	216	0	83.05	3	
3	12	2000	19.4	5.6	216	0	81.5	3	
3	13	2000	17.8	6.7	195	0	85.45	3	
3	14	2000	20.6	8.3	180	0	87	3	
3	15	2000	22.8	8.3	213	0.254	71.7	3	
3	16	2000	17.8	7.2	191	0	84.95	4	
3	17	2000	21.7	5	235	0.254	71.1	3	
3	18	2000	22.2	6.7	239	0	72.25	3	
3	19	2000	15.6	7.2	161	0	83.3	4	
3	20	2000	18.9	4.4	247	0	64.15	4	
3	21	2000	21.7	3.3	255	0	55.8	2	
3	22	2000	23.3	6.7	242	0	65.8	3	
3	23	2000	14.4	6.7	155	0	85.3	4	
3	24	2000	15.6	5.6	197	0	84.5	3	
3	25	2000	17.8	2.8	243	0	79.35	3	
3	26	2000	17.2	3.9	241	0	81.65	3	
3	27	2000	14.4	8.9	125	0	82.85	4	
3	28	2000	13.9	8.3	188	0	80.2	4	
3	29	2000	16.1	6.1	254	0	79.95	3	
3	30	2000	22.2	3.9	238	0	72.9	2	
3	31	2000	28.3	3.9	246	0	53.6	2	
4	1	2000	28.9	6.7	249	0	47.3	3	
4	2	2000	18.3	6.1	254	0.761	-1	-1	
4	3	2000	29.4	8.9	246	0	87.45	4	
4	4	2000	17.8	11.1	189	0	84.1	4	
4	5	2000	18.3	10	199	0	82.55	3	
4	6	2000	19.4	6.1	249	0	80.2	4	
4	7	2000	23.9	3.9	251	0	69.6	3	
4	8	2000	16.1	8.9	227	0	84.6	4	
4	9	2000	18.3	10	256	0	79.6	4	
4	10	2000	15.6	5.6	282	0	81.6	4	
4	11	2000	27.8	8.3	270	0	73.4	4	
4	12	2000	21.7	10.6	199	0	74.6	4	
4	13	2000	22.8	10	262	0	75.55	3	
4	14	2000	18.3	9.4	254	0	82.6	3	
4	15	2000	17.2	9.4	160	0	80.05	3	
4	16	2000	17.2	11.1	130	0	81.4	6	
4	17	2000	16.7	7.8	165	0.254	81.3	3	
4	18	2000	20	7.2	292	0	74.2	3	
4	19	2000	21.1	5	286	0	67.35	3	
4	20	2000	21.7	6.7	286	0	77.25	3	
4	21	2000	18.3	10.6	231	0	85.45	4	
4	22	2000	18.9	10	209	0	78.6	4	
4	23	2000	17.2	6.1	297	0	77.3	4	
4	24	2000	21.7	3.9	290	0	75	4	
4	25	2000	21.7	6.1	302	0	70.4	4	
4	26	2000	27.8	6.7	305	0	71.4	3	
4	27	2000	21.7	8.3	269	0	73.65	4	
4	28	2000	17.2	6.1	279	0.254	71.25	4	
4	29	2000	20.6	3.3	312	0	72.25	3	
4	30	2000	25	5.6	311	0	69.65	3	
5	1	2000	21.1	7.2	294	0	73.65	4	
5	2	2000	21.7	8.9	268	0	83.4	4	
5	3	2000	23.9	10.6	310	0	73.05	4	
5	4	2000	20	11.1	295	0	74.95	4	
5	5	2000	19.4	10	291	0	78.05	4	
5	6	2000	18.3	8.3	268	0	76.1	4	
5	7	2000	18.3	11.7	82	0.761	84.3	2	
5	8	2000	21.7	11.7	264	1.777	87.3	4	
5	9	2000	20.6	11.1	278	0	80.2	4	
5	10	2000	17.2	6.7	316	0	71.2	4	
5	11	2000	17.8	5.6	346	0	73.7	4	
5	12	2000	21.1	4.4	320	0	67.8	4	
5	13	2000	18.3	6.1	278	0	74.15	3	
5	14	2000	22.2	6.7	200	0	75.25	3	
5	15	2000	21.1	10	236	8.376	73.55	3	
5	16	2000	16.1	8.3	128	7.107	90.9	4	
5	17	2000	19.4	11.1	282	0	81.7	4	
5	18	2000	23.3	9.4	324	0	81.5	3	
5	19	2000	25.6	9.4	319	0	79.65	3	
5	20	2000	26.1	9.4	330	0	77.95	3	
5	21	2000	35.6	12.2	350	0	65.25	3	
5	22	2000	31.1	12.8	325	0	69.85	3	
5	23	2000	26.7	11.7	314	0	79	4	
5	24	2000	16.1	12.2	82	0	93.15	5	
5	25	2000	17.8	11.7	356	0	82.2	5	
5	26	2000	20.6	11.7	360	0	83.8	5	
5	27	2000	24.4	11.7	321	0	79.3	4	
5	28	2000	23.3	11.1	331	0	74.1	4	
5	29	2000	19.4	10	368	0	75.3	5	
5	30	2000	18.9	9.4	370	0	75.65	5	
5	31	2000	25.6	5	363	0	69.8	3	
6	1	2000	27.8	6.7	359	0	64.2	4	
6	2	2000	18.9	9.4	323	0	82.5	4	
6	3	2000	21.1	6.1	355	0	80.85	4	
6	4	2000	17.8	10.6	279	0	83.95	4	
6	5	2000	22.8	11.7	348	0	74	4	
6	6	2000	21.7	10.6	345	0	79.3	4	
6	7	2000	21.7	11.1	326	0.254	77.7	4	
6	8	2000	16.7	11.7	180	0	86.85	5	
6	9	2000	19.4	12.2	311	0	73.35	4	
6	10	2000	18.9	10.6	341	0	78.2	5	
6	11	2000	22.2	8.9	346	0	76.8	5	
6	12	2000	25	11.7	323	0	76.25	5	
6	13	2000	30	11.7	353	3.3	70.75	3	
6	14	2000	37.8	15	352	0	69.6	3	
6	15	2000	25.6	12.2	350	0	80.75	4	
6	16	2000	22.2	12.2	296	0	84.15	4	
6	17	2000	22.2	13.9	282	0	85.05	4	
6	18	2000	22.2	14.4	236	0	82.75	4	
6	19	2000	20	12.2	252	0	84.25	4	
6	20	2000	23.3	12.2	330	0	83.5	4	
6	21	2000	24.4	12.2	309	0	82.25	4	
6	22	2000	19.4	12.2	299	0	88.7	4	
6	23	2000	19.4	12.2	304	0	83.65	4	
6	24	2000	22.2	12.8	309	0	84.05	4	
6	25	2000	24.4	11.1	333	0	83.95	4	
6	26	2000	25.6	12.2	338	0	80.45	4	
6	27	2000	23.9	12.2	329	0	80.7	4	
6	28	2000	23.3	12.2	303	0	81.85	4	
6	29	2000	21.1	12.8	308	0	85.2	4	
6	30	2000	19.4	12.2	291	0	86.3	5	
7	1	2000	20	12.8	308	0	83.8	5	
7	2	2000	18.3	12.2	271	0	82.85	5	
7	3	2000	17.8	12.8	233	0	80.75	5	
7	4	2000	18.3	11.7	328	0	82.65	5	
7	5	2000	20	12.8	297	0	84.15	5	
7	6	2000	20	10.6	296	0	83.4	4	
7	7	2000	20.6	12.2	319	0	80.8	4	
7	8	2000	20.6	12.2	320	0	84.35	4	
7	9	2000	20.6	11.7	264	0	85.15	4	
7	10	2000	21.1	12.2	248	0	84.35	4	
7	11	2000	19.4	12.8	233	0	88.45	4	
7	12	2000	20.6	11.1	240	0	82.75	4	
7	13	2000	22.2	9.4	316	0	80	4	
7	14	2000	23.9	10	296	0	82.5	4	
7	15	2000	20	11.7	281	0	86.8	4	
7	16	2000	19.4	13.3	203	0	86	4	
7	17	2000	21.7	13.3	299	0	80.1	4	
7	18	2000	24.4	12.2	320	0	80.15	4	
7	19	2000	21.7	11.7	332	0	82.45	5	
7	20	2000	21.7	11.7	298	0	84.65	5	
7	21	2000	20.6	12.2	274	0	86.35	5	
7	22	2000	20.6	12.2	307	0	86.45	5	
7	23	2000	23.3	9.4	339	0	82.1	4	
7	24	2000	21.1	11.1	312	0	84.5	4	
7	25	2000	19.4	11.1	279	0	87.25	5	
7	26	2000	22.2	12.2	327	0	79.7	6	
7	27	2000	21.1	11.1	339	0	83.3	5	
7	28	2000	21.7	11.7	308	0	85.45	5	
7	29	2000	21.7	11.7	293	0	86.25	4	
7	30	2000	23.3	11.7	286	0	85.2	4	
7	31	2000	25	11.7	285	0	82.25	4	
8	1	2000	26.7	12.2	234	0	80.35	3	
8	2	2000	26.7	13.3	284	0	79.1	4	
8	3	2000	20	13.3	260	0	89.95	4	
8	4	2000	23.3	13.9	285	0	83.65	4	
8	5	2000	25.6	12.8	293	0	82.25	4	
8	6	2000	20.6	12.2	292	0	87	6	
8	7	2000	21.7	13.9	277	0	85.55	6	
8	8	2000	21.7	13.3	255	0	85.1	4	
8	9	2000	21.7	12.8	257	0	83.7	4	
8	10	2000	23.9	12.2	297	0	78.35	4	
8	11	2000	25.6	9.4	315	0	79.45	3	
8	12	2000	25.6	9.4	308	0	79.5	4	
8	13	2000	22.8	8.9	314	0	80.3	4	
8	14	2000	24.4	8.9	315	0	78.3	4	
8	15	2000	24.4	8.9	311	0	77.75	4	
8	16	2000	25.6	8.3	309	0	76.45	4	
8	17	2000	23.3	8.3	281	0	79.8	4	
8	18	2000	21.7	10	306	0	79.45	6	
8	19	2000	21.1	12.8	272	0	80.35	5	
8	20	2000	20.6	11.7	297	0	83.1	5	
8	21	2000	20	10.6	252	0	86.05	4	
8	22	2000	21.7	12.8	247	0	84.1	4	
8	23	2000	21.1	12.2	191	0	83.4	4	
8	24	2000	25	12.2	239	0	82.25	3	
8	25	2000	21.1	10.6	238	0	86.35	4	
8	26	2000	20.6	11.7	244	0	87.35	4	
8	27	2000	20.6	11.7	239	0	87.05	4	
8	28	2000	21.1	12.8	226	0	86.85	4	
8	29	2000	17.8	13.3	69	4.315	96.1	3	
8	30	2000	21.7	11.7	252	0	84.75	3	
8	31	2000	21.1	13.3	150	0	84.1	2	
9	1	2000	22.8	11.1	124	0	81.6	3	
9	2	2000	21.7	13.9	152	1.015	82.4	3	
9	3	2000	21.7	9.4	268	0	74.5	4	
9	4	2000	21.7	8.3	267	0	75.5	4	
9	5	2000	24.4	6.7	263	0	75.4	3	
9	6	2000	28.9	8.9	266	0	64.15	3	
9	7	2000	31.7	11.1	266	0	61.05	3	
9	8	2000	23.9	9.4	249	0	79.9	4	
9	9	2000	21.1	8.9	233	0	82.5	4	
9	10	2000	21.7	11.1	224	0	83.3	3	
9	11	2000	26.1	11.1	251	0	73.95	3	
9	12	2000	27.8	7.2	153	0	72.45	2	
9	13	2000	26.7	15	213	0	68.5	3	
9	14	2000	23.9	13.9	169	0	87.8	4	
9	15	2000	24.4	13.3	232	0	83	4	
9	16	2000	24.4	12.8	226	0.254	83.1	3	
9	17	2000	35	11.1	257	0	62.8	3	
9	18	2000	30	13.3	249	0	72.15	3	
9	19	2000	31.1	12.8	246	0	72.65	3	
9	20	2000	22.8	12.2	236	0	86.7	4	
9	21	2000	23.3	16.1	186	0	83.3	3	
9	22	2000	20	14.4	78	0	88.5	3	
9	23	2000	23.9	10.6	234	0	79.75	3	
9	24	2000	26.7	9.4	231	0	75.6	3	
9	25	2000	24.4	10	226	0	80.75	3	
9	26	2000	21.1	13.9	199	0	87.55	3	
9	27	2000	20.6	14.4	152	0	85.85	4	
9	28	2000	20	10	180	0	82.7	3	
9	29	2000	24.4	8.3	218	0	79.15	3	
9	30	2000	28.3	10.6	222	0	75	3	
10	1	2000	24.4	13.3	178	0	83.7	3	
10	2	2000	21.1	12.8	165	0	87.85	4	
10	3	2000	18.3	13.3	218	0	80.4	4	
10	4	2000	20	12.2	183	0	83.5	3	
10	5	2000	20.6	12.2	170	0	85.1	3	
10	6	2000	16.1	12.8	65	0	95.95	3	
10	7	2000	17.2	13.3	61	0	91.1	2	
10	8	2000	22.2	12.8	185	0	83.85	4	
10	9	2000	21.1	12.2	119	0.508	85.75	3	
10	10	2000	15.6	11.7	110	12.18	93.05	3	
10	11	2000	15.6	11.7	83	1.015	89.4	2	
10	12	2000	19.4	9.4	192	0	81.35	2	
10	13	2000	20.6	6.7	196	0	80.65	2	
10	14	2000	21.1	7.8	195	0	82.8	3	
10	15	2000	18.3	10	136	0.254	90	2	
10	16	2000	28.9	8.9	183	0	70.15	3	
10	17	2000	23.3	9.4	184	0	77.25	4	
10	18	2000	21.7	9.4	161	0	84.65	4	
10	19	2000	22.2	10.6	155	0.254	85.7	3	
10	20	2000	22.2	10	154	0.254	80.65	4	
10	21	2000	18.9	9.4	178	0	77.85	3	
10	22	2000	25.6	5.6	188	0	46.6	2	
10	23	2000	27.2	7.2	180	0	49.95	3	
10	24	2000	24.4	7.2	174	0	65.2	3	
10	25	2000	18.3	8.9	68	2.031	83.4	3	
10	26	2000	16.7	10.6	52	32.74	96.95	2	
10	27	2000	18.3	10.6	115	5.584	88.05	2	
10	28	2000	17.2	7.8	100	1.269	89.15	3	
10	29	2000	16.1	8.3	99	8.883	85.05	2	
10	30	2000	15.6	6.1	90	1.269	92.6	2	
10	31	2000	16.7	5.6	167	0.508	88.3	2	
11	1	2000	16.1	5	133	0	90.35	2	
11	2	2000	20	6.7	140	0	81.35	2	
11	3	2000	22.8	7.2	155	0.254	74.3	2	
11	4	2000	21.7	8.3	154	0	77.15	3	
11	5	2000	16.7	11.1	110	0	90.9	3	
11	6	2000	17.8	7.8	154	0	82.45	4	
11	7	2000	21.1	3.9	158	0	66.25	2	
11	8	2000	16.7	3.9	133	0	82.85	3	
11	9	2000	14.4	3.9	140	0	82.85	2	
11	10	2000	13.3	3.3	137	0	81.5	2	
11	11	2000	15	0.6	150	0	75.65	2	
11	12	2000	16.1	0	152	0	67.05	2	
11	13	2000	13.9	-0.6	130	1.523	78.7	2	
11	14	2000	13.9	0.6	147	0	77.35	2	
11	15	2000	15	0.6	128	0	79	2	
11	16	2000	15.6	2.8	81	0	78.85	2	
11	17	2000	18.9	2.2	144	0	61.8	3	
11	18	2000	19.4	1.7	144	0	65.65	2	
11	19	2000	18.9	1.7	141	0	68.55	2	
11	20	2000	20.6	2.8	137	0	66.3	3	
11	21	2000	14.4	2.8	79	0.254	87.3	2	
11	22	2000	15.6	5	120	1.269	83.8	2	
11	23	2000	14.4	2.8	109	0.254	88.4	2	
11	24	2000	18.9	3.3	123	0	83.6	2	
11	25	2000	17.8	1.7	131	0	81.65	2	
11	26	2000	17.2	2.2	108	0	80.5	2	
11	27	2000	18.9	2.8	123	0	78.75	2	
11	28	2000	23.3	6.1	126	0	74.9	3	
11	29	2000	17.2	5	61	1.269	87.6	2	
11	30	2000	17.2	3.9	118	0	79.45	2	
12	1	2000	16.7	3.3	77	0	80.15	2	
12	2	2000	20.6	2.2	128	0	72.85	2	
12	3	2000	21.1	5	128	0	70.55	3	
12	4	2000	21.1	2.2	97	0	69.35	2	
12	5	2000	26.1	8.9	106	0	46.55	3	
12	6	2000	15	10	24	0.508	72.4	3	
12	7	2000	21.1	10.6	102	0.761	83.65	2	
12	8	2000	16.7	8.3	94	3.807	94.65	2	
12	9	2000	14.4	9.4	35	0	96.25	1	
12	10	2000	16.1	4.4	93	0	89.15	2	
12	11	2000	13.3	3.9	63	3.046	91.3	2	
12	12	2000	13.3	5	74	2.538	90.8	2	
12	13	2000	14.4	4.4	71	0	84.5	2	
12	14	2000	16.1	10	93	0.508	91.95	2	
12	15	2000	16.7	7.2	93	1.777	93.15	2	
12	16	2000	18.9	3.9	121	0	75.2	2	
12	17	2000	20	2.2	123	0	76.1	2	
12	18	2000	22.8	2.8	123	0	60.1	3	
12	19	2000	22.8	3.9	123	0	55.35	3	
12	20	2000	20.6	2.8	98	0	61.65	2	
12	21	2000	16.1	0.6	81	0	82.2	2	
12	22	2000	16.1	3.9	99	0	81.35	2	
12	23	2000	15.6	1.7	93	0	82.1	2	
12	24	2000	16.1	1.7	108	0	83.9	1	
12	25	2000	18.3	1.1	113	0	63.7	2	
12	26	2000	20.6	2.8	124	0	59.55	3	
12	27	2000	21.7	2.2	100	0	51	3	
12	28	2000	22.2	1.1	124	0	49.1	2	
12	29	2000	19.4	2.8	119	0	61.7	2	
12	30	2000	18.9	-1.1	120	0	67.15	2	
12	31	2000	20	0	122	0	66.95	2	
1	1	2001	22.2	4.4	121	0	50.9	3	
1	2	2001	24.4	2.2	128	0	45.9	3	
1	3	2001	25	3.9	132	0.254	43.9	3	
1	4	2001	26.7	2.8	132	0	49.95	3	
1	5	2001	24.4	2.8	132	0	48.3	2	
1	6	2001	18.3	0.6	123	0	65.65	3	
1	7	2001	15.6	5.6	62	0	70.65	3	
1	8	2001	13.3	8.3	66	21.82	85.5	3	
1	9	2001	11.7	5	54	0	91.2	2	
1	10	2001	13.3	6.1	35	26.39	96	4	
1	11	2001	10.6	6.1	34	18.78	93.2	4	
1	12	2001	15	5.6	105	0.254	84.95	1	
1	13	2001	13.3	5	110	0	86.65	2	
1	14	2001	13.3	3.3	103	0	87.75	2	
1	15	2001	11.7	0.6	139	0	76.15	2	
1	16	2001	12.2	-0.6	141	0	67.4	2	
1	17	2001	13.3	-1.7	144	0	70.05	2	
1	18	2001	14.4	0	137	0	73.9	2	
1	19	2001	15	3.3	92	0	79.3	2	
1	20	2001	18.9	2.8	137	0	73.2	3	
1	21	2001	14.4	3.9	99	0	81.35	3	
1	22	2001	16.7	5	140	0	80.9	2	
1	23	2001	16.1	5	72	2.284	86.5	4	
1	24	2001	11.7	5.6	79	11.67	89.55	2	
1	25	2001	13.3	3.9	75	13.7	86.4	4	
1	26	2001	11.1	3.3	101	1.015	89.25	2	
1	27	2001	12.8	1.7	152	0	80.55	2	
1	28	2001	14.4	1.1	152	0	80.25	3	
1	29	2001	12.8	3.3	137	1.015	86.05	2	
1	30	2001	15	0.6	145	0	68.85	2	
1	31	2001	17.8	0	159	0	70.4	2	
2	1	2001	18.9	2.8	154	0	64.65	3	
2	2	2001	19.4	2.2	148	0	72.7	2	
2	3	2001	22.8	3.9	158	0	69.6	2	
2	4	2001	26.7	7.2	160	0	69.5	2	
2	5	2001	19.4	6.7	169	0	83.4	3	
2	6	2001	11.7	5	116	0	82.4	5	
2	7	2001	12.8	-0.6	169	0	63.6	3	
2	8	2001	14.4	-1.1	173	0	59.55	2	
2	9	2001	11.7	4.4	61	15.22	89.4	3	
2	10	2001	10.6	4.4	96	5.33	91.25	2	
2	11	2001	11.7	3.3	110	18.78	83.9	3	
2	12	2001	12.8	3.3	167	3.807	81.55	3	
2	13	2001	11.7	3.9	86	0	85.1	2	
2	14	2001	14.4	2.8	179	0	81.55	3	
2	15	2001	14.4	2.8	148	0	85.3	3	
2	16	2001	16.1	3.3	184	0	71.9	3	
2	17	2001	18.9	8.3	105	0.254	64.65	4	
2	18	2001	16.7	8.9	104	0.761	82.6	4	
2	19	2001	15	7.8	94	12.18	85.8	4	
2	20	2001	14.4	7.2	85	0.761	85.8	2	
2	21	2001	16.1	8.3	119	0	90.95	4	
2	22	2001	12.8	6.7	136	6.345	85.25	3	
2	23	2001	12.2	5.6	140	8.376	87.75	3	
2	24	2001	13.3	6.7	55	6.853	88.5	4	
2	25	2001	15.6	7.2	152	3.046	84.05	2	
2	26	2001	16.7	8.3	131	1.015	84.7	2	
2	27	2001	18.9	7.8	201	0	76.45	3	
2	28	2001	15.6	4.4	212	0	70.35	2	
3	1	2001	16.1	3.3	183	0	74.3	3	
3	2	2001	12.8	3.9	85	3.046	92.8	2	
3	3	2001	14.4	2.2	109	1.777	86.3	4	
3	4	2001	15	10.6	54	23.85	91.8	8	
3	5	2001	16.7	10	91	7.107	89.8	3	
3	6	2001	18.3	11.1	92	5.584	87.25	3	
3	7	2001	17.2	8.9	221	0	92.25	4	
3	8	2001	13.9	9.4	123	0	91.65	3	
3	9	2001	12.2	8.3	67	0	89.05	3	
3	10	2001	15	5.6	231	0	77.15	3	
3	11	2001	15.6	5.6	180	0	87.25	2	
3	12	2001	18.9	5	189	0	73.75	2	
3	13	2001	16.7	3.3	240	0	83.25	3	
3	14	2001	17.8	8.9	208	0	87.75	3	
3	15	2001	14.4	7.2	147	0	91.6	3	
3	16	2001	16.1	8.9	231	0	85.05	4	
3	17	2001	18.9	7.8	230	0	79.45	3	
3	18	2001	23.9	9.4	231	0	83.45	2	
3	19	2001	27.8	10	246	0	69.4	3	
3	20	2001	23.9	11.7	218	0	79.15	3	
3	21	2001	13.9	11.1	79	0	96.9	3	
3	22	2001	17.8	11.1	181	0	84.25	2	
3	23	2001	17.8	11.7	153	0.508	86.45	2	
3	24	2001	20.6	9.4	238	1.269	87.15	3	
3	25	2001	18.3	10	233	0	78.9	3	
3	26	2001	18.9	7.2	265	0	81.75	4	
3	27	2001	22.2	7.2	259	0	72	4	
3	28	2001	17.8	10	239	0	89.65	5	
3	29	2001	18.3	7.8	271	0	87	4	
3	30	2001	26.1	5.6	265	0	70.85	2	
3	31	2001	25.6	7.8	276	0	72.25	3	
4	1	2001	15	9.4	148	0	89.85	5	
4	2	2001	15.6	5	246	0	71.6	4	
4	3	2001	13.3	1.7	287	0	72.55	3	
4	4	2001	16.1	1.7	264	0	70	3	
4	5	2001	16.1	3.3	232	0	80.35	3	
4	6	2001	12.8	8.3	88	15.73	85.9	2	
4	7	2001	12.2	5.6	234	16.49	85.2	4	
4	8	2001	13.3	2.8	249	0.508	81.15	3	
4	9	2001	13.3	3.9	143	5.584	83.7	3	
4	10	2001	14.4	5.6	291	0	86.05	4	
4	11	2001	15	7.2	155	0.508	88.05	4	
4	12	2001	18.3	5	287	0	78.7	3	
4	13	2001	13.9	6.1	246	0	81.1	4	
4	14	2001	16.1	2.2	283	0	80.25	3	
4	15	2001	17.2	2.8	279	0	82.25	3	
4	16	2001	18.9	2.8	297	0	77.4	3	
4	17	2001	24.4	5.6	277	0	72.45	3	
4	18	2001	19.4	7.8	249	2.284	83.15	3	
4	19	2001	15.6	7.8	186	1.777	83.25	3	
4	20	2001	14.4	6.7	98	11.67	92.7	3	
4	21	2001	15	3.9	293	0.508	88.25	3	
4	22	2001	15	6.1	255	0	88.95	3	
4	23	2001	18.9	5	297	0	84.1	3	
4	24	2001	26.7	7.2	310	0	73.75	2	
4	25	2001	26.7	8.3	305	0	78.55	3	
4	26	2001	18.3	8.9	242	0	87.4	4	
4	27	2001	19.4	8.3	243	0	82.15	4	
4	28	2001	18.3	7.8	246	0	79.3	3	
4	29	2001	21.1	5.6	312	0	74.1	4	
4	30	2001	21.7	6.1	310	0	77.35	4	
5	1	2001	21.7	9.4	310	0	77.05	4	
5	2	2001	25	6.1	328	0	62.45	3	
5	3	2001	28.3	7.2	333	0	50.85	2	
5	4	2001	28.9	7.8	327	0	58.15	3	
5	5	2001	21.1	8.3	302	0	83.1	3	
5	6	2001	26.7	6.1	329	0	72.4	2	
5	7	2001	33.9	8.9	325	0	63.05	2	
5	8	2001	32.2	11.1	324	0	68.6	3	
5	9	2001	24.4	8.9	313	0	79.85	4	
5	10	2001	25.6	8.9	316	0	80.3	3	
5	11	2001	20	7.8	315	0	85.75	4	
5	12	2001	17.8	11.7	145	0	88.8	3	
5	13	2001	18.3	10.6	266	0	83.3	4	
5	14	2001	21.7	7.8	294	0	76.8	3	
5	15	2001	24.4	9.4	295	0	76.05	3	
5	16	2001	22.2	10.6	324	0	79.4	4	
5	17	2001	22.2	7.8	316	0	79.7	4	
5	18	2001	21.7	8.9	327	0	81.75	4	
5	19	2001	22.8	10	298	0	82.6	4	
5	20	2001	25	11.1	318	0	81.3	3	
5	21	2001	21.7	11.7	327	0	83.65	4	
5	22	2001	23.3	11.7	306	0	81.8	3	
5	23	2001	27.2	10.6	318	0	75.7	3	
5	24	2001	25.6	10	322	0	78.8	3	
5	25	2001	23.3	9.4	325	0	80.5	3	
5	26	2001	18.3	10.6	288	0	87.65	4	
5	27	2001	19.4	10.6	214	0	85.75	4	
5	28	2001	19.4	10	283	0	84.2	4	
5	29	2001	23.3	8.9	318	0	78.8	3	
5	30	2001	35.6	10	342	0	65.45	3	
5	31	2001	30	12.2	339	0	68.4	3	
6	1	2001	20	11.7	243	0	90.05	4	
6	2	2001	18.3	11.1	338	0	80.9	5	
6	3	2001	20	10	344	0	76.75	5	
6	4	2001	22.8	6.7	339	0	76.65	4	
6	5	2001	24.4	9.4	339	0	74.1	4	
6	6	2001	27.2	9.4	343	0	68.3	4	
6	7	2001	30.6	9.4	341	0	68.6	3	
6	8	2001	22.8	9.4	344	0	81.6	4	
6	9	2001	19.4	10.6	324	0	86.2	5	
6	10	2001	18.9	10.6	332	0	80.15	5	
6	11	2001	18.9	11.1	309	0	84.85	6	
6	12	2001	19.4	11.1	321	0.508	83.1	6	
6	13	2001	26.7	8.3	352	0	67.25	4	
6	14	2001	31.7	9.4	350	0	63.05	4	
6	15	2001	21.7	8.3	346	0	80.9	4	
6	16	2001	26.1	7.2	338	0	75	4	
6	17	2001	23.9	7.2	353	0	77	4	
6	18	2001	28.3	8.3	352	0	74	3	
6	19	2001	30	10	351	0	69.6	4	
6	20	2001	28.9	8.9	339	0	70.1	4	
6	21	2001	28.9	10.6	337	0	73.25	4	
6	22	2001	24.4	10.6	331	0	81.7	4	
6	23	2001	20	11.7	320	0	84.05	5	
6	24	2001	20.6	11.1	347	0	79.05	5	
6	25	2001	21.7	11.1	310	0	77	4	
6	26	2001	22.8	11.7	310	0	79.35	4	
6	27	2001	25.6	12.8	300	0	75	4	
6	28	2001	22.8	13.3	326	0	83.05	4	
6	29	2001	21.7	12.2	320	0	84.9	5	
6	30	2001	22.2	11.1	333	0	82.7	4	
7	1	2001	24.4	10.6	336	0	79.85	4	
7	2	2001	27.8	11.7	324	0	77.55	3	
7	3	2001	27.2	13.9	325	4.061	78.4	4	
7	4	2001	24.4	13.9	199	0.761	84.35	3	
7	5	2001	20.6	13.3	288	0	89.05	4	
7	6	2001	21.7	12.8	228	0.254	87.9	2	
7	7	2001	20.6	12.8	312	0	90.1	4	
7	8	2001	20	13.3	298	0	89.45	4	
7	9	2001	18.3	13.3	211	0	88.3	5	
7	10	2001	19.4	13.3	292	0	85.85	4	
7	11	2001	20	13.9	286	0	81.15	4	
7	12	2001	20.6	13.9	294	0	86.9	4	
7	13	2001	18.9	12.2	277	0	92.5	4	
7	14	2001	17.2	12.2	230	0	92.05	6	
7	15	2001	18.3	12.2	219	0	88.85	3	
7	16	2001	19.4	13.9	190	0	82.8	4	
7	17	2001	20	12.2	310	0	85.5	4	
7	18	2001	21.7	12.8	331	0	86.4	6	
7	19	2001	19.4	12.2	288	0	90.25	5	
7	20	2001	19.4	12.8	276	0	87.2	5	
7	21	2001	19.4	10.6	327	0	85.4	5	
7	22	2001	20.6	11.7	309	0	87.1	4	
7	23	2001	20.6	11.1	299	0	87.15	4	
7	24	2001	20.6	12.8	266	0	87.8	4	
7	25	2001	21.1	13.3	274	0	88.1	4	
7	26	2001	21.7	12.8	295	0	87.3	4	
7	27	2001	20.6	12.2	284	0	87	4	
7	28	2001	20.6	11.7	291	0	87.65	4	
7	29	2001	20	12.2	301	0	86.2	5	
7	30	2001	22.8	12.2	306	0	86.4	4	
7	31	2001	21.7	11.7	299	0	86.6	4	
8	1	2001	20.6	11.1	282	0	86.7	4	
8	2	2001	21.7	9.4	292	0	85.9	4	
8	3	2001	21.7	12.2	288	0	87.05	4	
8	4	2001	22.8	13.3	273	0	86.2	4	
8	5	2001	25	12.2	327	0	81.55	4	
8	6	2001	24.4	11.7	322	0	83.65	4	
8	7	2001	24.4	12.8	297	0	84.2	3	
8	8	2001	20.6	12.8	273	0	88.9	4	
8	9	2001	20	13.3	243	0	89.15	4	
8	10	2001	22.2	13.9	275	0	82.8	4	
8	11	2001	23.9	10	315	0	83.9	4	
8	12	2001	21.7	11.7	287	0	83.4	4	
8	13	2001	20.6	10.6	278	0	85.2	4	
8	14	2001	23.3	11.7	272	0	83.6	4	
8	15	2001	21.1	11.7	268	0	86.3	4	
8	16	2001	20.6	11.1	271	0	87.45	4	
8	17	2001	22.8	11.7	285	0	83.25	4	
8	18	2001	21.7	11.7	275	0	84.35	4	
8	19	2001	19.4	8.3	296	0	88.2	4	
8	20	2001	18.3	12.2	200	0	88.1	4	
8	21	2001	20	12.8	293	0	86.4	6	
8	22	2001	22.2	13.3	276	0	84.55	4	
8	23	2001	25	12.8	300	0	80.75	4	
8	24	2001	20.6	12.8	250	0	88.8	4	
8	25	2001	21.1	8.9	282	0	86.4	4	
8	26	2001	22.2	11.1	268	0	85.7	4	
8	27	2001	24.4	8.9	292	0	81.4	4	
8	28	2001	26.1	8.9	292	0	79.05	5	
8	29	2001	20	12.8	236	0	88.3	5	
8	30	2001	20	13.9	185	0	87.7	3	
8	31	2001	23.9	12.8	274	0	83.75	4	
9	1	2001	23.3	11.7	253	0	84.05	3	
9	2	2001	23.9	11.7	261	0	82.05	3	
9	3	2001	25.6	11.1	259	0	80.4	3	
9	4	2001	21.7	12.2	265	0	86.25	4	
9	5	2001	21.1	12.2	252	0	82.2	5	
9	6	2001	24.4	10	275	0	78.3	4	
9	7	2001	20	7.8	264	0	86.8	4	
9	8	2001	19.4	11.7	223	0	87.8	4	
9	9	2001	20.6	11.1	207	0	85.15	3	
9	10	2001	22.8	10.6	263	0	81.4	3	
9	11	2001	23.3	12.8	251	0	77.75	3	
9	12	2001	21.1	11.7	243	0	87.4	4	
9	13	2001	22.2	12.8	212	0	86.65	3	
9	14	2001	22.8	11.1	243	0	86.4	4	
9	15	2001	21.1	11.7	204	0	88.65	4	
9	16	2001	19.4	12.8	189	0	91	4	
9	17	2001	18.9	12.2	185	0	91.85	4	
9	18	2001	18.3	11.1	197	0	91.35	3	
9	19	2001	23.9	11.7	231	0	88.9	5	
9	20	2001	18.9	12.2	201	0	90.8	4	
9	21	2001	20.6	11.7	194	0	87.75	3	
9	22	2001	22.8	10.6	222	0	85.8	3	
9	23	2001	20	11.7	199	0	88.7	3	
									
