CAMYAAB2	CASTROVL.A	MONTEREY							
121.7666667	36.76666667								
MO	DA	YEAR	TMAX	TMIN	SOL	PRCP	RH	WIND	
1	1	1995	15.6	4.4	78	3.046	87.15	3	
1	2	1995	14.4	4.4	47	0	79.5	4	
1	3	1995	15.6	10	95	4.061	89.55	4	
1	4	1995	13.9	10.6	18	15.99	92.95	8	
1	5	1995	13.9	8.9	106	2.031	86.05	4	
1	6	1995	13.9	8.9	28	1.015	82.05	6	
1	7	1995	16.1	10	63	5.076	89	6	
1	8	1995	17.2	12.8	33	0	85.2	6	
1	9	1995	18.3	14.4	27	13.95	90.6	6	
1	10	1995	18.3	10.6	47	26.9	89.8	5	
1	11	1995	16.1	7.2	84	3.046	90	4	
1	12	1995	15	12.2	42	3.046	93.9	4	
1	13	1995	17.8	13.3	44	1.015	91.4	4	
1	14	1995	16.1	10.6	69	11.92	95.4	4	
1	15	1995	12.2	7.8	57	8.122	89.6	3	
1	16	1995	12.2	3.9	105	5.076	86.85	3	
1	17	1995	13.9	1.1	125	2.031	80.3	1	
1	18	1995	15.6	3.9	142	0	78.5	2	
1	19	1995	16.7	2.8	134	0	75.5	2	
1	20	1995	12.8	5.6	37	6.091	86.2	5	
1	21	1995	12.8	7.8	60	3.046	87.6	4	
1	22	1995	13.3	11.1	28	3.046	84.6	8	
1	23	1995	13.9	10.6	57	3.046	91.05	5	
1	24	1995	16.7	10.6	125	5.076	88.8	4	
1	25	1995	15	9.4	134	4.061	92.4	2	
1	26	1995	14.4	8.3	64	2.031	90.7	3	
1	27	1995	13.9	10.6	20	3.046	94.1	3	
1	28	1995	16.7	10	111	7.107	94.45	2	
1	29	1995	15.6	10	83	6.091	94.75	2	
1	30	1995	20.6	11.1	86	4.061	87.8	1	
1	31	1995	21.1	11.1	163	2.031	87.8	2	
2	1	1995	23.3	10	157	1.015	84.3	3	
2	2	1995	22.8	14.4	165	1.015	75	4	
2	3	1995	23.9	11.7	169	0	79.45	3	
2	4	1995	16.1	10.6	94	1.015	95.75	1	
2	5	1995	12.8	10.6	41	0	95.15	1	
2	6	1995	14.4	10	100	0	89.85	2	
2	7	1995	16.7	8.9	99	4.061	82.9	2	
2	8	1995	15	8.9	108	5.076	92.55	2	
2	9	1995	16.7	6.1	173	2.031	90.65	2	
2	10	1995	13.9	7.2	122	0	94.2	2	
2	11	1995	12.2	10.6	28	0	91	1	
2	12	1995	14.4	9.4	75	0	83.05	2	
2	13	1995	14.4	8.9	34	3.046	89.4	3	
2	14	1995	13.9	2.2	195	0	79.65	3	
2	15	1995	13.9	0.6	196	0	76.9	2	
2	16	1995	14.4	2.8	136	0	78.75	2	
2	17	1995	18.3	2.8	187	0	81.6	2	
2	18	1995	20.6	5	192	0	83	2	
2	19	1995	23.9	8.3	200	0	73.75	3	
2	20	1995	29.4	10.6	203	0	66	2	
2	21	1995	25	7.8	155	1.015	73.35	3	
2	22	1995	13.9	11.7	54	0	94.8	2	
2	23	1995	13.9	11.7	34	0	95	1	
2	24	1995	14.4	11.7	49	0	95.2	2	
2	25	1995	15.6	12.2	100	0	89.15	2	
2	26	1995	14.4	11.7	42	0	92.05	1	
2	27	1995	16.1	11.7	73	0	88.35	1	
2	28	1995	16.1	12.2	107	0	89.7	1	
3	1	1995	18.3	10	146	0	84.35	2	
3	2	1995	18.9	11.1	110	1.015	87.95	4	
3	3	1995	13.9	5.6	98	4.061	84.95	3	
3	4	1995	15.6	5	65	8.122	90.25	2	
3	5	1995	15	7.8	50	0	92.15	3	
3	6	1995	15.6	3.9	211	0	83.75	2	
3	7	1995	16.7	5	169	1.015	81.4	2	
3	8	1995	16.7	11.1	46	2.031	86.15	5	
3	9	1995	16.1	13.9	11	20.05	90.2	8	
3	10	1995	16.7	12.2	18	44.92	91.4	7	
3	11	1995	17.2	10.6	152	15.99	90.4	4	
3	12	1995	14.4	8.3	196	39.08	88.95	2	
3	13	1995	17.2	12.2	103	1.015	79.85	3	
3	14	1995	17.8	11.1	126	1.015	93.45	2	
3	15	1995	17.2	10.6	236	1.015	84.15	3	
3	16	1995	16.1	7.8	231	0	86.35	2	
3	17	1995	16.7	7.8	182	0	89.25	2	
3	18	1995	16.1	10.6	67	0	92.25	2	
3	19	1995	15.6	9.4	164	0	90.45	2	
3	20	1995	17.8	10.6	43	7.107	90.2	4	
3	21	1995	13.3	7.2	158	8.122	80.3	4	
3	22	1995	16.1	7.2	114	21.06	86.65	7	
3	23	1995	13.3	5.6	160	11.92	84.45	4	
3	24	1995	13.9	3.9	231	0	80.3	3	
3	25	1995	15	3.9	236	0	76.9	3	
3	26	1995	17.2	3.3	238	0	70.4	2	
3	27	1995	18.3	4.4	239	0	69.1	3	
3	28	1995	18.9	5.6	240	0	74.95	2	
3	29	1995	19.4	5.6	245	0	69.1	3	
3	30	1995	21.7	7.8	236	0	64.45	2	
3	31	1995	19.4	6.1	225	0	74.5	3	
4	1	1995	16.7	8.3	219	0	83	4	
4	2	1995	18.9	6.1	251	0	75.6	2	
4	3	1995	22.2	7.2	251	0	74.75	3	
4	4	1995	16.7	8.3	235	0	90.85	3	
4	5	1995	17.2	8.9	181	0	89.7	3	
4	6	1995	16.1	13.3	132	1.015	91	4	
4	7	1995	18.3	11.7	112	0	85	3	
4	8	1995	16.1	6.7	239	0	81.3	4	
4	9	1995	16.7	3.9	264	0	69.25	5	
4	10	1995	17.2	5.6	261	0	73.8	3	
4	11	1995	17.2	6.7	247	0	85.5	3	
4	12	1995	21.1	7.2	258	0	90.1	5	
4	13	1995	15	8.9	233	8.883	83.9	5	
4	14	1995	15.6	4.4	249	0	82.5	4	
4	15	1995	12.8	3.3	136	8.122	82.35	3	
4	16	1995	13.9	4.4	239	1.015	88.4	4	
4	17	1995	13.9	10	119	3.046	83.45	4	
4	18	1995	13.9	7.2	236	0	85.35	6	
4	19	1995	13.9	3.3	266	0	84.15	4	
4	20	1995	13.9	6.1	262	1.015	81.6	6	
4	21	1995	16.1	2.8	289	0	76.55	3	
4	22	1995	21.7	4.4	291	0	66.05	3	
4	23	1995	22.8	6.1	282	0	73.45	3	
4	24	1995	15.6	8.9	278	0	90.15	3	
4	25	1995	14.4	8.3	260	0	88.05	3	
4	26	1995	15.6	8.9	245	0	88	3	
4	27	1995	17.2	8.9	108	7.107	95.4	4	
4	28	1995	18.3	11.7	122	3.046	91.7	3	
4	29	1995	18.3	13.3	52	13.95	95.75	5	
4	30	1995	17.2	13.3	93	1.015	97.4	3	
5	1	1995	18.9	12.8	181	1.015	93.7	4	
5	2	1995	16.7	11.1	280	0	91	3	
5	3	1995	16.1	7.8	247	1.015	88.8	4	
5	4	1995	15.6	10	221	0	90.15	6	
5	5	1995	15	10	225	0	83.9	7	
5	6	1995	15	6.7	280	0	90.5	4	
5	7	1995	15	11.1	138	0	86.45	4	
5	8	1995	16.7	9.4	285	0	76.8	3	
5	9	1995	15.6	7.8	118	1.015	84	3	
5	10	1995	17.2	11.1	276	0	87.65	4	
5	11	1995	17.2	10	260	0	82.3	4	
5	12	1995	15.6	6.1	207	1.015	81.85	4	
5	13	1995	15	9.4	195	2.031	86.65	4	
5	14	1995	17.2	6.7	205	0	83.85	3	
5	15	1995	19.4	7.8	178	1.015	79.35	2	
5	16	1995	17.2	7.2	302	0	89.15	4	
5	17	1995	16.1	11.7	216	0	86.8	4	
5	18	1995	15.6	11.1	184	0	89.7	3	
5	19	1995	15.6	11.1	177	0	92.05	3	
5	20	1995	15.6	10.6	164	0	85.4	3	
5	21	1995	15.6	12.8	123	0	81.85	4	
5	22	1995	15	12.2	133	0	84.2	4	
5	23	1995	14.4	12.2	97	0	88.2	3	
5	24	1995	13.9	11.7	79	0	89.4	4	
5	25	1995	15.6	11.7	118	0	88.4	3	
5	26	1995	15	11.7	134	0	89.45	3	
5	27	1995	15	10	245	0	90.45	4	
5	28	1995	16.1	10	286	0	90.6	4	
5	29	1995	15.6	10.6	197	0	94.25	3	
5	30	1995	15	10.6	200	0	93.75	3	
5	31	1995	16.7	9.4	209	0	91.65	3	
6	1	1995	14.4	11.1	89	0	95.2	5	
6	2	1995	16.7	12.2	217	0	88.3	6	
6	3	1995	16.1	10	193	0	88.2	4	
6	4	1995	17.8	8.9	301	0	86.15	4	
6	5	1995	17.2	8.3	325	0	82	6	
6	6	1995	17.2	5.6	324	0	80.35	5	
6	7	1995	16.1	7.2	304	0	84.6	4	
6	8	1995	13.9	9.4	118	0	91.7	4	
6	9	1995	16.1	11.1	242	0	84.3	3	
6	10	1995	17.2	10.6	314	0	86.85	4	
6	11	1995	18.9	7.8	314	0	80.2	4	
6	12	1995	18.9	6.7	325	0	77.45	3	
6	13	1995	17.8	8.9	318	0	84.35	4	
6	14	1995	16.7	11.1	154	3.046	89.1	2	
6	15	1995	16.7	12.2	246	7.107	90.9	5	
6	16	1995	16.1	10.6	210	8.883	91	4	
6	17	1995	16.7	11.1	206	0	91.7	3	
6	18	1995	18.3	10	275	0	83.65	4	
6	19	1995	18.3	6.1	328	0	85	4	
6	20	1995	20	8.3	323	0	80.7	4	
6	21	1995	25	9.4	341	0	85.6	4	
6	22	1995	17.2	10.6	293	0	90.45	3	
6	23	1995	20	9.4	321	0	88	3	
6	24	1995	25	11.1	322	0	81.35	2	
6	25	1995	22.2	11.7	323	0	82.95	3	
6	26	1995	18.3	11.7	196	0	92.6	4	
6	27	1995	17.2	12.8	147	0	93.1	3	
6	28	1995	17.8	12.8	195	0	90.7	3	
6	29	1995	18.3	13.9	216	0	83.55	4	
6	30	1995	18.9	14.4	235	0	82.05	3	
7	1	1995	20	12.2	232	0	81.9	3	
7	2	1995	17.8	10	145	0	88.05	3	
7	3	1995	18.9	13.9	167	0	90.05	3	
7	4	1995	18.3	13.3	154	0	91.85	3	
7	5	1995	17.8	12.8	223	0	91.9	3	
7	6	1995	19.4	12.8	313	0	88	4	
7	7	1995	19.4	11.7	309	0	87.1	3	
7	8	1995	20.6	12.8	299	0	87.15	3	
7	9	1995	20	12.2	294	0	85	3	
7	10	1995	20	11.1	318	0	84.8	3	
7	11	1995	20	8.3	311	0	87	4	
7	12	1995	20.6	11.1	314	0	87.75	4	
7	13	1995	20.6	9.4	315	0	83.6	3	
7	14	1995	33.9	13.3	312	0	74.9	2	
7	15	1995	21.7	11.7	276	0	85.55	3	
7	16	1995	17.8	12.2	169	0	94	3	
7	17	1995	19.4	13.9	156	0	92.35	2	
7	18	1995	18.9	13.9	175	0	93.35	3	
7	19	1995	19.4	15.6	142	0	87.85	3	
7	20	1995	20	13.9	190	0	86.6	3	
7	21	1995	21.1	13.3	201	0	85.65	3	
7	22	1995	21.7	12.8	313	0	83	3	
7	23	1995	21.1	9.4	304	0	84.3	3	
7	24	1995	21.1	12.8	280	0	85.05	3	
7	25	1995	20.6	12.2	266	0	86.45	3	
7	26	1995	17.8	12.2	259	0	93.35	3	
7	27	1995	17.8	13.3	194	0	94.95	3	
7	28	1995	17.8	13.9	151	0	93.9	3	
7	29	1995	20.6	12.2	298	0	86.5	3	
7	30	1995	21.1	10.6	300	0	85.8	2	
7	31	1995	20.6	12.8	278	0	88.7	3	
8	1	1995	17.8	13.3	159	0	94.5	2	
8	2	1995	17.2	13.9	116	0	94.85	3	
8	3	1995	16.7	13.3	101	0	94.45	3	
8	4	1995	18.3	13.9	132	0	92.3	3	
8	5	1995	19.4	14.4	208	0	90.6	3	
8	6	1995	18.3	13.9	137	0	92.15	3	
8	7	1995	19.4	12.2	201	0	91.3	3	
8	8	1995	29.4	8.9	288	0	64.95	3	
8	9	1995	17.2	11.7	137	0	91.5	4	
8	10	1995	20	12.8	254	0	84.7	4	
8	11	1995	18.3	8.9	244	0	89.5	3	
8	12	1995	17.2	11.7	233	0	92.55	2	
8	13	1995	20.6	11.7	275	0	89.25	3	
8	14	1995	19.4	12.2	268	0	88.2	3	
8	15	1995	17.8	13.9	121	0	91.45	3	
8	16	1995	18.9	12.8	231	0	87.1	3	
8	17	1995	18.9	8.9	274	0	86.95	3	
8	18	1995	20.6	7.2	274	0	83.15	3	
8	19	1995	26.1	8.9	269	0	72.9	3	
8	20	1995	17.8	11.7	147	0	93.1	3	
8	21	1995	18.3	14.4	143	0	92.5	3	
8	22	1995	18.3	13.3	169	0	94.2	3	
8	23	1995	17.8	13.3	157	0	92.45	3	
8	24	1995	18.3	12.8	217	0	91	4	
8	25	1995	17.8	12.2	206	0	90	4	
8	26	1995	17.8	12.2	233	0	89.35	3	
8	27	1995	18.3	8.9	215	0	90.1	3	
8	28	1995	21.1	8.3	258	0	80.1	3	
8	29	1995	19.4	9.4	251	0	89.8	3	
8	30	1995	18.3	11.1	245	0	90.75	3	
8	31	1995	16.1	12.2	122	0	94.55	3	
9	1	1995	18.3	12.2	171	0	91.3	3	
9	2	1995	18.9	9.4	234	0	90.8	3	
9	3	1995	18.9	9.4	244	0	89.3	3	
9	4	1995	20.6	8.3	239	0	84.6	3	
9	5	1995	22.8	8.3	240	0	83.65	2	
9	6	1995	28.9	10	241	0	69.9	3	
9	7	1995	23.9	9.4	233	0	78.65	3	
9	8	1995	17.8	13.9	139	0	91.35	3	
9	9	1995	19.4	15	148	0	85.5	3	
9	10	1995	20	15	178	0	82.7	3	
9	11	1995	16.7	13.9	157	0	91.25	3	
9	12	1995	17.2	13.9	128	0	92.85	3	
9	13	1995	18.3	13.3	140	0	91	3	
9	14	1995	18.9	13.9	165	1.015	91.5	3	
9	15	1995	18.9	13.9	137	0	91.95	3	
9	16	1995	19.4	11.7	156	0	88.55	3	
9	17	1995	19.4	8.9	211	0	90.25	3	
9	18	1995	20	11.1	202	0	90.15	2	
9	19	1995	24.4	10.6	170	0	83.5	3	
9	20	1995	16.1	13.3	79	0	96.6	2	
9	21	1995	16.1	13.3	70	0	95.65	2	
9	22	1995	16.7	13.3	78	0	91.45	2	
9	23	1995	18.9	12.8	135	0	89.3	3	
9	24	1995	20	11.7	160	0	89.2	3	
9	25	1995	20.6	11.1	153	0	89.25	3	
9	26	1995	18.3	10.6	168	0	91.75	2	
9	27	1995	19.4	8.9	176	0	89.1	3	
9	28	1995	20	11.7	161	0	89.45	4	
9	29	1995	19.4	8.3	183	0	85.7	3	
9	30	1995	22.2	7.2	185	0	80.8	2	
10	1	1995	20.6	9.4	185	0	87	2	
10	2	1995	31.1	9.4	186	0	66.4	3	
10	3	1995	21.7	11.1	179	0	76.15	3	
10	4	1995	31.1	11.1	164	0	59.4	2	
10	5	1995	26.7	7.8	197	0	64.65	3	
10	6	1995	16.1	7.2	155	0	87.8	3	
10	7	1995	17.2	8.9	146	0	88.45	2	
10	8	1995	15.6	10	109	0	92.65	2	
10	9	1995	17.2	9.4	164	0	93.15	2	
10	10	1995	20.6	8.3	186	0	84.75	2	
10	11	1995	18.3	11.1	140	0	94.15	2	
10	12	1995	22.2	9.4	188	0	73.05	3	
10	13	1995	32.8	10	187	0	55.95	2	
10	14	1995	16.1	9.4	112	0	84.75	3	
10	15	1995	18.9	13.9	161	0	90.25	2	
10	16	1995	18.3	10.6	164	0	92.15	3	
10	17	1995	16.7	8.9	157	0	93.55	2	
10	18	1995	19.4	8.3	169	0	87.65	2	
10	19	1995	16.7	11.7	83	0	95.5	2	
10	20	1995	15	12.2	44	0	97.25	2	
10	21	1995	16.1	6.7	62	0	91.45	2	
10	22	1995	22.2	2.2	173	0	63.15	3	
10	23	1995	24.4	6.7	165	0	64.85	2	
10	24	1995	18.3	5	161	0	71.35	2	
10	25	1995	17.8	3.9	162	0	86.25	2	
10	26	1995	19.4	4.4	154	0	83.8	2	
10	27	1995	23.3	7.2	153	0	82.8	2	
10	28	1995	15	8.3	41	0	96.5	2	
10	29	1995	13.9	11.1	34	0	94.4	2	
10	30	1995	15.6	12.2	44	0	94.1	2	
10	31	1995	16.7	13.3	58	2.031	91.05	2	
11	1	1995	16.7	10.6	67	0	93.45	2	
11	2	1995	15.6	8.3	121	0	92.15	2	
11	3	1995	16.7	7.8	101	0	91.55	2	
11	4	1995	20.6	8.9	142	0	83.85	3	
11	5	1995	16.7	7.2	126	0	89.65	2	
11	6	1995	16.7	7.8	131	0	89	2	
11	7	1995	25	7.2	139	0	72.1	2	
11	8	1995	19.4	8.9	126	0	80.3	3	
11	9	1995	18.3	8.9	117	0	89.65	3	
11	10	1995	17.8	6.7	134	0	86.45	2	
11	11	1995	24.4	6.7	133	0	72.45	2	
11	12	1995	18.3	5.6	131	0	81.45	2	
11	13	1995	22.8	6.7	130	0	81.9	2	
11	14	1995	13.3	6.7	55	0	97	2	
11	15	1995	17.8	11.1	83	0	93.8	2	
11	16	1995	21.1	8.3	119	0	87.15	2	
11	17	1995	16.7	11.1	92	0	95.7	2	
11	18	1995	17.8	10	100	0	94.35	3	
11	19	1995	16.1	11.1	64	0	96.25	2	
11	20	1995	18.9	6.1	108	0	88.7	3	
11	21	1995	17.2	7.8	52	0	88.15	2	
11	22	1995	19.4	6.1	112	0	86.55	3	
11	23	1995	25.6	7.8	120	0	73.65	2	
11	24	1995	24.4	8.9	103	0	74.65	2	
11	25	1995	21.1	6.7	111	0	81.7	2	
11	26	1995	17.2	6.7	119	0	79.15	2	
11	27	1995	17.2	1.7	110	0	74.85	2	
11	28	1995	20	4.4	113	0	74.05	2	
11	29	1995	21.1	7.2	114	0	77.6	2	
11	30	1995	17.2	3.9	111	0	86.95	2	
12	1	1995	16.7	5.6	90	0	91.85	2	
12	2	1995	15	3.3	98	0	82.85	2	
12	3	1995	15.6	2.8	95	0	85.55	1	
12	4	1995	19.4	9.4	69	0	92.55	2	
12	5	1995	17.8	11.7	90	0	94.65	2	
12	6	1995	17.2	8.3	100	0	95.2	2	
12	7	1995	15.6	11.7	61	0	98.8	1	
12	8	1995	13.3	7.8	56	0	-1	2	
12	9	1995	18.9	6.1	104	1.015	84.2	2	
12	10	1995	15.6	9.4	47	0	88.35	3	
12	11	1995	15	11.7	67	29.94	94.6	5	
12	12	1995	18.3	11.1	19	7.107	90.75	5	
12	13	1995	15.6	11.1	38	4.061	94.4	3	
12	14	1995	17.2	4.4	104	0	84.95	1	
12	15	1995	15	8.9	65	7.868	89.65	4	
12	16	1995	13.9	2.8	111	0	87.45	2	
12	17	1995	16.1	1.7	96	0	76.75	2	
12	18	1995	12.8	5	27	2.031	93.8	2	
12	19	1995	13.3	3.9	70	0	90.45	1	
12	20	1995	14.4	5	106	0	87.85	2	
12	21	1995	15	3.3	103	0	84.7	2	
12	22	1995	13.3	6.7	54	3.046	93.4	3	
12	23	1995	15	5.6	97	0	84.45	3	
12	24	1995	16.1	5.6	84	0	74.55	4	
12	25	1995	17.8	6.7	89	0	68.85	3	
12	26	1995	18.3	5	100	0	73.4	2	
12	27	1995	16.1	4.4	107	0	82.35	2	
12	28	1995	13.9	5.6	61	0	90.9	1	
12	29	1995	14.4	6.1	30	4.061	93.4	2	
12	30	1995	16.1	12.8	46	1.015	-1	3	
12	31	1995	16.1	7.8	91	0	92.25	3	
1	1	1996	18.3	6.7	111	0	78.6	2	
1	2	1996	19.4	6.7	114	0	80.9	2	
1	3	1996	16.7	5	110	0	83.65	2	
1	4	1996	15	6.7	108	0	92.35	2	
1	5	1996	16.7	5	96	0	87.25	2	
1	6	1996	20	5	114	0	78.35	2	
1	7	1996	18.3	5.6	114	0	83.15	2	
1	8	1996	16.7	5	96	0	89.05	2	
1	9	1996	15	6.1	44	0	95.8	1	
1	10	1996	19.4	6.1	119	0	76.85	4	
1	11	1996	22.2	7.2	122	0	67.9	2	
1	12	1996	23.3	4.4	119	0	72.55	2	
1	13	1996	14.4	5.6	99	0	87.35	2	
1	14	1996	12.8	6.7	75	0	92.95	2	
1	15	1996	15	6.7	45	0	92.75	1	
1	16	1996	15.6	10.6	13	13.95	92.1	6	
1	17	1996	13.9	8.3	121	0	83.3	3	
1	18	1996	17.2	8.9	33	1.015	88.15	4	
1	19	1996	15	5.6	122	1.015	89.3	3	
1	20	1996	15	3.3	122	1.015	82.9	2	
1	21	1996	13.3	7.8	123	18.02	86.95	3	
1	22	1996	12.2	2.2	133	0	78.45	3	
1	23	1996	10.6	1.7	60	4.061	91	2	
1	24	1996	15	7.2	81	4.061	91.85	5	
1	25	1996	13.9	2.8	139	1.015	79.2	4	
1	26	1996	12.2	1.7	78	0	81.95	1	
1	27	1996	15.6	8.9	81	10.91	91.05	4	
1	28	1996	12.8	2.8	134	0	84.25	1	
1	29	1996	13.9	5	68	0	86.9	2	
1	30	1996	14.4	7.8	40	13.95	88.3	4	
1	31	1996	16.7	10	51	20.05	92.65	4	
2	1	1996	14.4	7.8	121	0	95.6	2	
2	2	1996	15	10.6	57	0	90.55	2	
2	3	1996	17.2	10.6	48	9.899	93.9	4	
2	4	1996	17.8	14.4	24	39.08	94.65	4	
2	5	1996	18.9	14.4	98	30.71	-1	-1	
2	6	1996	20	10	104	0.254	-1	-1	
2	7	1996	20	7.8	118	0	-1	-1	
2	8	1996	22.8	8.3	114	0	-1	-1	
2	9	1996	17.8	9.4	99	0	-1	-1	
2	10	1996	20	10	123	0	-1	-1	
2	11	1996	24.4	8.3	122	0	-1	-1	
2	12	1996	27.8	8.9	122	0	-1	-1	
2	13	1996	24.4	9.4	155	0	76.35	2	
2	14	1996	22.8	7.2	162	0	78.15	2	
2	15	1996	15.6	8.3	28	7.107	97.35	2	
2	16	1996	21.1	13.3	139	0	92.6	3	
2	17	1996	18.9	11.1	96	1.015	94	2	
2	18	1996	17.8	9.4	86	4.061	92.35	2	
2	19	1996	16.1	14.4	16	25.88	95.75	6	
2	20	1996	17.8	11.1	70	26.9	92.65	3	
2	21	1996	15	7.2	70	17	85.75	4	
2	22	1996	12.8	3.9	164	4.061	82.25	2	
2	23	1996	13.3	2.2	181	0	84.1	2	
2	24	1996	12.2	4.4	146	3.046	79.8	3	
2	25	1996	10.6	2.2	181	1.015	83.55	2	
2	26	1996	12.2	1.7	191	0	74.85	3	
2	27	1996	11.1	3.9	153	11.92	85.45	3	
2	28	1996	15	5	142	1.015	83.5	4	
2	29	1996	13.9	8.9	65	1.015	90.85	4	
3	1	1996	18.9	8.9	127	0	87	2	
3	2	1996	20	7.8	196	0	84.85	2	
3	3	1996	17.2	8.9	84	1.015	91.5	2	
3	4	1996	16.1	10	67	9.899	89.25	5	
3	5	1996	14.4	5.6	147	2.031	88.8	3	
3	6	1996	18.9	3.3	204	0	76.7	2	
3	7	1996	23.3	8.9	197	0	71	2	
3	8	1996	25	8.9	157	0	69.8	2	
3	9	1996	18.3	8.3	175	0	82.1	2	
3	10	1996	15.6	10	80	0	90.8	2	
3	11	1996	17.8	10	165	1.015	92.3	3	
3	12	1996	14.4	8.3	86	29.94	92.95	3	
3	13	1996	16.1	5.6	217	0	91.7	2	
3	14	1996	18.9	6.7	218	0	84	2	
3	15	1996	16.1	8.3	178	0	92.85	3	
3	16	1996	16.7	10	200	0	91.25	2	
3	17	1996	22.8	7.2	229	0	82.4	2	
3	18	1996	17.8	8.9	189	0	92.6	3	
3	19	1996	15.6	11.1	147	0	95.45	2	
3	20	1996	16.7	7.8	213	0	92.05	2	
3	21	1996	15	9.4	175	0	91.2	3	
3	22	1996	15	6.1	213	0	83.25	4	
3	23	1996	14.4	5	244	0	77.75	3	
3	24	1996	15	2.2	232	0	80.9	3	
3	25	1996	20	3.9	153	0	83.1	5	
3	26	1996	17.2	5	262	0	79.1	3	
3	27	1996	20.6	7.2	219	3.046	73.25	2	
3	28	1996	13.9	5.6	255	1.015	81.95	5	
3	29	1996	13.9	2.8	235	0	89.1	2	
3	30	1996	15.6	2.8	264	0	85.2	2	
3	31	1996	16.7	5	258	0	80.85	3	
4	1	1996	17.2	11.1	85	14.97	86.85	4	
4	2	1996	15.6	8.9	246	0	92.8	3	
4	3	1996	15.6	6.7	265	0	87.3	3	
4	4	1996	17.2	5.6	267	0	89.45	2	
4	5	1996	19.4	6.7	277	0	86.5	3	
4	6	1996	23.3	7.2	276	0	79.25	2	
4	7	1996	22.2	6.7	229	0	83.25	2	
4	8	1996	15	11.1	133	0	93.2	2	
4	9	1996	18.3	9.4	214	0	87	3	
4	10	1996	15.6	9.4	270	0	84.45	4	
4	11	1996	15.6	5.6	276	0	89.5	3	
4	12	1996	15.6	6.7	270	0	85.85	4	
4	13	1996	17.2	3.9	279	0	82.1	3	
4	14	1996	23.3	5	256	0	70.55	2	
4	15	1996	20.6	7.2	144	0	77.6	4	
4	16	1996	17.2	11.7	203	0	89.3	4	
4	17	1996	18.9	8.9	131	0	81.25	4	
4	18	1996	15.6	5	289	0	85.4	3	
4	19	1996	16.1	2.8	214	0	82.9	2	
4	20	1996	15.6	3.9	220	0	85.1	3	
4	21	1996	17.2	3.9	289	0	79.9	2	
4	22	1996	18.3	6.7	287	0	86.85	3	
4	23	1996	18.9	7.8	284	0	87.15	3	
4	24	1996	20	10.6	268	0	91.25	3	
4	25	1996	20	8.3	302	0	86.4	3	
4	26	1996	19.4	7.8	300	0	85.15	3	
4	27	1996	19.4	6.7	306	0	82.5	3	
4	28	1996	25	5.6	307	0	69.15	2	
4	29	1996	28.9	8.9	312	0	63.65	3	
4	30	1996	27.2	8.9	313	0	69.35	3	
5	1	1996	23.9	8.9	305	0	77.5	2	
5	2	1996	21.1	7.8	312	0	77.55	3	
5	3	1996	16.1	7.8	314	0	82.5	3	
5	4	1996	18.3	3.9	314	0	82.25	3	
5	5	1996	16.1	7.8	298	0	88.45	3	
5	6	1996	15.6	5	312	0	89.45	3	
5	7	1996	15.6	8.3	306	0	87.15	3	
5	8	1996	15.6	7.2	284	0	89.35	3	
5	9	1996	14.4	5.6	305	0	90.3	3	
5	10	1996	16.1	4.4	306	0	89.25	3	
5	11	1996	28.3	7.2	311	0	70.95	3	
5	12	1996	17.8	8.3	309	0	88.75	4	
5	13	1996	18.3	11.1	268	0	91.75	4	
5	14	1996	21.1	11.7	230	0	91.75	3	
5	15	1996	19.4	15	87	1.269	97.65	3	
5	16	1996	20.6	16.1	223	56.09	91.85	6	
5	17	1996	19.4	14.4	137	0	89.35	4	
5	18	1996	18.3	13.3	294	0	93.25	3	
5	19	1996	17.2	10	312	0	91.55	3	
5	20	1996	16.1	8.9	318	1.015	89.65	4	
5	21	1996	17.8	9.4	102	0	82.75	3	
5	22	1996	16.7	9.4	319	0	88.9	4	
5	23	1996	16.7	7.2	313	0	86.45	4	
5	24	1996	22.2	8.3	331	0	70.25	4	
5	25	1996	16.7	10.6	295	0	91.2	4	
5	26	1996	16.1	12.2	172	0	90.55	4	
5	27	1996	15	11.1	277	0	88.25	4	
5	28	1996	14.4	11.1	196	0	87.5	4	
5	29	1996	15	11.1	271	0	84.55	5	
5	30	1996	15	8.3	269	0	88.65	4	
5	31	1996	16.7	6.1	308	0	88.95	3	
6	1	1996	17.2	9.4	301	0	92	2	
6	2	1996	30.6	10.6	323	0	72.85	3	
6	3	1996	20.6	10.6	297	0	91.75	3	
6	4	1996	16.1	10	295	0	91.2	4	
6	5	1996	18.9	8.9	321	0	87.95	3	
6	6	1996	16.1	11.1	286	0	93.35	3	
6	7	1996	15	10	228	0	93.95	3	
6	8	1996	16.1	10.6	296	0	90.3	3	
6	9	1996	18.9	8.3	329	0	85.15	3	
6	10	1996	17.2	8.3	321	0	88.15	4	
6	11	1996	14.4	10	204	0	91.75	3	
6	12	1996	14.4	11.1	136	0	94.25	4	
6	13	1996	18.9	11.1	318	0	89.25	4	
6	14	1996	13.9	11.1	169	0	94.05	3	
6	15	1996	14.4	10.6	244	0	90.5	3	
6	16	1996	15	11.1	240	0	90.55	4	
6	17	1996	16.7	6.1	383	0	86.8	3	
6	18	1996	17.2	7.8	396	0	84.75	3	
6	19	1996	16.7	8.3	334	0	88	3	
6	20	1996	16.7	9.4	367	0	91.2	4	
6	21	1996	16.1	10.6	345	0	88.5	5	
6	22	1996	15.6	10	330	0	88.9	4	
6	23	1996	18.9	7.8	393	0	89.4	4	
6	24	1996	16.1	11.7	256	0	92.7	4	
6	25	1996	16.7	11.1	362	0	90.85	4	
6	26	1996	16.1	12.2	279	0	92.85	4	
6	27	1996	19.4	11.1	381	0	82.1	3	
6	28	1996	17.8	8.9	392	0	90	3	
6	29	1996	20.6	8.3	397	0	88.4	2	
6	30	1996	25	10.6	396	0	82.05	3	
7	1	1996	19.4	11.1	392	0	90.6	2	
7	2	1996	15	11.1	193	0	96.9	2	
7	3	1996	17.8	11.1	334	0	92.9	3	
7	4	1996	16.7	10.6	383	0	94.6	3	
7	5	1996	15.6	10.6	355	0	95.2	3	
7	6	1996	16.1	11.1	305	0	95.05	3	
7	7	1996	15.6	12.2	141	0	96.15	3	
7	8	1996	15.6	12.8	145	0	96	2	
7	9	1996	15.6	12.2	199	0	94.45	-1	
7	10	1996	15.6	12.8	194	0	94.65	-1	
7	11	1996	16.7	12.8	279	0	94.4	-1	
7	12	1996	16.1	12.8	242	0	95.05	3	
7	13	1996	16.1	12.8	195	0	95.9	3	
7	14	1996	15.6	12.8	139	0	96.9	3	
7	15	1996	16.1	12.8	141	0	95.3	3	
7	16	1996	17.2	13.3	213	0	94.75	3	
7	17	1996	17.8	12.2	275	0	94.8	3	
7	18	1996	18.3	11.7	342	0	88.8	3	
7	19	1996	20	8.3	389	0	85.65	3	
7	20	1996	22.2	8.3	392	0	84.65	3	
7	21	1996	16.7	9.4	268	0	95.8	3	
7	22	1996	15.6	12.2	162	0	97.4	2	
7	23	1996	16.7	12.8	212	0	96.35	2	
7	24	1996	16.1	12.8	244	0	96	3	
7	25	1996	16.7	12.8	250	0	96.75	3	
7	26	1996	17.2	12.8	293	0	95.25	3	
7	27	1996	20.6	13.3	170	0	91.6	2	
7	28	1996	20	13.3	339	0	90.9	3	
7	29	1996	17.2	12.8	294	0	95.85	3	
7	30	1996	17.8	12.8	251	0	95.9	2	
7	31	1996	18.3	12.8	330	0	93.45	3	
8	1	1996	16.7	11.1	243	0	93.55	3	
8	2	1996	18.3	11.7	295	0	88.35	3	
8	3	1996	17.8	11.1	318	0	90.7	4	
8	4	1996	16.1	11.1	256	0	92.55	3	
8	5	1996	17.2	12.8	175	0	93.7	3	
8	6	1996	17.8	12.8	268	0	87.75	3	
8	7	1996	15.6	12.8	164	0	96.25	2	
8	8	1996	15.6	12.2	218	1.015	98.25	2	
8	9	1996	15.6	11.7	267	0	97.9	2	
8	10	1996	15	11.7	215	0	97.45	3	
8	11	1996	15.6	12.2	164	0	97.35	3	
8	12	1996	20	10.6	324	0	90.65	2	
8	13	1996	18.9	12.8	332	0	93.05	3	
8	14	1996	21.7	12.8	286	0	95.95	3	
8	15	1996	15.6	11.1	243	0	97.2	2	
8	16	1996	16.1	10.6	184	0	76.05	2	
8	17	1996	16.7	12.8	146	2.031	94.85	3	
8	18	1996	17.2	13.3	236	0	89.3	3	
8	19	1996	16.7	9.4	186	0	92.15	3	
8	20	1996	16.7	8.9	292	0	92.4	2	
8	21	1996	16.1	11.1	181	0	94.75	2	
8	22	1996	16.1	11.7	182	0	96.65	2	
8	23	1996	15	11.7	154	0	97.35	2	
8	24	1996	15.6	11.7	119	0	95.6	2	
8	25	1996	19.4	13.3	250	0	90.65	3	
8	26	1996	19.4	12.8	286	0	90.2	3	
8	27	1996	18.9	8.9	330	0	90.35	2	
8	28	1996	20.6	9.4	328	0	88.7	2	
8	29	1996	17.8	11.7	293	0	93.9	2	
8	30	1996	21.1	10	324	0	86.05	2	
8	31	1996	18.3	11.7	299	0	92.9	3	
9	1	1996	15.6	12.2	141	0	96.85	2	
9	2	1996	18.3	12.8	266	0	89.95	2	
9	3	1996	17.2	12.8	193	0	90.95	2	
9	4	1996	19.4	11.1	291	0	87.4	3	
9	5	1996	19.4	6.7	317	0	85.85	3	
9	6	1996	23.9	6.1	320	0	74.3	2	
9	7	1996	26.1	7.2	313	0	70.95	2	
9	8	1996	18.3	9.4	223	0	92.55	2	
9	9	1996	15.6	10.6	190	0	96.95	2	
9	10	1996	15	11.7	128	0	97.05	2	
9	11	1996	18.3	10	204	0	90.6	2	
9	12	1996	21.7	6.7	269	0	84.75	3	
9	13	1996	18.3	12.2	211	1.015	93.25	3	
9	14	1996	18.9	12.2	224	0	93.1	3	
9	15	1996	20.6	12.8	164	0	92.55	3	
9	16	1996	18.9	9.4	244	0	86.25	2	
9	17	1996	21.7	5.6	224	0	83.6	2	
9	18	1996	21.7	7.2	230	0	82	2	
9	19	1996	22.2	6.1	219	0	75.5	2	
9	20	1996	17.8	10.6	220	1.015	94.05	2	
9	21	1996	21.1	10	219	0	88.75	3	
9	22	1996	16.7	8.3	159	0	92.95	2	
9	23	1996	16.1	12.2	99	0	92.25	2	
9	24	1996	15.6	11.7	94	2.031	92.5	2	
9	25	1996	15	11.1	109	0	95.75	2	
9	26	1996	15	12.2	60	0	95.5	2	
9	27	1996	15	12.8	67	0	95.5	2	
9	28	1996	17.2	11.7	174	0	94.2	2	
9	29	1996	16.1	12.2	124	0	96.75	2	
9	30	1996	16.1	12.8	74	0	93.8	2	
10	1	1996	18.3	10.6	156	0	89.35	2	
10	2	1996	17.8	11.1	176	0	92.75	2	
10	3	1996	17.2	12.2	174	0	95.2	2	
10	4	1996	26.7	9.4	198	0	-1	-1	
10	5	1996	22.8	10	202	0	89.5	2	
10	6	1996	21.1	9.4	205	0	88.4	2	
10	7	1996	34.4	11.1	219	2.031	70.3	2	
10	8	1996	36.1	13.9	235	0	70.55	3	
10	9	1996	16.7	11.7	85	0	96.75	2	
10	10	1996	18.9	12.2	215	0	90.2	2	
10	11	1996	15	12.2	110	0	98.45	2	
10	12	1996	18.3	12.8	170	1.015	96.25	2	
10	13	1996	18.3	11.7	201	0	95.35	2	
10	14	1996	17.8	8.3	211	0	92.25	2	
10	15	1996	18.9	5	218	0	84.6	2	
10	16	1996	16.7	6.1	212	0	86.5	2	
10	17	1996	16.7	2.8	211	0	82.8	2	
10	18	1996	21.7	3.3	157	0	76.7	2	
10	19	1996	16.1	3.3	211	1.015	83.5	4	
10	20	1996	15.6	1.1	212	0	83.4	2	
10	21	1996	18.9	1.1	205	0	69.8	2	
10	22	1996	16.7	1.7	202	0	72.55	2	
10	23	1996	15	8.3	140	0	97.15	2	
10	24	1996	16.1	10	77	0	92.55	2	
10	25	1996	17.2	5.6	149	0	-1	-1	
10	26	1996	20	2.8	197	0	64.55	3	
10	27	1996	19.4	1.1	196	0	65.3	2	
10	28	1996	17.2	2.8	180	0	73.55	3	
10	29	1996	14.4	10	77	17	88.65	4	
10	30	1996	13.3	8.9	69	6.091	96.25	2	
10	31	1996	16.1	7.2	180	0	90.35	2	
11	1	1996	18.9	5	186	0	82.65	2	
11	2	1996	13.9	5.6	164	0	93.6	2	
11	3	1996	13.3	11.1	37	0	92.2	1	
11	4	1996	14.4	6.1	131	0	91.1	2	
11	5	1996	13.9	3.3	166	3.046	90.9	2	
11	6	1996	16.7	1.7	176	0	77.15	2	
11	7	1996	22.8	3.9	173	0	67.15	3	
11	8	1996	26.1	8.3	171	0	56.2	3	
11	9	1996	25.6	7.2	121	0	65.9	2	
11	10	1996	25	6.7	154	0	70.85	2	
11	11	1996	14.4	4.4	129	0	93.65	1	
11	12	1996	18.9	6.1	117	0	87.75	1	
11	13	1996	15.6	6.7	154	0	95.45	1	
11	14	1996	14.4	5.6	101	0	93.45	1	
11	15	1996	14.4	2.2	132	1.015	93.85	3	
11	16	1996	14.4	2.8	77	13.95	88.6	3	
11	17	1996	16.1	12.2	18	40.86	100	5	
11	18	1996	18.9	12.8	83	0	95.8	2	
11	19	1996	16.1	10.6	46	9.899	96.15	3	
11	20	1996	18.3	13.9	83	0	97	2	
11	21	1996	17.2	13.3	27	9.899	100	2	
11	22	1996	17.2	12.8	100	1.015	98.05	4	
11	23	1996	16.1	8.9	71	0	93.15	2	
11	24	1996	18.3	7.8	137	0	87.35	2	
11	25	1996	16.7	6.7	144	0	95.25	2	
11	26	1996	17.2	3.9	151	0	84.25	1	
11	27	1996	17.8	3.9	145	0	84.4	2	
11	28	1996	13.9	7.2	68	1.015	91.5	3	
11	29	1996	15	2.8	135	0	78.95	3	
11	30	1996	15.6	1.7	129	0	87.4	1	
12	1	1996	15	3.3	129	4.061	90.35	3	
12	2	1996	12.8	1.1	136	0	84.05	2	
12	3	1996	13.9	1.1	29	0	81.55	1	
12	4	1996	16.7	3.9	127	1.015	82.7	2	
12	5	1996	15	10.6	29	13.95	99.15	3	
12	6	1996	15	8.3	91	1.015	96.7	2	
12	7	1996	17.8	6.7	109	0	90.05	2	
12	8	1996	17.8	7.8	87	0	92.45	2	
12	9	1996	15	12.2	25	11.92	95.2	5	
12	10	1996	15.6	12.2	11	41.87	97.55	3	
12	11	1996	17.8	12.8	102	0	95.1	1	
12	12	1996	18.3	13.3	75	5.076	92.65	2	
12	13	1996	15.6	7.2	141	7.107	86.35	2	
12	14	1996	16.7	5.6	152	0	65.8	4	
12	15	1996	17.8	5.6	139	0	76.25	3	
12	16	1996	18.3	5	137	0	80.35	2	
12	17	1996	17.2	3.3	115	0	77.4	3	
12	18	1996	21.1	3.3	136	0	70.3	2	
12	19	1996	17.8	3.3	123	0	74.35	2	
12	20	1996	12.8	2.8	95	0	84.65	1	
12	21	1996	10.6	8.3	7	68.02	98.95	2	
12	22	1996	14.4	7.2	67	7.107	94.35	3	
12	23	1996	16.1	6.7	137	1.015	87.9	2	
12	24	1996	14.4	5	124	0	80.9	3	
12	25	1996	15.6	2.8	120	0	82.95	2	
12	26	1996	14.4	8.9	45	5.076	89.45	3	
12	27	1996	17.2	8.9	98	6.091	92.5	2	
12	28	1996	16.7	8.9	92	0	92.7	2	
12	29	1996	15	12.8	23	6.091	90.75	5	
12	30	1996	17.2	14.4	39	7.107	96.35	5	
12	31	1996	20	16.1	56	0	93.2	5	
1	1	1997	19.4	17.2	15	13.95	98.1	3	
1	2	1997	17.8	13.3	21	27.91	98.95	3	
1	3	1997	14.4	5.6	142	2.031	87.4	3	
1	4	1997	10.6	4.4	41	2.031	93.9	1	
1	5	1997	12.8	3.9	144	2.031	79.7	2	
1	6	1997	14.4	1.7	149	0	70.85	2	
1	7	1997	17.2	0	143	1.015	74.5	2	
1	8	1997	16.1	2.2	131	0	83.2	2	
1	9	1997	14.4	2.8	136	0	87.1	1	
1	10	1997	15.6	2.2	139	0	84.7	2	
1	11	1997	11.7	7.2	49	1.015	96.25	1	
1	12	1997	12.8	4.4	78	3.046	94.45	3	
1	13	1997	8.9	1.7	136	0	68.8	3	
1	14	1997	9.4	1.1	61	13.95	82.9	4	
1	15	1997	16.1	6.1	97	10.91	88.5	2	
1	16	1997	14.4	4.4	104	0	93.6	2	
1	17	1997	16.1	6.7	97	0	88.25	3	
1	18	1997	18.3	7.2	130	0	83.15	2	
1	19	1997	15	7.2	85	0	84.6	2	
1	20	1997	15	8.9	128	22.08	90.3	3	
1	21	1997	15	8.3	82	1.015	94.15	3	
1	22	1997	17.8	10.6	62	15.99	84.05	4	
1	23	1997	13.9	6.1	108	0	86.9	2	
1	24	1997	15	6.7	72	19.03	91.25	2	
1	25	1997	17.8	13.3	125	11.92	93.45	4	
1	26	1997	16.1	11.7	99	23.85	96.85	3	
1	27	1997	16.7	10.6	117	0	92.6	1	
1	28	1997	16.1	9.4	123	1.015	95.05	1	
1	29	1997	20	7.2	164	0	85.8	2	
1	30	1997	18.9	7.8	168	1.015	87.05	2	
1	31	1997	14.4	5.6	137	0	98.05	1	
2	1	1997	15	6.7	103	0	97.75	1	
2	2	1997	14.4	6.7	170	0	92.1	1	
2	3	1997	15	5	134	1.015	90.7	1	
2	4	1997	15	7.2	145	0	92.95	2	
2	5	1997	15	3.3	179	0	87.95	2	
2	6	1997	15.6	4.4	174	1.015	88.55	2	
2	7	1997	16.1	5.6	166	0	86.85	2	
2	8	1997	14.4	5.6	189	0	86.1	2	
2	9	1997	15.6	3.3	126	0	85.7	2	
2	10	1997	16.1	6.1	157	0	86.8	2	
2	11	1997	14.4	3.3	156	0	91.7	2	
2	12	1997	16.7	5.6	178	0	84.85	2	
2	13	1997	18.9	3.3	202	0	67.45	2	
2	14	1997	22.2	3.9	195	0	73	3	
2	15	1997	23.3	7.8	154	0	74.9	2	
2	16	1997	18.9	8.3	168	1.015	79	2	
2	17	1997	15	6.1	146	0	91.05	4	
2	18	1997	16.7	4.4	211	0	83.55	1	
2	19	1997	16.1	2.8	175	0	85.35	2	
2	20	1997	16.7	4.4	157	0	82.8	1	
2	21	1997	13.9	1.7	214	0	83.1	2	
2	22	1997	14.4	1.7	216	0	89.65	2	
2	23	1997	17.8	2.8	230	0	68.35	2	
2	24	1997	18.9	3.3	232	0	50.9	3	
2	25	1997	15	-0.6	221	0	76.45	2	
2	26	1997	14.4	4.4	200	0	89	2	
2	27	1997	13.3	4.4	200	0	88.1	5	
2	28	1997	13.9	0.6	244	0	84.45	3	
3	1	1997	13.3	1.1	246	0	83.75	2	
3	2	1997	13.3	3.9	155	3.046	89.1	3	
3	3	1997	13.3	1.1	245	0	87.8	3	
3	4	1997	14.4	0	238	0	76.8	2	
3	5	1997	18.3	3.9	224	0	74.75	3	
3	6	1997	13.3	4.4	244	0	91.05	2	
3	7	1997	15	2.2	246	0	91.8	2	
3	8	1997	13.9	5	246	0	93.1	2	
3	9	1997	20	2.2	261	0	84.25	2	
3	10	1997	21.7	3.9	266	0	75.95	2	
3	11	1997	16.1	4.4	224	1.015	91.6	2	
3	12	1997	15	2.8	266	0	86.55	2	
3	13	1997	18.3	0.6	249	0	75.3	2	
3	14	1997	18.9	3.3	240	0	78.9	2	
3	15	1997	15.6	6.7	213	1.015	91.9	2	
3	16	1997	17.2	8.3	140	1.015	81.8	2	
3	17	1997	17.8	7.2	261	0	87.6	2	
3	18	1997	24.4	6.1	275	0	76.55	2	
3	19	1997	25.6	6.7	265	1.015	77.8	2	
3	20	1997	16.7	10	214	0	91.2	2	
3	21	1997	22.8	9.4	207	0	85.85	2	
3	22	1997	13.9	10	85	0	97.45	2	
3	23	1997	14.4	9.4	199	0	92.8	2	
3	24	1997	15	8.3	258	0	95.4	2	
3	25	1997	16.1	7.8	217	0	94.3	2	
3	26	1997	12.8	10.6	107	0	97.6	2	
3	27	1997	14.4	9.4	262	0	91.75	3	
3	28	1997	16.1	7.8	276	0	89.45	2	
3	29	1997	23.3	5	300	0	66.25	2	
3	30	1997	15	4.4	250	0	88.6	3	
3	31	1997	14.4	3.9	297	0	80.4	4	
4	1	1997	18.3	2.2	312	0	63.05	4	
4	2	1997	20.6	5.6	307	0	57.85	6	
4	3	1997	23.9	1.1	318	0	59.65	3	
4	4	1997	13.9	5	238	0	90.35	3	
4	5	1997	13.3	3.9	291	0	88.45	2	
4	6	1997	14.4	6.1	244	0	84.15	2	
4	7	1997	14.4	3.3	303	0	87.4	2	
4	8	1997	15	4.4	315	0	89.7	4	
4	9	1997	13.9	3.3	329	0	81.45	4	
4	10	1997	14.4	3.9	291	0	89.45	2	
4	11	1997	15.6	3.3	323	0	86	3	
4	12	1997	15	6.1	267	0	91.8	3	
4	13	1997	15	7.8	299	0	91.15	3	
4	14	1997	16.7	5	315	0	89.65	2	
4	15	1997	22.2	6.1	320	0	82	2	
4	16	1997	15.6	8.9	308	0	94.05	2	
4	17	1997	15.6	7.8	235	0	96.7	2	
4	18	1997	18.3	11.7	206	3.046	92.75	2	
4	19	1997	18.3	13.3	244	2.031	93.6	2	
4	20	1997	20	13.9	293	0	92.2	3	
4	21	1997	18.9	12.8	263	0	96.15	2	
4	22	1997	17.8	12.2	238	1.015	92.85	2	
4	23	1997	16.1	10.6	262	0	90.1	4	
4	24	1997	16.1	5	268	0	85.9	4	
4	25	1997	20.6	3.9	348	0	81.55	2	
4	26	1997	18.9	6.7	343	5.076	86.05	2	
4	27	1997	16.1	6.1	325	0	89.2	4	
4	28	1997	16.1	6.1	258	0	89.6	4	
4	29	1997	21.1	8.3	290	0	91.2	4	
4	30	1997	16.7	6.7	345	0	91.85	4	
5	1	1997	16.1	4.4	357	0	84.3	3	
5	2	1997	16.1	4.4	344	0	87.7	2	
5	3	1997	21.1	8.3	334	0	83.2	2	
5	4	1997	17.2	6.1	295	0	83.55	2	
5	5	1997	18.3	6.7	359	0	87.95	2	
5	6	1997	19.4	8.3	345	0	80.65	2	
5	7	1997	16.7	8.3	346	0	91.75	3	
5	8	1997	16.1	9.4	297	0	92.4	3	
5	9	1997	16.1	10.6	332	0	93.5	3	
5	10	1997	16.1	11.7	253	0	94.15	2	
5	11	1997	16.1	10.6	265	0	94.95	2	
5	12	1997	16.1	10	316	0	94.8	2	
5	13	1997	21.1	6.1	353	0	78.45	2	
5	14	1997	19.4	7.8	355	0	89.3	2	
5	15	1997	24.4	10.6	357	0	82.5	2	
5	16	1997	33.9	11.1	352	0	63.4	2	
5	17	1997	20	12.8	346	0	88.2	3	
5	18	1997	15.6	10.6	198	0	97.95	3	
5	19	1997	16.7	11.7	262	0	93.95	3	
5	20	1997	18.9	11.1	343	0	90	3	
5	21	1997	17.8	11.7	326	0	93.55	3	
5	22	1997	18.3	11.7	330	0	90.25	2	
5	23	1997	18.9	10.6	154	1.015	90.45	2	
5	24	1997	18.9	11.7	324	0	88.5	4	
5	25	1997	17.8	6.7	318	0	88.35	3	
5	26	1997	18.9	7.8	316	0	84.9	2	
5	27	1997	23.9	11.7	367	0	86.65	2	
5	28	1997	21.7	12.8	332	0	91.15	3	
5	29	1997	20.6	12.8	359	0	92.05	2	
5	30	1997	20.6	12.2	365	0	90.65	2	
5	31	1997	27.2	12.8	365	0	80.95	3	
6	1	1997	20	10.6	320	0	86.6	4	
6	2	1997	18.9	8.3	353	0	89.8	3	
6	3	1997	20.6	11.7	154	2.031	86.2	2	
6	4	1997	18.9	12.2	273	0	89.55	4	
6	5	1997	18.9	8.9	311	0	88.1	4	
6	6	1997	18.3	10	299	0	90.25	3	
6	7	1997	16.7	10	303	0	93.05	3	
6	8	1997	18.3	11.7	385	0	87.45	4	
6	9	1997	18.3	11.7	363	0	88.05	3	
6	10	1997	16.7	11.1	228	0	93.8	2	
6	11	1997	18.3	10	340	0	91.25	3	
6	12	1997	17.8	12.8	343	0	89.35	6	
6	13	1997	16.7	10	331	0	91.45	4	
6	14	1997	19.4	12.2	332	0	88.25	4	
6	15	1997	19.4	11.1	385	0	89.7	3	
6	16	1997	16.7	12.2	291	0	94.45	3	
6	17	1997	17.8	12.2	321	0	93.95	3	
6	18	1997	17.2	11.7	324	0	93.1	3	
6	19	1997	17.2	12.2	351	0	91.35	3	
6	20	1997	17.2	11.7	342	0	90.8	4	
6	21	1997	17.8	11.7	384	0	89.1	4	
6	22	1997	17.2	9.4	337	0	89.65	3	
6	23	1997	17.8	8.3	334	0	88.3	3	
6	24	1997	17.8	10	334	0	89.7	3	
6	25	1997	17.8	10	331	0	90.55	3	
6	26	1997	17.2	9.4	365	0	90.8	3	
6	27	1997	17.8	7.8	379	0	90.2	4	
6	28	1997	18.3	7.2	372	0	90.35	4	
6	29	1997	18.3	6.7	331	0	86	3	
6	30	1997	19.4	12.8	370	0	89.5	3	
7	1	1997	19.4	8.3	339	0	85.1	4	
7	2	1997	30.6	8.9	340	0	84.4	3	
7	3	1997	17.2	9.4	308	0	94.45	3	
7	4	1997	18.9	12.2	298	0	92.55	3	
7	5	1997	18.3	12.8	273	0	92.5	3	
7	6	1997	18.3	10.6	335	0	93.65	3	
7	7	1997	17.8	12.8	319	0	92.55	3	
7	8	1997	16.7	10.6	217	0	95.65	3	
7	9	1997	18.3	13.3	248	0	94.95	3	
7	10	1997	17.2	12.8	308	0	91.05	4	
7	11	1997	15.6	13.3	135	0	96.2	3	
7	12	1997	18.9	11.7	303	0	90.05	3	
7	13	1997	17.2	11.7	212	0	93.5	2	
7	14	1997	16.7	13.3	160	0	95.5	2	
7	15	1997	16.7	12.8	250	0	94.75	2	
7	16	1997	16.1	12.2	158	0	96.65	3	
7	17	1997	18.3	12.8	265	0	92.4	3	
7	18	1997	17.2	12.2	166	0	93.25	2	
7	19	1997	16.1	12.2	106	0	97.35	2	
7	20	1997	17.2	12.8	126	0	95.3	2	
7	21	1997	16.7	12.8	123	0	95.65	2	
7	22	1997	16.7	13.3	143	0	95.3	2	
7	23	1997	18.3	13.9	159	0	94.1	2	
7	24	1997	16.7	13.3	158	0	97.45	2	
7	25	1997	16.7	13.3	157	0	95.95	2	
7	26	1997	17.8	12.8	148	0	94.3	3	
7	27	1997	18.9	15	217	0	91	3	
7	28	1997	17.2	13.9	118	0	93.35	2	
7	29	1997	19.4	15	222	0	88.4	4	
7	30	1997	18.9	12.8	207	0	92.15	3	
7	31	1997	18.3	13.3	263	0	92.9	3	
8	1	1997	18.9	12.2	286	0	92.55	3	
8	2	1997	19.4	11.1	273	0	91.5	3	
8	3	1997	17.8	12.2	185	0	96.15	3	
8	4	1997	19.4	12.2	254	0	92.35	2	
8	5	1997	20	12.2	259	0	91.25	3	
8	6	1997	16.7	13.3	152	0	96.7	2	
8	7	1997	17.2	13.3	198	0	96.6	2	
8	8	1997	18.9	15	134	0	94.6	4	
8	9	1997	23.3	15.6	246	0	86.15	4	
8	10	1997	21.1	15	211	0	90.3	3	
8	11	1997	21.7	16.1	222	0	86.4	3	
8	12	1997	18.3	14.4	299	0	94.25	2	
8	13	1997	17.8	15.6	303	0	96.7	2	
8	14	1997	17.2	15	92	0	96.95	2	
8	15	1997	17.8	14.4	118	0	95.3	2	
8	16	1997	19.4	15	173	0	92.9	3	
8	17	1997	20.6	11.7	225	0	89.95	3	
8	18	1997	21.1	13.9	233	0	90.6	3	
8	19	1997	21.1	13.3	128	1.015	91.3	2	
8	20	1997	21.1	15.6	201	1.015	95.35	2	
8	21	1997	21.1	15	258	0	91.9	3	
8	22	1997	22.2	13.3	265	0	86.55	3	
8	23	1997	22.2	13.3	227	0	91.95	3	
8	24	1997	21.7	16.1	278	0	92.55	3	
8	25	1997	26.7	12.8	290	0	89.75	4	
8	26	1997	22.2	11.1	293	0	90.75	2	
8	27	1997	21.7	13.3	294	0	91.55	3	
8	28	1997	21.7	11.1	291	0	90.6	3	
8	29	1997	21.7	13.3	260	0	91.4	3	
8	30	1997	21.1	11.7	228	0	91.4	2	
8	31	1997	21.7	12.2	258	0	90.5	3	
9	1	1997	21.1	12.8	274	0	91.05	3	
9	2	1997	21.1	13.3	188	0	92.65	2	
9	3	1997	21.7	14.4	258	0	91.5	2	
9	4	1997	20.6	15.6	237	0	94.8	2	
9	5	1997	20.6	15	247	0	93.9	3	
9	6	1997	19.4	14.4	223	0	93.7	2	
9	7	1997	20.6	12.8	258	0	91.55	3	
9	8	1997	21.7	12.8	252	0	91.35	2	
9	9	1997	20.6	14.4	255	0	93.35	2	
9	10	1997	21.7	11.7	261	0	90.6	2	
9	11	1997	21.1	13.3	234	0	93.65	2	
9	12	1997	20	13.3	198	0	94	2	
9	13	1997	20	11.1	209	0	92.55	2	
9	14	1997	21.7	11.1	245	0	90.55	3	
9	15	1997	21.7	10.6	252	0	88.35	3	
9	16	1997	23.3	10	248	0	80.6	3	
9	17	1997	20.6	11.7	192	0	89.65	2	
9	18	1997	20	11.1	225	0	90.45	2	
9	19	1997	20	9.4	230	0	88.45	2	
9	20	1997	26.7	8.9	245	0	75.05	2	
9	21	1997	18.9	11.7	223	0	92.7	2	
9	22	1997	19.4	11.1	228	0	92.4	2	
9	23	1997	32.2	11.1	230	0	68.8	2	
9	24	1997	30.6	13.3	213	0	70.75	2	
9	25	1997	20	15.6	201	0	95.5	3	
9	26	1997	21.1	12.8	223	0	90.75	3	
9	27	1997	21.1	9.4	224	0	88.65	2	
9	28	1997	32.2	8.9	224	0	62.6	2	
9	29	1997	26.7	12.2	158	0	76.35	2	
9	30	1997	18.9	10.6	158	0	94.5	2	
10	1	1997	19.4	10	103	0	94.05	2	
10	2	1997	20.6	12.2	209	1.015	87.9	3	
10	3	1997	20.6	8.3	212	0	88.5	2	
10	4	1997	21.7	11.7	209	0	87.95	2	
10	5	1997	21.1	8.9	207	0	86.6	3	
10	6	1997	18.3	12.8	202	0	84.65	5	
10	7	1997	17.8	6.1	200	0	84.4	4	
10	8	1997	19.4	6.1	193	1.015	85.25	2	
10	9	1997	17.2	10	103	2.031	93.65	2	
10	10	1997	16.1	7.8	110	14.97	91.25	2	
10	11	1997	17.2	6.1	209	0	88.15	3	
10	12	1997	18.9	5	206	0	81.1	2	
10	13	1997	27.2	6.1	207	0	66.45	2	
10	14	1997	31.7	8.9	207	0	62.4	2	
10	15	1997	33.3	11.1	206	0	57.5	2	
10	16	1997	33.3	13.3	202	0	64.8	3	
10	17	1997	18.9	7.8	192	0	89.5	2	
10	18	1997	16.7	11.1	128	0	96.6	2	
10	19	1997	16.1	13.3	63	0	91.8	3	
10	20	1997	17.2	11.7	139	0	87.6	2	
10	21	1997	16.7	12.8	130	0	92.2	2	
10	22	1997	15.6	12.2	62	0	96.05	2	
10	23	1997	17.2	11.1	119	0	92.8	2	
10	24	1997	18.9	6.7	151	0	79.05	2	
10	25	1997	23.3	3.9	180	0	62.2	2	
10	26	1997	24.4	4.4	176	0	59.1	2	
10	27	1997	18.3	3.9	159	0	73	2	
10	28	1997	22.2	6.7	155	0	73.85	2	
10	29	1997	18.9	4.4	169	0	82.5	2	
10	30	1997	20	7.8	166	0	93.05	2	
10	31	1997	21.1	11.1	164	0	92.9	2	
11	1	1997	27.2	9.4	168	0	75.5	2	
11	2	1997	32.2	11.1	168	0	65.3	2	
11	3	1997	27.2	10.6	115	0	67.8	2	
11	4	1997	24.4	13.9	135	0	76.05	3	
11	5	1997	20.6	9.4	146	0	86.15	2	
11	6	1997	17.8	8.9	116	0	93.75	2	
11	7	1997	17.8	7.2	153	1.015	85.65	3	
11	8	1997	16.1	2.8	146	0	85.15	2	
11	9	1997	18.3	6.7	108	0	85.4	2	
11	10	1997	17.8	12.2	122	10.91	93.05	3	
11	11	1997	16.1	10.6	84	1.015	90.7	2	
11	12	1997	16.7	5.6	143	0	85.55	1	
11	13	1997	17.2	10.6	112	7.107	91.7	2	
11	14	1997	17.8	8.3	134	13.95	89.3	2	
11	15	1997	15.6	7.2	66	17	94.9	3	
11	16	1997	15	7.8	66	10.91	96.25	2	
11	17	1997	17.2	8.3	130	0	93.55	2	
11	18	1997	16.1	8.3	43	5.076	91.9	2	
11	19	1997	17.2	8.9	79	8.883	92.15	2	
11	20	1997	17.2	5	137	0	90.1	1	
11	21	1997	17.8	5.6	95	0	83.25	3	
11	22	1997	21.1	10	104	0	80.85	3	
11	23	1997	19.4	12.8	111	3.046	94.65	2	
11	24	1997	19.4	10.6	108	1.015	88.75	2	
11	25	1997	20.6	11.7	102	18.02	87.7	2	
11	26	1997	14.4	10.6	43	45.93	92.85	4	
11	27	1997	16.7	8.9	113	4.061	88.35	2	
11	28	1997	17.2	5	126	1.015	86.4	1	
11	29	1997	16.7	7.8	49	0	91.55	2	
11	30	1997	13.9	7.2	47	8.883	92.7	2	
12	1	1997	16.7	5	125	1.015	87.7	1	
12	2	1997	16.7	5	110	0	90.65	2	
12	3	1997	16.7	7.8	67	0	92.7	3	
12	4	1997	16.1	11.7	26	2.031	84.1	4	
12	5	1997	16.1	12.2	69	27.91	93.1	5	
12	6	1997	16.1	10	55	2.031	94.35	3	
12	7	1997	15	10	29	23.09	89.05	4	
12	8	1997	12.8	4.4	76	8.122	87.05	3	
12	9	1997	13.9	1.7	125	1.015	83.8	1	
12	10	1997	14.4	0.6	123	0	78.1	3	
12	11	1997	16.7	3.9	123	0	83	2	
12	12	1997	17.2	4.4	98	0	78.1	2	
12	13	1997	15	5	51	0	73.4	2	
12	14	1997	15	5.6	43	26.9	89.6	3	
12	15	1997	14.4	2.8	118	0	90.05	1	
12	16	1997	15.6	3.9	104	0	82.7	1	
12	17	1997	17.2	6.1	104	0	88.45	2	
12	18	1997	15	5	97	0	76.45	2	
12	19	1997	17.2	2.2	121	0	69.55	2	
12	20	1997	14.4	2.2	87	0	88.1	2	
12	21	1997	13.3	2.2	116	0	73.35	2	
12	22	1997	13.3	0.6	121	0	66.15	3	
12	23	1997	15.6	0	122	0	71.85	2	
12	24	1997	15	-0.6	120	0	69.7	3	
12	25	1997	13.3	-1.1	123	0	68.65	2	
12	26	1997	15.6	-0.6	122	0	70.9	2	
12	27	1997	14.4	-1.1	121	0	72.75	2	
12	28	1997	17.8	1.1	118	0	70.1	3	
12	29	1997	19.4	6.1	103	0	66.55	3	
12	30	1997	20	5.6	110	0	76.95	1	
12	31	1997	18.3	7.2	107	0	88.1	1	
1	1	1998	14.4	7.8	69	0	94.4	1	
1	2	1998	16.7	8.3	87	8.122	94.05	3	
1	3	1998	15	7.8	65	6.091	91.8	3	
1	4	1998	13.3	3.3	96	15.99	88.55	2	
1	5	1998	13.3	2.2	129	0	84.2	1	
1	6	1998	12.8	1.1	88	1.015	86.4	2	
1	7	1998	15.6	8.9	86	0	91.9	3	
1	8	1998	15.6	9.4	60	0	92.75	2	
1	9	1998	15	10.6	24	39.84	95.75	3	
1	10	1998	14.4	10	47	15.99	99.25	3	
1	11	1998	15.6	10.6	60	12.94	93.9	2	
1	12	1998	16.1	8.3	31	15.99	98.05	3	
1	13	1998	14.4	5.6	99	1.015	93.9	1	
1	14	1998	12.8	8.9	31	4.061	95.35	3	
1	15	1998	16.1	11.1	32	26.9	100	4	
1	16	1998	16.7	13.3	62	1.015	98.15	1	
1	17	1998	18.3	9.4	132	0	95.15	1	
1	18	1998	18.9	8.3	77	19.03	92.7	3	
1	19	1998	13.3	6.1	90	7.107	92.55	2	
1	20	1998	13.3	4.4	83	0	90.75	1	
1	21	1998	15	2.8	133	1.015	78.2	1	
1	22	1998	16.1	3.3	140	0	83.5	2	
1	23	1998	15	5.6	73	0	93.1	2	
1	24	1998	18.9	7.2	133	0	91.3	2	
1	25	1998	18.9	5	129	0	84.15	2	
1	26	1998	16.7	8.9	98	0	91.65	2	
1	27	1998	17.2	8.3	140	1.015	93.9	2	
1	28	1998	17.8	8.9	98	6.091	92.05	3	
1	29	1998	16.1	7.2	98	20.05	92.85	3	
1	30	1998	16.7	5	153	0	87.35	3	
1	31	1998	16.1	10	121	3.046	90.75	3	
2	1	1998	15	10	27	24.87	97.3	4	
2	2	1998	16.1	11.7	19	40.86	95.45	4	
2	3	1998	13.9	8.3	58	45.93	91.05	3	
2	4	1998	15	8.3	116	7.107	91.05	2	
2	5	1998	14.4	10.6	43	2.031	86.25	5	
2	6	1998	15	8.9	40	40.86	81.85	5	
2	7	1998	15.6	8.9	29	22.08	94.45	5	
2	8	1998	12.2	5.6	26	23.85	98.3	2	
2	9	1998	13.9	3.3	170	0	89.2	1	
2	10	1998	11.7	5	46	4.061	93.4	3	
2	11	1998	16.1	6.7	159	0	89.6	2	
2	12	1998	12.8	8.3	41	5.076	96.9	3	
2	13	1998	16.7	8.9	159	0	91.4	1	
2	14	1998	15.6	8.9	84	17	89.25	4	
2	15	1998	13.9	5.6	182	11.92	89.6	2	
2	16	1998	12.2	5	38	21.06	95.9	4	
2	17	1998	14.4	6.1	173	2.031	91.35	3	
2	18	1998	15.6	3.3	176	0	87.3	1	
2	19	1998	12.2	5	29	22.08	94.2	3	
2	20	1998	12.8	2.8	164	3.046	89.4	1	
2	21	1998	14.4	7.8	28	18.02	94.35	4	
2	22	1998	13.9	7.2	124	6.091	90.75	1	
2	23	1998	14.4	6.7	113	13.95	87.4	4	
2	24	1998	14.4	3.3	159	0	90.85	3	
2	25	1998	14.4	6.7	141	0	89.1	3	
2	26	1998	14.4	5.6	200	0	86.7	3	
2	27	1998	15.6	8.3	158	0	94.6	2	
2	28	1998	16.1	7.8	180	0	88.5	2	
3	1	1998	16.1	7.8	155	0	91.25	2	
3	2	1998	15.6	8.3	209	0	89.85	2	
3	3	1998	14.4	5.6	191	0	82.45	3	
3	4	1998	14.4	2.8	209	1.015	81.9	2	
3	5	1998	10.6	3.3	46	9.899	93.05	3	
3	6	1998	13.9	3.9	231	0	84.1	3	
3	7	1998	13.3	1.7	93	1.015	84.8	2	
3	8	1998	16.1	8.3	216	0	86.85	3	
3	9	1998	20	6.7	236	0	74.95	3	
3	10	1998	21.7	6.1	236	0	75.8	2	
3	11	1998	22.2	5	231	0	78.6	2	
3	12	1998	16.1	7.8	81	2.031	92.2	2	
3	13	1998	15.6	8.3	213	11.92	92.3	2	
3	14	1998	16.1	5.6	193	0	95.45	2	
3	15	1998	16.1	12.8	183	0	93.4	2	
3	16	1998	15.6	10	145	2.031	96.95	2	
3	17	1998	15	6.7	139	0	92.95	1	
3	18	1998	17.8	6.7	194	0	95.95	2	
3	19	1998	15	11.7	75	0	96.65	2	
3	20	1998	15	12.8	69	0	93.75	1	
3	21	1998	16.7	11.7	166	0	93.05	2	
3	22	1998	18.3	10	193	0	91.95	2	
3	23	1998	22.2	6.7	166	5.076	82.2	3	
3	24	1998	17.2	12.2	134	23.85	98	2	
3	25	1998	16.1	11.1	250	3.046	92.1	3	
3	26	1998	15	11.1	214	0	88.45	4	
3	27	1998	15	7.8	194	7.107	92	3	
3	28	1998	12.8	5.6	212	2.031	83.8	4	
3	29	1998	15	1.1	272	0	81.5	3	
3	30	1998	15	4.4	271	0	90.55	3	
3	31	1998	12.2	7.2	117	20.05	93.15	3	
4	1	1998	13.9	6.1	223	4.061	90.65	4	
4	2	1998	15.6	9.4	189	1.015	83.75	2	
4	3	1998	14.4	7.8	163	15.99	88.9	3	
4	4	1998	15	8.3	231	1.015	89.7	3	
4	5	1998	15	7.2	269	0	87.45	3	
4	6	1998	14.4	8.9	222	3.046	89.45	2	
4	7	1998	14.4	6.7	303	0	86.95	4	
4	8	1998	14.4	3.3	285	0	85.55	2	
4	9	1998	17.8	7.2	278	0	87.9	3	
4	10	1998	16.7	7.8	250	0	89.85	3	
4	11	1998	14.4	10	146	9.899	87.9	3	
4	12	1998	14.4	7.8	297	3.046	84.45	3	
4	13	1998	13.3	7.2	266	14.97	88.15	3	
4	14	1998	13.3	5	306	2.031	86.05	2	
4	15	1998	15	2.2	310	0	86.9	3	
4	16	1998	15.6	2.8	308	0	89.85	2	
4	17	1998	15.6	4.4	313	0	92.3	3	
4	18	1998	16.1	7.8	284	0	89.95	2	
4	19	1998	16.1	5.6	278	0	93.9	2	
4	20	1998	16.7	9.4	284	0	93.2	2	
4	21	1998	26.7	8.3	307	1.015	79.2	2	
4	22	1998	18.9	8.9	279	0	91.75	2	
4	23	1998	18.9	10.6	171	0	89.2	3	
4	24	1998	16.1	9.4	298	0	90.55	4	
4	25	1998	16.7	4.4	300	0	90.05	2	
4	26	1998	17.8	6.7	297	0	91.4	2	
4	27	1998	17.2	10	257	0	94.55	2	
4	28	1998	20.6	10.6	279	0	92.55	2	
4	29	1998	18.9	11.1	198	0	96.5	2	
4	30	1998	21.1	11.7	295	3.046	82.65	3	
5	1	1998	21.1	13.3	144	2.031	86.85	4	
5	2	1998	20.6	10.6	200	0	87.65	2	
5	3	1998	22.2	9.4	247	5.076	80.2	3	
5	4	1998	18.3	13.3	267	8.122	96	2	
5	5	1998	18.3	11.7	213	4.061	94.4	2	
5	6	1998	18.3	11.7	259	0	94.35	2	
5	7	1998	16.7	12.2	174	0.508	95.25	-1	
5	8	1998	16.1	11.7	164	0	93.8	4	
5	9	1998	16.1	6.7	337	0	87.3	4	
5	10	1998	16.7	5.6	336	0	88	3	
5	11	1998	14.4	7.8	144	0	89.35	2	
5	12	1998	15.6	9.4	247	9.899	87.2	3	
5	13	1998	16.7	9.4	270	1.015	91.1	3	
5	14	1998	17.2	8.9	327	0	85.75	3	
5	15	1998	17.8	6.1	326	0	84.7	4	
5	16	1998	16.7	6.7	314	1.015	85.3	3	
5	17	1998	17.2	4.4	355	0	83.35	3	
5	18	1998	17.8	4.4	351	0	84.1	2	
5	19	1998	17.2	7.8	347	0	87.05	4	
5	20	1998	16.7	7.2	334	0	84.4	5	
5	21	1998	17.2	5.6	346	0	86.55	4	
5	22	1998	16.7	5.6	333	0	88.05	4	
5	23	1998	18.3	11.1	324	0	89.4	4	
5	24	1998	18.9	8.9	312	0	86.8	3	
5	25	1998	17.8	11.7	315	0	81.45	6	
5	26	1998	17.2	6.1	308	0	77.8	4	
5	27	1998	21.1	7.2	148	0	75.65	4	
5	28	1998	16.7	11.1	96	7.107	86.35	4	
5	29	1998	17.2	10	297	1.015	88.85	4	
5	30	1998	18.3	7.2	343	0	89.7	4	
5	31	1998	17.2	8.3	286	0	91.4	3	
6	1	1998	17.8	10.6	213	0	87.2	3	
6	2	1998	19.4	10	267	0	90.1	3	
6	3	1998	18.9	15	179	0	89.5	4	
6	4	1998	18.3	11.7	252	0	87.25	4	
6	5	1998	18.3	10	296	0	89.5	4	
6	6	1998	17.8	13.9	105	0	88.2	4	
6	7	1998	17.8	13.9	233	1.015	92.85	4	
6	8	1998	18.9	13.9	266	2.031	91.75	4	
6	9	1998	17.2	13.9	159	0	92.4	3	
6	10	1998	18.3	13.9	211	0	92.8	4	
6	11	1998	17.8	10	232	0	87.85	4	
6	12	1998	18.9	9.4	257	0	89.1	3	
6	13	1998	18.9	12.2	255	1.015	90.1	3	
6	14	1998	20	9.4	350	0	91.1	3	
6	15	1998	20	10	338	0	92.05	3	
6	16	1998	18.3	13.9	297	0	89.35	4	
6	17	1998	19.4	8.3	328	0	91.55	3	
6	18	1998	17.8	12.8	244	0	92.25	3	
6	19	1998	17.8	12.8	203	0	88.4	3	
6	20	1998	18.9	13.3	270	0	82.85	4	
6	21	1998	18.9	14.4	260	0	85.25	4	
6	22	1998	17.2	13.3	150	0	92.75	3	
6	23	1998	16.7	13.9	142	0	92.35	4	
6	24	1998	18.3	13.9	233	0	91.35	4	
6	25	1998	18.3	11.7	338	0	89.75	4	
6	26	1998	18.3	8.3	359	0	90.3	3	
6	27	1998	17.8	11.1	320	0	93.45	3	
6	28	1998	17.8	12.2	201	0	91.9	3	
6	29	1998	18.9	10.6	255	0	90.15	3	
6	30	1998	18.3	11.1	297	0	90.95	3	
7	1	1998	17.2	9.4	286	0	92.6	4	
7	2	1998	16.1	13.3	142	0	96.8	4	
7	3	1998	15.6	12.8	125	0	95.8	3	
7	4	1998	15.6	12.2	139	0	94.8	2	
7	5	1998	15.6	11.7	167	0	95.25	2	
7	6	1998	16.7	12.2	258	0	96.1	2	
7	7	1998	16.7	11.7	274	0	96.35	2	
7	8	1998	15.6	11.7	163	0	97.05	3	
7	9	1998	18.3	11.7	324	0	95	3	
7	10	1998	17.8	12.8	332	0	91.8	3	
7	11	1998	18.3	11.7	337	0	92.9	3	
7	12	1998	18.3	11.7	332	0	92.95	3	
7	13	1998	16.7	11.7	334	0	95.7	3	
7	14	1998	18.3	11.1	329	0	93.8	2	
7	15	1998	20.6	10	323	0	89.95	2	
7	16	1998	28.9	13.3	323	0	-1	-1	
7	17	1998	22.8	12.2	319	0	-1	-1	
7	18	1998	26.1	11.7	331	0	-1	-1	
7	19	1998	24.4	12.8	329	0	-1	-1	
7	20	1998	20	12.2	320	0	-1	3	
7	21	1998	20	12.8	318	0	-1	3	
7	22	1998	20	12.8	319	0	-1	3	
7	23	1998	18.3	14.4	318	0	91.4	2	
7	24	1998	17.8	14.4	166	0	93.85	2	
7	25	1998	17.8	14.4	187	0	95.6	2	
7	26	1998	17.8	11.7	209	0	95.1	2	
7	27	1998	18.3	12.2	253	0	95.1	3	
7	28	1998	18.9	12.8	312	0	93.4	3	
7	29	1998	19.4	14.4	249	0	92.9	3	
7	30	1998	21.1	12.8	307	0	91.45	3	
7	31	1998	19.4	12.2	270	0	91.3	2	
8	1	1998	19.4	13.9	272	0	96.65	2	
8	2	1998	22.2	12.8	302	0	92.15	2	
8	3	1998	21.1	12.8	334	0	91.65	2	
8	4	1998	21.1	13.3	328	0	92.45	2	
8	5	1998	17.8	14.4	184	0	97.65	2	
8	6	1998	17.2	13.3	171	0	96.55	2	
8	7	1998	17.8	12.2	234	0	95.15	2	
8	8	1998	17.8	12.8	205	0	95.6	2	
8	9	1998	17.2	12.8	290	0	96.5	2	
8	10	1998	18.9	10	314	0	95.25	2	
8	11	1998	19.4	11.7	306	0	96.5	2	
8	12	1998	17.8	13.3	263	0	97.9	2	
8	13	1998	17.8	14.4	255	0	97.85	2	
8	14	1998	20	14.4	194	0	96.75	2	
8	15	1998	16.7	13.9	115	0	98.4	2	
8	16	1998	18.3	13.9	200	0	93.75	2	
8	17	1998	18.3	14.4	283	0	93.2	3	
8	18	1998	18.3	14.4	214	0	93.3	3	
8	19	1998	17.8	14.4	135	0	93.65	2	
8	20	1998	18.9	12.2	271	0	91.65	2	
8	21	1998	17.8	12.2	231	0	95.55	2	
8	22	1998	16.7	11.7	236	0	97.6	2	
8	23	1998	18.3	11.1	276	0	94.85	2	
8	24	1998	16.7	13.3	166	0	97.9	2	
8	25	1998	16.7	13.3	114	0	96.4	2	
8	26	1998	17.2	13.3	177	0	95.6	2	
8	27	1998	18.3	12.8	240	0	95.45	2	
8	28	1998	18.3	13.3	258	0	96.7	1	
8	29	1998	18.9	12.2	249	0	95.05	0	
8	30	1998	17.2	12.8	229	0	96.9	1	
8	31	1998	15.6	11.7	188	0	99.3	0	
9	1	1998	16.7	12.2	228	0	99.45	1	
9	2	1998	17.2	12.8	214	0	98.7	1	
9	3	1998	18.9	13.9	247	0	96.8	1	
9	4	1998	18.3	14.4	136	0	98.9	1	
9	5	1998	22.8	16.1	267	0	93.8	1	
9	6	1998	22.2	15.6	224	0	91.2	1	
9	7	1998	21.7	15.6	262	0	93.5	1	
9	8	1998	16.7	14.4	80	0	96.75	1	
9	9	1998	18.3	14.4	226	0	89.1	3	
9	10	1998	20	9.4	276	0	89.15	1	
9	11	1998	25	8.9	271	0	81.65	1	
9	12	1998	20	10.6	254	0	92.7	1	
9	13	1998	18.3	11.1	177	0	97.75	1	
9	14	1998	17.8	14.4	93	0	97.65	1	
9	15	1998	17.8	14.4	102	0	96.4	1	
9	16	1998	17.8	12.8	161	0	96.1	1	
9	17	1998	18.3	12.2	170	0	96.15	1	
9	18	1998	20	11.7	254	0	91.2	2	
9	19	1998	19.4	8.3	266	0	94.85	1	
9	20	1998	16.1	13.3	105	0	95.45	1	
9	21	1998	17.2	13.9	99	1.015	94.6	1	
9	22	1998	20	11.1	149	0	85.3	1	
9	23	1998	20	11.1	241	0	86.1	1	
9	24	1998	18.3	9.4	203	0	92.4	2	
9	25	1998	17.8	13.9	117	0	92.35	1	
9	26	1998	18.3	10	144	2.031	92.6	2	
9	27	1998	18.9	8.9	209	1.015	87.9	1	
9	28	1998	18.9	12.8	201	0	91.75	1	
9	29	1998	16.1	12.2	68	0	97.9	1	
9	30	1998	16.7	13.9	78	0	95.55	1	
10	1	1998	16.7	13.9	72	0	95.75	1	
10	2	1998	18.3	10.6	225	0	91.45	3	
10	3	1998	17.8	5.6	231	0	89.1	3	
10	4	1998	19.4	5.6	228	0	85.35	1	
10	5	1998	27.8	7.2	229	0	66.65	1	
10	6	1998	25	8.9	208	0	63.9	1	
10	7	1998	23.3	7.2	188	0	87.7	2	
10	8	1998	18.3	7.8	182	0	94.4	2	
10	9	1998	18.3	5.6	222	0	91.1	3	
10	10	1998	17.2	4.4	222	0	87.75	2	
10	11	1998	17.8	5	220	0	87.55	2	
10	12	1998	17.2	7.2	131	0	86.65	2	
10	13	1998	18.3	6.7	186	0	91.05	2	
10	14	1998	17.2	7.8	152	0	92.8	3	
10	15	1998	16.7	6.1	201	0	89.35	2	
10	16	1998	19.4	2.8	207	0	79.4	2	
10	17	1998	21.1	3.9	207	0	70.8	2	
10	18	1998	16.1	3.3	196	0	79.3	2	
10	19	1998	25	5	195	0	74.35	2	
10	20	1998	26.7	8.3	193	0	68.45	2	
10	21	1998	25.6	8.9	178	0	71	2	
10	22	1998	16.1	8.9	157	0	91.6	2	
10	23	1998	15	7.8	126	0	91.95	2	
10	24	1998	14.4	7.2	35	14.97	94.3	2	
10	25	1998	16.1	9.4	165	0	91.4	2	
10	26	1998	18.3	7.2	179	0	87	2	
10	27	1998	16.1	11.7	136	0	88.7	2	
10	28	1998	16.1	11.7	56	0	89.5	1	
10	29	1998	15	7.8	111	0	89.5	2	
10	30	1998	15	4.4	179	3.046	89.6	2	
10	31	1998	18.9	4.4	166	0	79.55	2	
11	1	1998	16.7	6.7	148	0	88.45	2	
11	2	1998	15	5	168	0	88.4	2	
11	3	1998	18.3	3.9	159	0	76.35	1	
11	4	1998	18.3	8.9	67	0	93.95	2	
11	5	1998	16.1	5.6	170	0	86.05	3	
11	6	1998	15.6	1.7	96	0	89.25	2	
11	7	1998	16.1	8.3	45	6.091	95.25	3	
11	8	1998	14.4	5	87	1.015	89.95	1	
11	9	1998	15	3.9	168	0	83	2	
11	10	1998	12.8	6.7	34	5.076	88.95	3	
11	11	1998	15	5.6	154	1.015	89.65	2	
11	12	1998	17.2	2.8	158	0	83.1	2	
11	13	1998	18.9	5	136	0	80	2	
11	14	1998	15	3.9	155	0	88.9	1	
11	15	1998	19.4	4.4	151	0	81.55	2	
11	16	1998	18.9	7.8	107	1.015	85.7	2	
11	17	1998	16.1	7.8	140	7.107	87.4	2	
11	18	1998	14.4	3.3	148	0	87.75	1	
11	19	1998	16.7	2.8	148	0	82.4	2	
11	20	1998	15	2.8	147	0	82.8	1	
11	21	1998	18.9	4.4	140	0	78.9	2	
11	22	1998	18.3	11.1	131	2.031	90.5	2	
11	23	1998	19.4	10	69	2.031	86.05	3	
11	24	1998	15.6	7.2	129	1.015	88	1	
11	25	1998	16.7	3.3	141	0	87.6	2	
11	26	1998	20.6	2.2	124	0	83.4	2	
11	27	1998	13.9	10	25	3.046	96.8	1	
11	28	1998	13.9	8.9	122	1.015	90.25	2	
11	29	1998	14.4	8.3	33	2.031	94	4	
11	30	1998	16.7	11.1	46	6.091	93.5	4	
12	1	1998	14.4	6.1	118	0	93.35	2	
12	2	1998	16.1	6.1	84	1.015	91	1	
12	3	1998	12.8	2.8	50	5.076	89.4	3	
12	4	1998	11.7	2.8	77	0	82	2	
12	5	1998	11.7	-0.6	104	5.076	80.3	2	
12	6	1998	12.2	1.7	131	0	75.4	4	
12	7	1998	12.8	1.1	113	0	79.2	2	
12	8	1998	13.3	1.7	83	1.015	93.85	2	
12	9	1998	14.4	1.1	132	0	74.45	3	
12	10	1998	16.1	2.2	119	0	75.2	2	
12	11	1998	15.6	1.1	105	0	77.95	1	
12	12	1998	19.4	3.3	117	0	74.1	2	
12	13	1998	16.7	5	96	0	88.75	3	
12	14	1998	13.9	3.9	117	1.015	84	2	
12	15	1998	18.9	2.8	132	0	74.25	2	
12	16	1998	22.2	7.8	128	0	65.95	4	
12	17	1998	23.3	4.4	129	1.015	73.4	2	
12	18	1998	13.3	2.8	47	0	93.25	2	
12	19	1998	11.1	6.1	121	0	72	4	
12	20	1998	7.8	-1.7	66	3.046	82.15	3	
12	21	1998	8.3	-3.3	134	0	65.45	3	
12	22	1998	8.9	-2.8	128	0	66.85	2	
12	23	1998	10.6	-4.4	131	0	64.85	2	
12	24	1998	12.2	-2.8	126	0	60.4	2	
12	25	1998	14.4	-1.1	127	0	64.65	2	
12	26	1998	15	-1.7	105	0	76.75	2	
12	27	1998	16.1	-1.7	114	0	84.6	2	
12	28	1998	13.9	1.1	121	0	91.35	1	
12	29	1998	14.4	1.1	120	0	87.45	2	
12	30	1998	13.3	1.1	114	0	87.4	2	
12	31	1998	13.9	1.7	101	0	91.95	2	
1	1	1999	17.2	0	136	0	70	3	
1	2	1999	19.4	1.7	129	0	67.75	4	
1	3	1999	22.2	4.4	129	0	53.8	3	
1	4	1999	22.2	3.9	121	0	54.9	2	
1	5	1999	21.1	2.8	131	0	62.95	2	
1	6	1999	15.6	1.1	136	0	73.2	2	
1	7	1999	13.3	3.9	111	0	89.05	2	
1	8	1999	17.2	-0.6	138	0	66.7	3	
1	9	1999	20.6	0	139	0	64.9	3	
1	10	1999	23.3	0.6	131	0	61.15	2	
1	11	1999	17.2	1.7	116	0	74.4	2	
1	12	1999	15.6	1.1	121	0	85.4	2	
1	13	1999	13.9	5	104	0	86.6	2	
1	14	1999	17.2	4.4	101	0	79.4	2	
1	15	1999	19.4	9.4	113	5.076	84.15	2	
1	16	1999	13.9	10.6	48	1.015	100	1	
1	17	1999	16.1	10	112	0	94.1	3	
1	18	1999	16.1	11.7	38	25.88	94.9	3	
1	19	1999	17.8	12.8	57	6.091	95.55	3	
1	20	1999	14.4	11.7	23	8.122	98.35	3	
1	21	1999	14.4	7.2	125	0	91.15	2	
1	22	1999	15.6	6.7	93	1.015	88.15	2	
1	23	1999	13.3	5.6	46	4.061	93.8	3	
1	24	1999	11.1	0	156	1.015	82.2	2	
1	25	1999	11.1	5	71	0	88.3	2	
1	26	1999	10.6	2.2	72	8.883	95.1	3	
1	27	1999	13.3	0	158	0	83.05	1	
1	28	1999	12.8	0.6	163	0	87.85	1	
1	29	1999	18.3	1.1	166	0	71.75	2	
1	30	1999	15	1.7	103	1.015	81.6	2	
1	31	1999	12.2	2.2	130	20.05	90.35	4	
2	1	1999	13.3	0	165	0	85.25	2	
2	2	1999	15.6	0.6	170	0	79.15	2	
2	3	1999	13.3	3.3	168	0	88	2	
2	4	1999	13.3	2.2	110	0	87.75	1	
2	5	1999	12.8	1.7	157	0	88.2	2	
2	6	1999	11.7	5.6	32	25.88	92.2	3	
2	7	1999	14.4	10.6	29	10.91	99.25	3	
2	8	1999	17.2	11.1	92	2.031	98.45	2	
2	9	1999	15	3.3	105	17	88.25	5	
2	10	1999	11.7	0.6	184	0	82	2	
2	11	1999	16.1	0	184	0	71.75	2	
2	12	1999	16.1	2.2	126	0	71.35	2	
2	13	1999	16.7	1.7	147	1.015	77.45	2	
2	14	1999	12.2	2.8	116	0	90.05	2	
2	15	1999	13.9	2.2	155	0	90.6	2	
2	16	1999	13.3	6.7	41	11.92	94	2	
2	17	1999	17.8	7.2	170	8.122	97.05	2	
2	18	1999	15	6.7	72	1.015	97.2	2	
2	19	1999	16.1	3.3	198	0	86	2	
2	20	1999	13.3	5	46	18.02	91.35	3	
2	21	1999	12.8	5.6	198	1.015	88.2	2	
2	22	1999	14.4	5	200	0	91.65	2	
2	23	1999	18.3	3.9	203	0	82.95	2	
2	24	1999	14.4	3.9	164	0	93.95	1	
2	25	1999	13.9	6.7	182	4.061	90.05	3	
2	26	1999	12.8	2.8	201	0	88.95	2	
2	27	1999	20	3.3	205	0	77.45	2	
2	28	1999	19.4	4.4	174	0	84	2	
3	1	1999	16.1	6.7	182	1.015	93	2	
3	2	1999	18.3	5	219	1.015	90.3	2	
3	3	1999	13.9	8.3	168	8.883	91.6	4	
3	4	1999	12.8	1.1	231	0	83.85	3	
3	5	1999	11.7	0.6	165	0	91.75	2	
3	6	1999	12.8	2.8	140	0	89.8	2	
3	7	1999	12.8	0	235	0	90.3	3	
3	8	1999	12.2	4.4	65	1.015	88.4	2	
3	9	1999	11.7	5	234	19.54	87.05	3	
3	10	1999	11.1	1.1	189	0	85.7	2	
3	11	1999	13.3	3.9	234	1.269	89.5	3	
3	12	1999	13.9	0.6	239	0	89.15	2	
3	13	1999	13.3	2.8	180	0	95.15	2	
3	14	1999	16.1	3.9	90	2.031	87.75	3	
3	15	1999	11.7	6.1	87	15.22	93.85	1	
3	16	1999	14.4	7.2	172	0	91.8	3	
3	17	1999	14.4	7.2	161	0	92.35	2	
3	18	1999	16.1	8.9	191	0	88.4	3	
3	19	1999	11.7	8.9	43	0	94.1	4	
3	20	1999	15	6.7	121	1.777	89.9	3	
3	21	1999	15.6	5.6	250	0	88.3	2	
3	22	1999	14.4	4.4	193	5.838	87.15	2	
3	23	1999	13.3	5	253	6.345	91.85	3	
3	24	1999	17.2	5	118	0	87.65	3	
3	25	1999	15	10.6	203	11.42	97.25	3	
3	26	1999	14.4	6.1	267	0	93	4	
3	27	1999	13.9	1.7	271	0	86.85	3	
3	28	1999	14.4	1.1	273	0	81.85	2	
3	29	1999	14.4	2.2	241	0	87.4	3	
3	30	1999	12.8	3.9	277	0	84.75	3	
3	31	1999	12.2	5.6	262	5.838	88	4	
4	1	1999	12.8	0	287	0	86.1	3	
4	2	1999	15.6	2.8	293	0	81.95	2	
4	3	1999	12.2	6.7	264	0	81.5	6	
4	4	1999	12.8	1.7	298	0	75.2	4	
4	5	1999	11.1	5.6	72	0	93.75	2	
4	6	1999	12.8	3.9	169	0	89.4	2	
4	7	1999	12.2	3.3	90	0	96.4	2	
4	8	1999	11.7	4.4	214	0	89.15	4	
4	9	1999	12.2	0.6	303	0	86	3	
4	10	1999	13.3	1.7	183	0	85.85	2	
4	11	1999	13.3	7.8	127	0	90.85	3	
4	12	1999	13.9	3.9	264	0	95.15	2	
4	13	1999	13.3	9.4	198	0	95.65	2	
4	14	1999	22.2	8.3	302	0	87.95	2	
4	15	1999	28.9	8.3	295	0	75.65	2	
4	16	1999	28.9	10	278	0	75.4	2	
4	17	1999	22.2	8.3	296	0	80.5	2	
4	18	1999	16.1	8.9	275	0	95.05	2	
4	19	1999	17.2	8.3	280	0	91.15	2	
4	20	1999	14.4	6.7	299	0	94.15	3	
4	21	1999	14.4	5	313	0	88.85	4	
4	22	1999	17.2	7.2	316	0	88.2	4	
4	23	1999	21.1	7.2	324	0	74.1	2	
4	24	1999	15.6	10	304	0	93.5	4	
4	25	1999	15	10.6	216	0	91.45	3	
4	26	1999	16.1	8.9	258	0	90.45	3	
4	27	1999	13.3	2.2	336	0	87.75	4	
4	28	1999	13.3	4.4	337	0	86.65	4	
4	29	1999	16.1	3.3	337	0	86.6	3	
4	30	1999	14.4	7.8	301	0	91.15	3	
5	1	1999	13.9	7.8	169	0	94.6	3	
5	2	1999	14.4	9.4	220	0	94.5	4	
5	3	1999	15	9.4	262	0	95.65	4	
5	4	1999	14.4	3.3	344	0	89.85	3	
5	5	1999	17.8	3.9	344	0	87.4	3	
5	6	1999	16.1	6.7	340	0	92.45	2	
5	7	1999	15	6.7	339	0	88.45	3	
5	8	1999	14.4	3.3	348	0	87.85	4	
5	9	1999	14.4	3.3	341	0	89.95	3	
5	10	1999	15	3.9	338	0	88.85	2	
5	11	1999	15	7.8	302	0	96.25	3	
5	12	1999	14.4	7.8	266	0	93.1	3	
5	13	1999	14.4	1.7	339	0	89.95	3	
5	14	1999	14.4	1.7	350	0	88.4	4	
5	15	1999	13.9	2.2	355	0	90.7	3	
5	16	1999	13.9	4.4	341	0	93.35	2	
5	17	1999	16.1	5	356	0	91	2	
5	18	1999	16.7	4.4	344	0	92.05	3	
5	19	1999	15	7.8	228	0	92.3	3	
5	20	1999	14.4	6.7	302	0	88.9	4	
5	21	1999	14.4	6.1	341	0	92.8	2	
5	22	1999	16.1	7.8	275	0	94.05	4	
5	23	1999	16.1	11.1	257	0	92.85	4	
5	24	1999	15.6	11.7	166	0	94.5	3	
5	25	1999	15.6	10.6	210	0	94.1	3	
5	26	1999	14.4	10.6	157	0	94.45	3	
5	27	1999	14.4	10	177	0	94.4	3	
5	28	1999	20.6	9.4	313	0	-1	-1	
5	29	1999	20.6	9.4	328	0	-1	-1	
5	30	1999	21.1	9.4	328	0	-1	-1	
5	31	1999	16.7	12.2	253	0	87.45	4	
6	1	1999	16.1	12.2	228	0	87.9	4	
6	2	1999	15.6	10.6	302	0	84	6	
6	3	1999	20	10	270	0	84.1	5	
6	4	1999	13.9	10.6	131	0	91.95	4	
6	5	1999	15	9.4	215	0	92.6	3	
6	6	1999	16.7	7.2	338	0	86.85	4	
6	7	1999	16.1	4.4	370	0	84.75	4	
6	8	1999	15.6	4.4	370	0	85.75	3	
6	9	1999	15.6	4.4	326	0	90.35	4	
6	10	1999	15	8.9	282	0	90.65	3	
6	11	1999	15.6	10	236	0	93.3	3	
6	12	1999	15	10	251	0	95.7	3	
6	13	1999	17.2	7.8	331	0	92.85	3	
6	14	1999	17.2	11.7	308	0	93.85	4	
6	15	1999	16.7	10	300	0	93.35	4	
6	16	1999	16.1	10.6	262	0	94.1	3	
6	17	1999	14.4	10.6	191	0	96.6	3	
6	18	1999	17.8	10	291	0	92.05	3	
6	19	1999	16.1	10	286	0	93.05	3	
6	20	1999	15	10.6	194	0	95.35	3	
6	21	1999	16.1	11.7	213	0	94.75	4	
6	22	1999	15.6	11.7	189	0	95.95	3	
6	23	1999	15	10.6	187	0	97.4	3	
6	24	1999	15.6	11.7	198	0	95.75	3	
6	25	1999	16.7	8.9	266	0	91.6	3	
6	26	1999	15	7.8	262	0	93.55	3	
6	27	1999	20	9.4	336	0	90.25	3	
6	28	1999	17.8	7.8	311	0	93.05	3	
6	29	1999	16.1	10	345	0	95.95	3	
6	30	1999	16.7	11.1	326	0	95.85	3	
7	1	1999	20.6	10.6	339	0	-1	-1	
7	2	1999	16.7	10	300	0	91.55	4	
7	3	1999	17.2	8.3	340	0	90.85	4	
7	4	1999	17.8	6.7	355	0	88.7	3	
7	5	1999	17.2	7.8	311	0	91.9	3	
7	6	1999	17.8	10.6	294	0	93	3	
7	7	1999	18.3	8.3	340	0	91.75	2	
7	8	1999	17.2	8.9	318	0	94.15	3	
7	9	1999	15.6	10	251	0	97.6	2	
7	10	1999	15.6	11.1	250	0	97.5	2	
7	11	1999	17.8	10.6	326	0	95.8	2	
7	12	1999	19.4	12.8	279	0	94.4	2	
7	13	1999	21.7	12.8	306	0	93.6	3	
7	14	1999	16.1	12.8	115	0	100	3	
7	15	1999	15.6	13.3	125	0	98.85	2	
7	16	1999	16.1	12.2	169	0	96.3	3	
7	17	1999	16.1	11.7	214	0	96.05	3	
7	18	1999	16.7	11.7	179	0	94.45	3	
7	19	1999	17.8	12.8	309	0	91.6	3	
7	20	1999	18.9	13.9	297	0	87.25	3	
7	21	1999	18.3	13.9	290	0	90.55	3	
7	22	1999	16.7	13.3	159	0	94	3	
7	23	1999	17.2	12.2	207	0	91.85	3	
7	24	1999	18.3	10.6	309	0	92.1	3	
7	25	1999	16.1	13.3	135	0	96.35	2	
7	26	1999	15.6	12.2	104	0	96.45	3	
7	27	1999	16.7	13.3	169	0	94.25	3	
7	28	1999	17.8	12.8	283	0	89.3	3	
7	29	1999	18.3	12.8	311	0	90.65	3	
7	30	1999	18.3	11.1	329	0	92.45	3	
7	31	1999	17.2	11.7	302	0	94.7	3	
8	1	1999	17.8	11.7	295	0	96.25	3	
8	2	1999	18.3	12.8	278	0	96.35	3	
8	3	1999	18.3	12.2	292	0	96.15	2	
8	4	1999	18.3	13.9	222	0	96.6	3	
8	5	1999	17.2	14.4	119	0	98.9	3	
8	6	1999	18.9	13.3	193	1.015	97.45	3	
8	7	1999	20	12.2	282	0	92.95	2	
8	8	1999	19.4	12.8	224	0	95.35	2	
8	9	1999	18.3	11.1	178	0	94.8	2	
8	10	1999	18.9	14.4	180	1.015	96.15	3	
8	11	1999	19.4	12.8	290	0	-1	-1	
8	12	1999	22.8	11.7	299	0	-1	-1	
8	13	1999	22.2	12.8	303	0	-1	-1	
8	14	1999	21.7	11.7	286	0	-1	-1	
8	15	1999	21.7	11.7	293	0	-1	-1	
8	16	1999	22.2	11.7	293	0	-1	0	
8	17	1999	20.6	10.6	283	0	-1	3	
8	18	1999	18.9	12.8	229	0	91.65	3	
8	19	1999	23.3	9.4	276	0	97.5	3	
8	20	1999	18.9	11.7	263	0	96.4	3	
8	21	1999	17.2	12.8	240	0	97.95	2	
8	22	1999	18.9	10.6	263	0	97.45	2	
8	23	1999	16.1	12.2	155	0	100	2	
8	24	1999	17.2	12.8	200	0	99	2	
8	25	1999	17.2	12.2	233	0	100	2	
8	26	1999	25	12.8	172	0	95	2	
8	27	1999	17.2	13.9	121	0	100	2	
8	28	1999	17.8	13.3	152	0	100	2	
8	29	1999	17.8	13.3	139	0	100	2	
8	30	1999	22.2	12.2	270	0	90.35	4	
8	31	1999	17.8	7.2	286	1.015	91.4	3	
9	1	1999	16.1	10	273	0	95.35	2	
9	2	1999	18.9	10.6	229	0	92.65	2	
9	3	1999	16.7	10.6	170	0	94.45	2	
9	4	1999	16.7	10	147	0	98.45	2	
9	5	1999	15.6	11.1	200	0	97.7	2	
9	6	1999	15.6	11.7	111	0	95.8	2	
9	7	1999	16.7	12.2	134	0	89.75	3	
9	8	1999	23.3	11.7	253	0	91.1	2	
9	9	1999	17.8	13.3	201	0	88.3	2	
9	10	1999	17.8	11.7	190	0	86.65	2	
9	11	1999	16.1	13.3	95	0	89.4	2	
9	12	1999	15.6	12.8	86	0	92.35	2	
9	13	1999	17.2	11.1	148	0	88.3	2	
9	14	1999	16.7	10.6	107	0	92.6	2	
9	15	1999	22.8	10.6	239	0	96.3	3	
9	16	1999	15	12.2	78	0	93.25	2	
9	17	1999	14.4	12.2	74	0	92.15	2	
9	18	1999	15.6	12.2	97	0	91.45	2	
9	19	1999	17.8	10	104	0	87.5	2	
9	20	1999	18.3	8.3	210	0	87.4	2	
9	21	1999	15	8.9	108	0	97.35	2	
9	22	1999	23.3	12.8	128	0	86.15	2	
9	23	1999	18.3	13.3	142	0	90.4	2	
9	24	1999	14.4	12.8	80	0	96.8	2	
9	25	1999	19.4	12.8	168	0	91.2	2	
9	26	1999	18.9	10.6	219	0	89.8	2	
9	27	1999	22.2	7.2	219	0	81.9	2	
9	28	1999	17.2	4.4	180	0	84.4	2	
9	29	1999	16.1	10	192	0	92.55	2	
9	30	1999	15.6	7.2	169	0	95.05	2	
10	1	1999	16.1	11.1	154	0	93.6	1	
10	2	1999	16.1	11.1	149	0	89.25	0	
10	3	1999	16.1	12.2	144	0	85.75	0	
10	4	1999	17.8	9.4	197	0	82.6	0	
10	5	1999	19.4	6.7	210	0	80.5	0	
10	6	1999	18.9	10.6	204	0.254	89.15	2	
10	7	1999	21.7	6.7	203	0	81.6	2	
10	8	1999	27.2	7.8	205	0	69.05	2	
10	9	1999	22.8	7.8	206	0	76.55	2	
10	10	1999	30.6	9.4	201	0	65.6	2	
10	11	1999	16.1	8.3	156	0	90.6	2	
10	12	1999	21.1	8.9	180	0	77.95	2	
10	13	1999	15.6	11.7	159	0	93.7	2	
10	14	1999	24.4	11.7	164	0	78.65	2	
10	15	1999	16.7	9.4	180	0	93.1	2	
10	16	1999	20	10	186	0	83.65	2	
10	17	1999	15.6	7.2	173	0	93.4	2	
10	18	1999	17.2	7.2	163	0	81.7	2	
10	19	1999	19.4	6.7	168	0	78.55	2	
10	20	1999	23.3	5	167	0.254	69.35	2	
10	21	1999	23.9	6.7	162	0	72.75	2	
10	22	1999	14.4	10	134	0.254	95.7	2	
10	23	1999	15	5	103	0	89.85	2	
10	24	1999	16.1	2.8	166	0	90.35	2	
10	25	1999	18.9	8.9	154	0	88.85	2	
10	26	1999	13.9	8.3	81	0.254	100	2	
10	27	1999	17.8	11.7	122	0	94.55	2	
10	28	1999	17.8	6.1	160	1.777	87.55	3	
10	29	1999	23.3	2.8	170	0	66.35	2	
10	30	1999	27.8	6.1	167	0	59.75	2	
10	31	1999	20.6	3.9	164	0	73.1	2	
11	1	1999	27.2	6.7	169	0	64.4	2	
11	2	1999	13.9	3.3	52	0.254	96	1	
11	3	1999	14.4	10	97	0	91.8	1	
11	4	1999	18.9	8.3	135	0	85.4	2	
11	5	1999	14.4	10.6	66	0	94.2	2	
11	6	1999	17.8	10	134	0	83.2	2	
11	7	1999	21.1	8.9	62	17.25	76.35	4	
11	8	1999	17.8	7.8	121	7.614	88.7	2	
11	9	1999	17.8	6.1	115	0.254	83.2	1	
11	10	1999	19.4	7.8	114	0	83.45	2	
11	11	1999	16.7	7.8	121	0.254	91.2	2	
11	12	1999	19.4	8.3	131	0.254	88.1	2	
11	13	1999	17.8	10.6	93	0	92.95	2	
11	14	1999	15	11.1	47	0.254	94.4	2	
11	15	1999	20	8.3	133	0	87.4	2	
11	16	1999	18.9	8.9	72	5.33	85.45	2	
11	17	1999	16.7	7.2	92	5.076	87.1	2	
11	18	1999	17.2	5	98	0.254	82.15	2	
11	19	1999	15.6	5	14	8.629	88.5	3	
11	20	1999	16.1	9.4	89	0	92.45	1	
11	21	1999	14.4	5	136	0.508	79.9	3	
11	22	1999	14.4	0	133	0	72.7	2	
11	23	1999	15	2.2	128	0	77.25	2	
11	24	1999	16.1	3.3	113	0	76.55	2	
11	25	1999	18.3	2.8	127	0	76.75	2	
11	26	1999	13.9	3.9	92	0.254	96.4	1	
11	27	1999	13.9	3.9	93	0.254	97.55	2	
11	28	1999	13.9	5.6	60	0.254	94	2	
11	29	1999	17.8	6.1	55	1.523	84.6	2	
11	30	1999	15.6	7.8	100	3.3	91.6	2	
12	1	1999	13.9	3.3	117	0	88.45	1	
12	2	1999	15	1.7	119	0.254	87	1	
12	3	1999	14.4	0.6	111	0	71.2	2	
12	4	1999	17.2	1.7	111	0	69.55	2	
12	5	1999	15	1.1	108	0	73.85	1	
12	6	1999	14.4	0.6	106	0	86.55	2	
12	7	1999	13.9	1.7	93	0	86.85	2	
12	8	1999	16.1	-1.1	98	0	73.15	1	
12	9	1999	13.3	3.3	72	1.777	88.1	2	
12	10	1999	12.8	0	113	0	75.95	2	
12	11	1999	13.9	-0.6	110	0	77.25	1	
12	12	1999	15	3.3	106	0	77.25	2	
12	13	1999	12.8	1.7	95	0.254	82.3	2	
12	14	1999	13.9	-0.6	101	0	69.1	2	
12	15	1999	12.8	-1.1	108	0	76.9	1	
12	16	1999	15.6	0	89	0	71.85	2	
12	17	1999	16.1	1.1	103	0	74.55	2	
12	18	1999	15.6	1.7	108	0.254	91.95	1	
12	19	1999	20.6	0.6	102	0	64.45	3	
12	20	1999	23.3	6.7	107	0	56.4	3	
12	21	1999	22.2	4.4	108	0	57.45	3	
12	22	1999	19.4	1.7	102	0	57.8	2	
12	23	1999	18.3	1.1	89	0	65.8	2	
12	24	1999	20	1.7	112	0	64.55	2	
12	25	1999	22.2	2.8	109	0	63.8	2	
12	26	1999	20	2.2	112	0	62.2	2	
12	27	1999	20	0.6	109	0	59.3	2	
12	28	1999	22.2	1.7	69	0	55	2	
12	29	1999	19.4	2.2	106	0	68.85	2	
12	30	1999	12.8	0	91	0	86.1	2	
12	31	1999	11.1	4.4	31	0	87.35	2	
1	1	2000	11.7	7.8	36	0	86.6	3	
1	2	2000	12.2	-0.6	110	0	78.2	2	
1	3	2000	14.4	-1.1	111	0	74.45	2	
1	4	2000	13.3	0.6	88	0	80.2	1	
1	5	2000	13.9	0.6	114	0.254	82.9	2	
1	6	2000	15	-0.6	95	0	66.1	2	
1	7	2000	13.3	0	96	0	75.45	2	
1	8	2000	12.2	1.7	106	0.254	83.7	1	
1	9	2000	11.1	4.4	54	0	95.65	1	
1	10	2000	10	3.9	43	0.254	100	1	
1	11	2000	14.4	7.2	37	1.523	96.65	3	
1	12	2000	13.9	3.9	55	0	89	1	
1	13	2000	13.3	1.7	78	0	92.05	2	
1	14	2000	13.9	3.9	50	0	88.7	1	
1	15	2000	19.4	7.8	32	0.254	74.25	3	
1	16	2000	15.6	7.8	61	9.391	78.7	2	
1	17	2000	13.3	8.3	22	7.868	99.8	2	
1	18	2000	18.3	11.1	60	13.19	93.45	2	
1	19	2000	17.2	8.9	33	0.508	98.15	2	
1	20	2000	14.4	7.2	40	0	94.1	2	
1	21	2000	16.7	3.9	69	0	83.4	1	
1	22	2000	17.2	5.6	78	1.523	84.35	2	
1	23	2000	14.4	10.6	11	63.45	97.3	4	
1	24	2000	15.6	13.3	15	38.83	97.95	3	
1	25	2000	14.4	11.1	80	0.508	96.75	3	
1	26	2000	13.9	7.8	95	0	88.45	2	
1	27	2000	16.7	3.3	128	0	80.45	2	
1	28	2000	16.7	4.4	105	0	83.4	2	
1	29	2000	16.1	5.6	68	0	88.25	2	
1	30	2000	13.9	8.9	29	8.122	92.7	4	
1	31	2000	14.4	8.3	56	0	87.6	1	
2	1	2000	18.9	7.2	133	0	85.05	2	
2	2	2000	21.7	9.4	147	0	77.1	3	
2	3	2000	18.9	7.2	55	5.838	67.7	3	
2	4	2000	14.4	6.1	82	0	90.55	2	
2	5	2000	16.7	7.2	91	1.015	89	3	
2	6	2000	19.4	5.6	133	0.254	86.35	2	
2	7	2000	13.9	9.4	93	0	97	2	
2	8	2000	16.1	9.4	102	0	98.65	2	
2	9	2000	14.4	10.6	65	1.523	95.85	2	
2	10	2000	14.4	10.6	57	6.091	90.45	3	
2	11	2000	14.4	8.3	40	20.05	93.6	3	
2	12	2000	13.9	7.2	76	5.076	93.45	3	
2	13	2000	15.6	10.6	13	36.54	97.95	4	
2	14	2000	16.1	7.2	153	1.777	89.3	4	
2	15	2000	17.2	4.4	126	0.254	85.15	2	
2	16	2000	13.9	6.1	87	8.883	90	2	
2	17	2000	14.4	3.9	179	0	87	2	
2	18	2000	17.8	5.6	175	0	78.45	3	
2	19	2000	19.4	7.8	92	0	68.75	3	
2	20	2000	17.2	8.9	70	7.614	80.4	5	
2	21	2000	17.2	8.9	164	0	81.85	3	
2	22	2000	13.3	9.4	33	18.02	90.5	3	
2	23	2000	12.8	3.9	161	3.046	85.1	3	
2	24	2000	11.1	2.2	79	1.015	87.55	2	
2	25	2000	15.6	7.8	131	0	85.2	3	
2	26	2000	16.1	10	153	0.508	89.3	2	
2	27	2000	13.9	8.3	135	10.91	91.8	4	
2	28	2000	13.3	6.1	147	0	84.5	2	
2	29	2000	13.9	5.6	135	4.061	90.35	3	
3	1	2000	14.4	2.2	197	0	86.85	2	
3	2	2000	13.3	5	97	1.523	89.85	2	
3	3	2000	14.4	5	195	0	86.55	2	
3	4	2000	13.9	6.7	112	8.376	89.6	2	
3	5	2000	10.6	6.7	74	15.48	89.15	5	
3	6	2000	12.8	6.7	154	0	85.15	3	
3	7	2000	12.8	6.1	61	4.315	87.7	2	
3	8	2000	13.3	5	91	8.883	89.75	3	
3	9	2000	14.4	6.1	164	6.853	92.45	2	
3	10	2000	17.2	2.8	219	0.254	80.6	2	
3	11	2000	15.6	6.1	220	0	86.8	2	
3	12	2000	16.1	4.4	221	0	88.4	2	
3	13	2000	15.6	6.7	211	0	91.6	2	
3	14	2000	18.9	8.3	187	0	91	2	
3	15	2000	16.1	8.9	206	0	90.95	2	
3	16	2000	16.1	6.7	215	0	87.7	4	
3	17	2000	17.8	2.2	233	0	77.5	2	
3	18	2000	17.2	5	234	0	86.55	2	
3	19	2000	14.4	5.6	191	0	86.45	3	
3	20	2000	19.4	2.2	244	0	61.45	3	
3	21	2000	18.9	2.2	252	0	61.5	2	
3	22	2000	18.9	3.3	235	0	73.2	2	
3	23	2000	15.6	7.2	161	0	94.1	2	
3	24	2000	12.2	4.4	231	0	87.6	2	
3	25	2000	13.9	3.9	237	0	85.2	2	
3	26	2000	13.9	5	226	0	88.1	2	
3	27	2000	13.3	5	173	0	88.25	4	
3	28	2000	13.3	5	237	0	84.15	3	
3	29	2000	12.8	3.3	238	0	86.85	2	
3	30	2000	15	4.4	270	0	88.45	2	
3	31	2000	24.4	2.8	287	0	61.1	2	
4	1	2000	26.7	3.9	283	0	53.85	2	
4	2	2000	25	9.4	254	0	-1	-1	
4	3	2000	24.4	6.1	228	0	95.15	3	
4	4	2000	15	8.9	211	0	89.4	2	
4	5	2000	13.9	7.8	194	0	90.55	2	
4	6	2000	13.3	5	241	0	90.25	2	
4	7	2000	15.6	4.4	240	0	90.1	2	
4	8	2000	13.3	8.3	180	0	90.5	2	
4	9	2000	14.4	8.3	244	0	88	3	
4	10	2000	14.4	6.1	279	0	90.65	2	
4	11	2000	21.7	8.3	259	0	81.25	3	
4	12	2000	16.7	9.4	194	1.523	80.05	3	
4	13	2000	17.2	11.7	293	0	93.4	3	
4	14	2000	15.6	9.4	268	1.015	90.55	2	
4	15	2000	16.7	10.6	217	0	83.65	2	
4	16	2000	16.7	11.7	81	3.3	79.7	6	
4	17	2000	15.6	7.2	254	6.345	82.9	3	
4	18	2000	16.7	5	317	0	79.5	3	
4	19	2000	16.7	3.9	303	0	77.3	3	
4	20	2000	16.7	6.1	293	0	85.8	3	
4	21	2000	16.1	7.2	305	0	88.9	3	
4	22	2000	16.1	9.4	248	0	85.3	4	
4	23	2000	15	3.9	320	0	83.1	4	
4	24	2000	16.1	2.8	308	0	83.15	3	
4	25	2000	17.2	5	316	0	79.4	2	
4	26	2000	20	5	321	0	82.05	3	
4	27	2000	18.9	5	294	0	81.4	4	
4	28	2000	15	4.4	308	0	73.7	5	
4	29	2000	15	1.7	335	0	84.95	2	
4	30	2000	18.3	5	332	0	84.45	2	
5	1	2000	17.8	5.6	311	0	83.45	2	
5	2	2000	16.1	7.2	264	0	94.15	3	
5	3	2000	16.7	11.1	316	0.254	87.85	3	
5	4	2000	16.7	10.6	303	0	85.25	3	
5	5	2000	16.1	7.8	298	0	87.45	3	
5	6	2000	15	6.1	262	0	85.8	2	
5	7	2000	17.2	11.7	86	0.508	92.65	3	
5	8	2000	17.8	11.1	278	2.284	91.85	3	
5	9	2000	16.7	10	286	0.254	87.15	4	
5	10	2000	15.6	9.4	321	0	79.55	5	
5	11	2000	15	4.4	339	0	77.15	4	
5	12	2000	16.1	3.9	318	0	83.45	3	
5	13	2000	15	5	271	0	86.05	2	
5	14	2000	20	5	184	0.254	75.8	3	
5	15	2000	17.2	8.3	251	3.046	85.35	3	
5	16	2000	20	7.8	316	0	91.8	4	
5	17	2000	16.7	10	289	0	86.65	3	
5	18	2000	16.7	8.9	301	0	90.75	3	
5	19	2000	18.3	10	315	0	89.35	2	
5	20	2000	18.9	10	327	0	91.75	2	
5	21	2000	27.2	10	343	0	75.6	2	
5	22	2000	20.6	8.9	321	0	84.9	2	
5	23	2000	18.9	11.1	156	0	88.1	4	
5	24	2000	20.6	10.6	324	0	95	4	
5	25	2000	16.7	10.6	327	0	82.85	5	
5	26	2000	17.2	8.3	328	0	88.95	4	
5	27	2000	18.3	10.6	336	0	89.1	3	
5	28	2000	18.3	10	301	0	84.8	3	
5	29	2000	16.7	8.3	308	0	81.95	4	
5	30	2000	16.7	6.1	300	0	81.55	4	
5	31	2000	18.3	4.4	306	0	76.95	3	
6	1	2000	19.4	5.6	307	0	72.75	3	
6	2	2000	15	8.9	231	0	87.4	3	
6	3	2000	15.6	7.2	297	0	87.95	4	
6	4	2000	15	10.6	184	0	85.3	4	
6	5	2000	18.3	11.1	315	0	77.2	4	
6	6	2000	17.2	7.8	327	0	86.4	3	
6	7	2000	18.9	8.9	294	1.269	80.35	4	
6	8	2000	16.7	11.7	280	0.508	89.55	6	
6	9	2000	17.2	9.4	343	0	80.25	4	
6	10	2000	17.2	9.4	344	0	81.7	5	
6	11	2000	17.2	6.7	342	0	83.2	3	
6	12	2000	18.9	10.6	333	0	84.95	3	
6	13	2000	18.9	10.6	339	0	85.6	3	
6	14	2000	35.6	13.3	358	0	64.1	3	
6	15	2000	15.6	12.2	210	0	97.1	4	
6	16	2000	19.4	12.8	336	0	93.4	4	
6	17	2000	19.4	13.3	217	0	88.75	4	
6	18	2000	20	13.3	218	0	83.4	3	
6	19	2000	16.7	12.8	227	0	88.05	4	
6	20	2000	17.2	12.2	224	0	92.05	3	
6	21	2000	16.1	12.2	185	0	94.45	2	
6	22	2000	15.6	12.2	99	0	94.5	3	
6	23	2000	16.1	12.2	185	0	88.5	3	
6	24	2000	18.3	11.7	269	0	86.3	3	
6	25	2000	17.2	10.6	212	0	91.6	3	
6	26	2000	17.8	12.2	211	0	93.6	2	
6	27	2000	21.1	12.2	342	0	94.8	3	
6	28	2000	16.7	12.2	159	0	93.7	3	
6	29	2000	16.1	12.8	114	0	93.8	3	
6	30	2000	16.1	11.1	171	0	89.25	3	
7	1	2000	17.2	11.7	241	0	88.05	3	
7	2	2000	16.7	10	200	0	88.45	4	
7	3	2000	16.7	12.2	221	0	81.25	5	
7	4	2000	15	10	154	0	90	3	
7	5	2000	17.2	10.6	277	0	89.55	3	
7	6	2000	17.8	11.7	254	0	86.6	3	
7	7	2000	17.8	11.7	309	0	86.5	4	
7	8	2000	17.2	12.2	199	0	88.65	3	
7	9	2000	16.1	11.7	145	0	93.35	2	
7	10	2000	17.8	12.2	173	0	89.7	3	
7	11	2000	16.7	12.8	140	0	92.4	3	
7	12	2000	18.3	10	212	0	85.6	3	
7	13	2000	19.4	7.2	317	0	83.75	3	
7	14	2000	17.8	11.1	225	0	91.6	3	
7	15	2000	15.6	12.2	108	0	94.3	3	
7	16	2000	17.2	13.3	170	0	93.3	3	
7	17	2000	18.9	11.7	281	0	87.4	3	
7	18	2000	18.9	8.3	304	0	89.6	3	
7	19	2000	17.8	10	301	0	90.05	3	
7	20	2000	16.1	11.7	196	0	93.8	2	
7	21	2000	18.3	11.7	216	0	90.9	2	
7	22	2000	17.2	10	222	0	91.2	2	
7	23	2000	15.6	8.9	247	0	95.3	3	
7	24	2000	14.4	10.6	148	0	97.35	2	
7	25	2000	16.1	11.1	193	0	93	3	
7	26	2000	17.2	11.1	236	0	89.5	3	
7	27	2000	17.8	9.4	295	0	90.9	2	
7	28	2000	16.7	11.1	246	0	93.8	3	
7	29	2000	16.1	11.7	151	0	97.25	2	
7	30	2000	15.6	11.7	192	0	97.35	2	
7	31	2000	15.6	11.7	206	0	97.45	2	
8	1	2000	19.4	10.6	225	0	90.8	2	
8	2	2000	17.8	11.1	265	0	92.45	3	
8	3	2000	16.1	13.3	121	0	98.25	3	
8	4	2000	17.8	13.3	220	0	92.75	2	
8	5	2000	17.2	11.7	238	0	94.85	2	
8	6	2000	17.2	12.2	217	0	96.05	3	
8	7	2000	17.8	13.3	200	0	94.15	2	
8	8	2000	16.1	13.9	155	0	95.45	2	
8	9	2000	17.2	10.6	239	0	91.2	2	
8	10	2000	18.3	10.6	278	0	88.55	3	
8	11	2000	18.9	9.4	282	0	92.85	2	
8	12	2000	17.2	11.1	289	0	93.35	3	
8	13	2000	17.2	11.1	257	0	92.5	3	
8	14	2000	17.8	10.6	305	0.254	91.25	3	
8	15	2000	17.2	10	294	0	91.9	3	
8	16	2000	17.8	10.6	300	0	91.3	3	
8	17	2000	16.7	10	293	0	90.75	3	
8	18	2000	17.8	9.4	271	0	93.05	2	
8	19	2000	16.7	9.4	223	0	93.65	2	
8	20	2000	15.6	7.8	226	0.254	94.7	2	
8	21	2000	14.4	11.7	101	0	98.4	2	
8	22	2000	18.3	13.3	207	0	89.5	2	
8	23	2000	17.2	12.8	245	0	90.15	2	
8	24	2000	17.8	11.7	235	0	93.35	2	
8	25	2000	15	11.7	148	0	99	2	
8	26	2000	15.6	12.2	106	0	98.35	2	
8	27	2000	15	12.2	130	0	97.85	2	
8	28	2000	16.7	12.8	148	0	94.35	2	
8	29	2000	16.1	13.3	77	0	93.8	1	
8	30	2000	18.9	12.8	240	0	88.35	2	
8	31	2000	19.4	13.3	143	0	91.35	2	
9	1	2000	18.3	12.8	68	0.761	93.65	2	
9	2	2000	20.6	11.7	260	1.015	86.15	2	
9	3	2000	17.8	10.6	266	0	86.4	3	
9	4	2000	17.8	6.7	277	0	89.4	3	
9	5	2000	18.3	6.7	273	0	87.6	2	
9	6	2000	23.3	6.7	277	0	76.8	2	
9	7	2000	24.4	10.6	275	0	70.4	2	
9	8	2000	16.7	10	218	0	95.1	2	
9	9	2000	16.7	9.4	203	0	94.05	2	
9	10	2000	17.2	12.2	226	0	91.25	2	
9	11	2000	18.3	11.7	248	0	90.5	2	
9	12	2000	20	8.9	146	0	85.4	2	
9	13	2000	30	10	201	0	72.45	2	
9	14	2000	20	13.9	177	0	90.45	2	
9	15	2000	18.9	12.8	253	0.254	89.85	2	
9	16	2000	18.3	11.7	201	0.254	91.6	2	
9	17	2000	30.6	11.1	261	0	70	2	
9	18	2000	20.6	10.6	255	0	84.25	2	
9	19	2000	23.9	10	249	0	83.55	2	
9	20	2000	18.3	11.1	199	0	91.45	4	
9	21	2000	19.4	15.6	197	0	86.75	3	
9	22	2000	17.2	12.8	108	0	85.25	2	
9	23	2000	20	7.8	238	0	83.65	2	
9	24	2000	19.4	7.2	234	0	83.95	2	
9	25	2000	18.3	9.4	225	0	86.95	2	
9	26	2000	17.8	12.8	143	0	87.4	2	
9	27	2000	18.3	15.6	100	0	84.05	2	
9	28	2000	18.3	9.4	201	0	82.05	2	
9	29	2000	17.8	6.1	218	0	84.25	2	
9	30	2000	22.2	11.1	219	0.254	84.65	2	
10	1	2000	17.2	13.3	117	0	92.1	2	
10	2	2000	16.7	13.3	93	0.254	90.35	2	
10	3	2000	16.7	13.3	189	0	82.85	2	
10	4	2000	16.7	11.7	136	0	83.25	1	
10	5	2000	15.6	13.3	84	0	87.45	2	
10	6	2000	15	13.3	52	0	89.85	2	
10	7	2000	16.7	13.9	68	0	82.05	1	
10	8	2000	17.8	10.6	163	0	87.3	2	
10	9	2000	18.3	8.9	103	1.523	86.8	2	
10	10	2000	16.1	11.1	128	5.838	86.25	3	
10	11	2000	16.1	11.7	109	0.508	86.15	2	
10	12	2000	17.2	9.4	178	1.015	80.1	2	
10	13	2000	16.7	5.6	198	0	85.2	2	
10	14	2000	16.1	8.3	179	0	89.65	2	
10	15	2000	16.1	11.1	107	0	91.3	2	
10	16	2000	23.3	8.9	196	0	76.15	2	
10	17	2000	20.6	8.3	163	0	78.65	2	
10	18	2000	17.2	10	153	0	89.8	2	
10	19	2000	17.2	11.7	122	0	90.9	2	
10	20	2000	18.3	8.9	149	0	89.3	2	
10	21	2000	17.8	7.2	180	0.254	70.35	2	
10	22	2000	21.7	5.6	190	0	48.05	2	
10	23	2000	27.2	6.1	181	0	47.9	2	
10	24	2000	20	5.6	170	0	69.75	2	
10	25	2000	17.2	8.9	66	6.853	84.75	2	
10	26	2000	16.1	11.1	48	18.52	93.15	3	
10	27	2000	15	8.3	106	0	90.8	2	
10	28	2000	16.7	8.3	58	9.899	89.3	3	
10	29	2000	16.1	7.8	144	1.269	88.1	2	
10	30	2000	15.6	7.2	103	5.076	91.55	2	
10	31	2000	14.4	4.4	143	0.254	89.5	1	
11	1	2000	13.9	5	135	0.254	89.4	1	
11	2	2000	17.2	5	158	0	87.55	1	
11	3	2000	22.8	7.2	156	0.254	73.2	1	
11	4	2000	20.6	7.8	148	0	74.2	2	
11	5	2000	15.6	8.9	85	0	87	1	
11	6	2000	16.7	5.6	155	0	86.7	2	
11	7	2000	20	3.9	157	0	66.5	2	
11	8	2000	14.4	4.4	114	0	84.5	3	
11	9	2000	13.3	2.2	152	0	82.2	3	
11	10	2000	12.8	2.2	139	1.015	80.55	2	
11	11	2000	13.3	1.7	151	0	79.8	2	
11	12	2000	15	-0.6	154	0	71.4	2	
11	13	2000	12.8	0	123	0	75.75	2	
11	14	2000	12.8	0	145	0	80.75	1	
11	15	2000	13.9	0.6	117	0	78	1	
11	16	2000	14.4	3.3	86	0	71.15	3	
11	17	2000	18.9	2.2	144	0	61.2	2	
11	18	2000	16.1	2.2	142	0	70	2	
11	19	2000	16.7	3.3	139	0	71.75	2	
11	20	2000	18.3	1.1	140	0	66.05	2	
11	21	2000	12.8	2.8	56	1.015	87.55	1	
11	22	2000	15	5	124	2.284	87.3	2	
11	23	2000	12.8	1.7	102	0.254	90.75	2	
11	24	2000	17.2	5.6	124	0	82.2	3	
11	25	2000	13.9	2.2	129	0	87.4	2	
11	26	2000	15.6	2.8	106	0.254	85.3	2	
11	27	2000	15.6	3.3	115	0	81.5	2	
11	28	2000	20.6	7.8	127	0	77.6	2	
11	29	2000	16.1	7.2	92	2.538	91.95	2	
11	30	2000	15.6	4.4	125	0.254	81.25	2	
12	1	2000	16.1	2.8	78	0	79.35	2	
12	2	2000	19.4	2.8	130	0	72	2	
12	3	2000	20	3.3	125	0	73.7	2	
12	4	2000	21.1	4.4	101	0.254	68.55	2	
12	5	2000	25	7.8	114	0	61.05	3	
12	6	2000	16.1	8.9	34	0	64.75	2	
12	7	2000	21.1	10.6	109	0.254	77.65	1	
12	8	2000	15.6	8.3	70	0.508	92.2	1	
12	9	2000	15	10.6	41	0	88.75	1	
12	10	2000	15.6	5.6	104	0	87.4	2	
12	11	2000	13.9	4.4	73	4.315	85.2	1	
12	12	2000	13.3	5.6	106	1.015	86.5	2	
12	13	2000	15	6.1	68	0.254	81.15	2	
12	14	2000	15.6	10	74	1.523	88.95	2	
12	15	2000	15.6	7.8	101	0	89.9	2	
12	16	2000	18.9	6.1	119	0	69.6	3	
12	17	2000	18.9	3.3	119	0	64.7	3	
12	18	2000	19.4	5.6	121	0	54.1	3	
12	19	2000	22.2	3.3	120	0	56.35	2	
12	20	2000	21.1	3.3	102	0	64.05	2	
12	21	2000	15	1.1	62	0	80.25	1	
12	22	2000	15	2.2	109	0	83.65	1	
12	23	2000	15	2.2	91	0	83.35	1	
12	24	2000	15	1.1	104	0	80	2	
12	25	2000	16.7	0.6	109	0	62.55	3	
12	26	2000	18.9	1.7	121	0	62.3	2	
12	27	2000	20.6	1.7	99	0	59.2	2	
12	28	2000	21.1	1.1	122	0	59.1	2	
12	29	2000	18.3	3.3	119	0	69.2	2	
12	30	2000	14.4	0	116	0	75.05	2	
12	31	2000	16.7	0	116	0.254	74.9	2	
1	1	2001	22.2	1.7	120	0	56.4	2	
1	2	2001	25	2.2	125	0	58.2	2	
1	3	2001	22.8	3.9	127	0.254	57.1	2	
1	4	2001	24.4	1.7	127	0	56.45	2	
1	5	2001	21.7	2.2	126	0	60	2	
1	6	2001	16.7	0	114	0	63.85	2	
1	7	2001	13.9	6.7	74	0	74.9	2	
1	8	2001	13.9	5.6	93	8.376	83.55	4	
1	9	2001	12.2	1.1	51	0	88.25	2	
1	10	2001	12.2	6.1	12	13.7	87	4	
1	11	2001	10	6.1	33	7.107	88.8	4	
1	12	2001	13.3	3.3	113	0.254	80.65	3	
1	13	2001	12.8	4.4	114	0	84	1	
1	14	2001	12.8	1.7	109	0	87.05	2	
1	15	2001	13.3	-1.1	138	0	70.55	2	
1	16	2001	12.2	-1.7	136	0	63.85	1	
1	17	2001	12.8	-1.7	139	0	61.5	2	
1	18	2001	14.4	-1.1	127	0	70.95	2	
1	19	2001	15.6	4.4	89	0	66.55	2	
1	20	2001	16.7	2.8	131	0	70.2	2	
1	21	2001	14.4	1.7	87	0	75.6	1	
1	22	2001	15	1.7	132	0	79.6	2	
1	23	2001	13.9	6.1	46	9.645	82.95	3	
1	24	2001	12.2	4.4	95	34.01	85.2	2	
1	25	2001	12.8	3.9	61	13.95	80.45	3	
1	26	2001	11.1	3.3	98	1.523	84.85	2	
1	27	2001	12.8	0	154	0.254	77.05	1	
1	28	2001	14.4	1.1	150	0	76.45	2	
1	29	2001	12.8	2.2	153	1.269	84.25	2	
1	30	2001	13.9	0	145	0	66.1	2	
1	31	2001	16.7	1.7	159	0	62.35	3	
2	1	2001	18.9	2.8	146	0	64.95	2	
2	2	2001	16.1	2.2	148	0	75.85	1	
2	3	2001	21.7	5	158	0	66.55	3	
2	4	2001	25	8.9	163	0	67.1	3	
2	5	2001	15.6	6.1	166	0	85.25	2	
2	6	2001	12.2	7.2	148	0	80.4	5	
2	7	2001	13.3	0	173	0	59.05	4	
2	8	2001	12.8	-2.2	172	0	55.95	2	
2	9	2001	11.7	5.6	58	13.95	86.1	4	
2	10	2001	11.1	5	94	8.122	87.65	3	
2	11	2001	11.7	2.8	151	11.67	79.3	3	
2	12	2001	10.6	1.7	165	7.614	82.4	3	
2	13	2001	11.1	1.1	90	0	77.75	2	
2	14	2001	13.9	1.7	184	0	79.25	2	
2	15	2001	13.9	2.8	160	0	82.65	2	
2	16	2001	16.1	2.8	187	0	74.95	3	
2	17	2001	17.8	9.4	90	1.777	69.55	3	
2	18	2001	16.1	10	122	0.761	83.7	4	
2	19	2001	15.6	8.3	131	13.45	78.2	4	
2	20	2001	15	7.8	93	0	81.65	2	
2	21	2001	14.4	8.9	56	0.508	87.55	4	
2	22	2001	12.2	6.7	166	5.076	81.1	3	
2	23	2001	11.7	5.6	174	11.16	83.65	3	
2	24	2001	14.4	7.2	88	9.645	87.85	4	
2	25	2001	15.6	7.2	189	4.315	80.6	2	
2	26	2001	15	7.2	128	0	84.8	1	
2	27	2001	16.7	6.1	199	0	79.05	2	
2	28	2001	14.4	2.2	218	0.254	78.2	2	
3	1	2001	15	2.2	176	0	74.3	2	
3	2	2001	12.8	3.9	96	3.3	86.8	2	
3	3	2001	13.9	2.8	112	3.553	85.3	3	
3	4	2001	15	10.6	45	20.81	86.7	6	
3	5	2001	17.2	10.6	100	6.345	85.5	3	
3	6	2001	18.9	9.4	99	1.523	87.15	2	
3	7	2001	14.4	9.4	210	0	91.1	2	
3	8	2001	13.9	7.2	146	0	87.45	2	
3	9	2001	13.3	5	142	0	83.4	4	
3	10	2001	14.4	1.7	237	0	81.55	2	
3	11	2001	13.3	5	170	0	86.45	2	
3	12	2001	16.7	4.4	197	0	84.8	2	
3	13	2001	13.3	6.7	208	0	90.25	2	
3	14	2001	14.4	7.8	203	0	88.35	2	
3	15	2001	13.9	7.2	113	0	88.55	2	
3	16	2001	14.4	5	248	0	84.75	2	
3	17	2001	15.6	5	236	0	83.3	2	
3	18	2001	16.7	8.9	227	0	92.1	2	
3	19	2001	23.3	7.2	246	0.254	77.35	2	
3	20	2001	21.1	9.4	222	0	79.85	2	
3	21	2001	12.8	11.7	58	0	91.45	1	
3	22	2001	16.1	11.1	168	0	82.65	2	
3	23	2001	15.6	12.2	152	0	82.5	2	
3	24	2001	17.2	10	247	4.315	86.65	3	
3	25	2001	16.1	9.4	242	0	84.15	3	
3	26	2001	15.6	5.6	271	0	84.6	2	
3	27	2001	16.1	6.1	262	0	84.9	2	
3	28	2001	15.6	8.3	204	0	90.9	2	
3	29	2001	15.6	8.9	235	0	89.2	2	
3	30	2001	17.8	5.6	270	0	87.25	2	
3	31	2001	18.3	5.6	278	0	83.8	2	
4	1	2001	13.9	9.4	182	0	87.45	3	
4	2	2001	13.9	7.2	287	0	67.65	5	
4	3	2001	12.8	1.1	291	0	-1	-1	
4	4	2001	12.8	2.8	263	0	-1	-1	
4	5	2001	13.9	3.3	261	0	-1	-1	
4	6	2001	11.7	6.7	72	3.046	-1	-1	
4	7	2001	13.3	6.1	271	6.091	-1	-1	
4	8	2001	12.2	1.1	251	1.015	-1	-1	
4	9	2001	15.6	3.3	223	0	-1	-1	
4	10	2001	15.6	5	295	0	-1	-1	
4	11	2001	13.9	5.6	188	0.254	-1	4	
4	12	2001	14.4	3.9	283	0	-1	-1	
4	13	2001	13.9	3.9	259	0	-1	-1	
4	14	2001	13.9	2.8	282	0	-1	-1	
4	15	2001	13.9	3.3	291	0	-1	-1	
4	16	2001	15.6	4.4	294	0	-1	2	
4	17	2001	21.1	6.7	278	0	-1	-1	
4	18	2001	15	7.2	238	1.269	-1	-1	
4	19	2001	14.4	7.2	237	0.761	-1	-1	
4	20	2001	12.2	6.1	63	10.66	-1	-1	
4	21	2001	15.6	3.3	308	0	-1	-1	
4	22	2001	15	7.8	178	0	-1	-1	
4	23	2001	16.7	5	282	0	-1	-1	
4	24	2001	20.6	8.9	299	0	-1	2	
4	25	2001	20	8.3	282	0	89	2	
4	26	2001	15.6	9.4	227	0	93.6	3	
4	27	2001	14.4	9.4	202	0	89.9	2	
4	28	2001	15.6	6.7	285	0	80.5	4	
4	29	2001	15	4.4	329	0	78.65	2	
4	30	2001	16.1	6.1	327	0	84.65	2	
5	1	2001	16.7	8.3	267	0	84.6	2	
5	2	2001	25	7.2	342	0	56.6	4	
5	3	2001	26.1	10	339	0	44.05	3	
5	4	2001	23.3	6.1	338	0	67.85	2	
5	5	2001	15.6	8.3	293	0	88.8	2	
5	6	2001	17.8	5.6	336	0	85.65	2	
5	7	2001	26.7	7.8	334	0	65.8	2	
5	8	2001	22.2	8.9	332	0	78.3	2	
5	9	2001	16.7	9.4	335	0	87.6	3	
5	10	2001	20	9.4	324	0	80.9	3	
5	11	2001	13.9	7.2	158	0	91.9	3	
5	12	2001	16.1	11.7	132	0.254	89.55	2	
5	13	2001	16.1	10.6	262	0	81.7	3	
5	14	2001	16.1	9.4	308	0	83.1	3	
5	15	2001	18.3	8.9	311	0	82.7	2	
5	16	2001	17.2	8.9	313	0	83.85	3	
5	17	2001	16.1	7.8	302	0	86	3	
5	18	2001	16.1	9.4	304	0	87.15	3	
5	19	2001	15.6	10	219	0	89.6	3	
5	20	2001	18.9	11.1	230	0	88.05	3	
5	21	2001	15	11.7	191	0	92.55	3	
5	22	2001	15.6	11.7	227	0	91.45	2	
5	23	2001	17.2	10	280	0	88.55	3	
5	24	2001	17.2	10	322	0	88	3	
5	25	2001	16.7	9.4	297	0	87.1	3	
5	26	2001	14.4	10.6	123	0	90.45	4	
5	27	2001	15	10	132	0	85.5	4	
5	28	2001	17.8	5.6	326	0	82.3	4	
5	29	2001	17.8	7.8	313	0	80.95	3	
5	30	2001	30	8.9	328	0	62.95	3	
5	31	2001	22.8	11.7	325	0	72.2	3	
6	1	2001	16.7	11.7	130	0	90.1	4	
6	2	2001	16.7	10	330	0	78.1	5	
6	3	2001	16.7	6.7	324	0	78.7	4	
6	4	2001	16.7	6.7	321	0	82.7	3	
6	5	2001	18.3	7.8	328	0	77.2	3	
6	6	2001	19.4	10	333	0	75.1	3	
6	7	2001	20.6	10	335	0	73.15	3	
6	8	2001	17.2	10	313	0	85.3	4	
6	9	2001	16.7	10.6	270	0	87.85	4	
6	10	2001	16.7	9.4	313	0	80.9	4	
6	11	2001	16.7	10	248	0	84.3	4	
6	12	2001	16.7	10.6	315	0	82.35	4	
6	13	2001	18.9	7.8	352	0	73.95	3	
6	14	2001	22.8	7.2	347	0	68.45	3	
6	15	2001	16.1	9.4	332	0	85.75	3	
6	16	2001	16.1	9.4	306	0	89.35	3	
6	17	2001	16.7	10.6	324	0	85.4	3	
6	18	2001	18.9	8.3	345	0	80.55	3	
6	19	2001	22.2	8.9	344	0	77.4	3	
6	20	2001	23.9	7.8	336	0	71.05	3	
6	21	2001	20.6	10	333	0	78.75	3	
6	22	2001	17.8	10.6	292	0	86.05	3	
6	23	2001	16.7	12.2	228	0	84.7	3	
6	24	2001	17.8	10.6	316	0	80.5	3	
6	25	2001	18.9	9.4	302	0.254	78.1	3	
6	26	2001	18.9	11.7	303	0	81.15	4	
6	27	2001	22.8	14.4	218	0	75.4	3	
6	28	2001	19.4	13.9	289	0.254	86.5	3	
6	29	2001	17.8	11.1	249	0	87.45	3	
6	30	2001	18.3	10.6	301	0	84.6	3	
7	1	2001	18.9	10	317	0	84.85	3	
7	2	2001	19.4	11.1	308	0	82	3	
7	3	2001	19.4	13.9	293	0	82.65	2	
7	4	2001	17.8	13.9	206	0	87.1	2	
7	5	2001	16.1	12.8	132	0	90.4	3	
7	6	2001	17.2	13.3	189	0	87.25	2	
7	7	2001	17.8	12.8	198	0	87.15	3	
7	8	2001	17.2	13.3	169	0	85.5	3	
7	9	2001	18.3	13.3	198	0	81.25	3	
7	10	2001	17.8	13.9	209	0	78.65	3	
7	11	2001	18.3	13.3	250	0	78.4	3	
7	12	2001	18.3	12.2	210	0	86.25	3	
7	13	2001	15.6	11.7	121	0	90.75	3	
7	14	2001	16.7	12.8	146	0	89.15	3	
7	15	2001	15.6	12.8	113	0	87.85	4	
7	16	2001	17.8	13.9	227	0	82.1	4	
7	17	2001	17.8	12.8	200	0	82.55	3	
7	18	2001	21.7	11.7	331	0	85.5	3	
7	19	2001	17.2	11.1	224	0	87.95	3	
7	20	2001	18.3	11.7	266	0	85.7	3	
7	21	2001	17.8	10	287	0	85	3	
7	22	2001	15.6	10.6	154	0	93	2	
7	23	2001	16.1	11.7	174	0	91.7	3	
7	24	2001	18.3	12.8	234	0.254	87.65	3	
7	25	2001	17.2	13.9	162	0	89.05	3	
7	26	2001	17.2	13.3	178	0.254	89.6	2	
7	27	2001	15.6	12.8	143	0.254	91.85	2	
7	28	2001	15	12.2	146	0	91.9	2	
7	29	2001	16.7	12.8	204	0	89.4	3	
7	30	2001	18.9	10	272	0	89.35	3	
7	31	2001	15.6	12.8	125	0	93.1	2	
8	1	2001	16.1	12.2	163	0	90.5	2	
8	2	2001	16.7	12.8	187	0	92.15	3	
8	3	2001	17.2	12.8	163	0	92.55	3	
8	4	2001	19.4	13.9	266	0.254	91.15	2	
8	5	2001	19.4	11.7	322	0	88.95	3	
8	6	2001	18.9	11.7	289	0	90.65	3	
8	7	2001	16.7	13.3	239	0	94.25	2	
8	8	2001	16.7	12.8	151	0	94.2	2	
8	9	2001	18.3	14.4	151	0	89.85	2	
8	10	2001	18.9	13.3	266	0	82.75	2	
8	11	2001	18.9	10	317	0	88.3	3	
8	12	2001	18.3	12.8	219	0	86.9	2	
8	13	2001	18.3	10.6	213	0	86.85	2	
8	14	2001	17.8	10.6	280	0	91	3	
8	15	2001	17.2	12.2	209	0	92.9	2	
8	16	2001	15.6	12.2	136	0	94.25	2	
8	17	2001	17.2	10	241	0	90.8	2	
8	18	2001	17.2	11.7	202	0	91.65	2	
8	19	2001	14.4	11.1	91	0	94.05	2	
8	20	2001	16.7	11.1	148	0	91	2	
8	21	2001	17.8	9.4	258	0	89.95	3	
8	22	2001	20	10	222	0	86.75	2	
8	23	2001	21.7	8.9	270	0	82.7	2	
8	24	2001	17.2	11.7	207	0.254	91.95	2	
8	25	2001	17.8	10	253	0	89.9	2	
8	26	2001	17.2	10.6	226	0	91	3	
8	27	2001	17.8	11.1	255	0.254	87.3	3	
8	28	2001	18.3	10	266	0.254	90.45	3	
8	29	2001	16.7	12.8	123	0	93.45	3	
8	30	2001	17.8	13.9	154	1.269	92.7	3	
8	31	2001	18.3	12.8	172	0	91.7	2	
9	1	2001	15.6	12.2	142	0	94.85	2	
9	2	2001	16.7	11.1	211	0.254	92.8	2	
9	3	2001	18.9	11.7	232	0.254	89.95	2	
9	4	2001	16.1	12.8	132	0	95.05	2	
9	5	2001	17.2	12.2	184	0.254	88.3	3	
9	6	2001	18.3	10.6	231	0	85.75	2	
9	7	2001	16.7	10	188	0	91	3	
9	8	2001	16.7	12.8	166	0	88.5	3	
9	9	2001	18.9	10.6	160	0	83.3	2	
9	10	2001	21.1	10.6	216	0	77.3	2	
9	11	2001	20.6	11.7	221	0	80.7	2	
9	12	2001	18.3	11.7	193	0	89.4	2	
9	13	2001	18.3	13.3	130	0	89.7	2	
9	14	2001	16.1	12.8	116	0	94.15	2	
9	15	2001	16.7	12.8	96	0	93.3	2	
9	16	2001	17.2	12.8	106	0	91.8	2	
9	17	2001	15.6	12.8	70	0.254	92.65	2	
9	18	2001	15.6	12.2	79	0.254	93.6	2	
9	19	2001	23.3	10.6	151	0	92.45	2	
9	20	2001	15	12.8	76	0	93.85	2	
9	21	2001	15	12.2	100	0	93.35	1	
9	22	2001	15	11.7	138	0	94.75	2	
9	23	2001	15.6	12.8	111	0	92.45	2	
									
