CAYOAAA2	DAVIS.A	YOLO							
121.7833333	38.53333333								
MO	DA	YEAR	TMAX	TMIN	SOL	PRCP	RH	WIND	
1	1	1995	8.9	3.9	40	1.015	97.65	3	
1	2	1995	9.4	2.8	44	1.015	93.65	2	
1	3	1995	11.7	6.7	23	24.11	97.55	1	
1	4	1995	9.4	7.8	13	12.94	95.4	4	
1	5	1995	15	6.7	111	7.107	82.25	4	
1	6	1995	11.7	7.2	20	3.046	85.8	4	
1	7	1995	13.9	9.4	59	10.66	88.35	7	
1	8	1995	13.9	11.1	14	16.24	90.05	7	
1	9	1995	17.2	12.2	20	33.24	93.65	8	
1	10	1995	15.6	10.6	48	65.73	91.85	6	
1	11	1995	16.7	9.4	108	1.015	79.3	4	
1	12	1995	13.3	11.1	25	5.076	96.1	4	
1	13	1995	16.1	9.4	24	2.031	93.5	6	
1	14	1995	15.6	8.9	68	3.046	89.5	4	
1	15	1995	15	6.1	129	1.015	78.7	2	
1	16	1995	12.2	2.8	89	1.015	83.7	2	
1	17	1995	10	1.1	74	1.015	90.5	1	
1	18	1995	12.8	3.9	111	0	84.1	1	
1	19	1995	11.7	2.8	98	0	85.55	2	
1	20	1995	10	2.2	44	5.076	92.8	2	
1	21	1995	11.1	5.6	60	3.046	93.45	1	
1	22	1995	13.3	8.9	45	17	88	5	
1	23	1995	13.9	10.6	61	9.899	89.6	4	
1	24	1995	14.4	8.3	61	7.107	89.95	3	
1	25	1995	15.6	7.2	112	3.046	86.6	1	
1	26	1995	12.2	7.2	22	13.95	94.7	3	
1	27	1995	11.7	9.4	19	18.02	98.55	3	
1	28	1995	15	11.1	54	3.046	93.65	1	
1	29	1995	16.1	10	61	0	91.95	1	
1	30	1995	15.6	11.7	43	15.99	96.95	2	
1	31	1995	18.3	11.1	77	0	96.1	2	
2	1	1995	16.1	11.7	59	1.015	95.8	2	
2	2	1995	19.4	9.4	151	0	81.65	2	
2	3	1995	16.7	9.4	85	0	92.55	1	
2	4	1995	13.3	9.4	53	0	98.6	1	
2	5	1995	12.2	8.9	51	0	96.7	1	
2	6	1995	12.2	9.4	25	0	93.95	2	
2	7	1995	13.3	7.2	50	0	93.55	1	
2	8	1995	15	6.7	67	4.061	92.95	2	
2	9	1995	21.7	5	167	1.015	76.5	2	
2	10	1995	13.9	7.2	83	0	96.2	2	
2	11	1995	11.7	9.4	29	0	95.55	2	
2	12	1995	15.6	10	94	0	82.45	4	
2	13	1995	14.4	5	86	0	84.55	4	
2	14	1995	13.3	0.6	185	0	69	2	
2	15	1995	15	-0.6	186	0	72.8	2	
2	16	1995	14.4	1.1	101	0	82.05	1	
2	17	1995	18.3	2.2	165	0	80.5	1	
2	18	1995	21.1	7.2	180	0	78.85	3	
2	19	1995	21.1	3.9	187	0	76.6	2	
2	20	1995	22.2	6.1	163	0	81.65	1	
2	21	1995	23.3	5.6	194	1.015	76.8	1	
2	22	1995	14.4	9.4	59	0	99.8	2	
2	23	1995	18.9	8.3	108	1.015	87	2	
2	24	1995	14.4	8.3	49	0	92	1	
2	25	1995	14.4	10	50	0	91.15	1	
2	26	1995	13.9	8.3	37	0	88.75	1	
2	27	1995	15	7.2	49	0	88.8	1	
2	28	1995	16.1	7.8	54	0	87.1	1	
3	1	1995	18.9	10	121	0	84.35	1	
3	2	1995	15.6	11.7	36	23.09	97.2	2	
3	3	1995	15.6	5.6	150	1.015	76.95	3	
3	4	1995	14.4	2.8	166	0	80.65	2	
3	5	1995	13.9	5.6	100	2.031	83.8	2	
3	6	1995	17.8	5	231	0	68.1	3	
3	7	1995	16.1	1.1	157	0	79.95	1	
3	8	1995	14.4	10.6	30	14.97	86.45	4	
3	9	1995	17.2	12.8	43	31.98	90.95	6	
3	10	1995	15	11.7	34	26.9	92.5	7	
3	11	1995	15.6	10	121	15.99	92.35	4	
3	12	1995	16.7	8.3	180	0	81.05	3	
3	13	1995	13.9	11.1	40	4.061	94.45	3	
3	14	1995	18.3	8.3	72	4.061	86.6	2	
3	15	1995	18.9	5	248	0	75.55	3	
3	16	1995	21.7	7.8	243	0	71.3	1	
3	17	1995	20	6.1	187	0	83.75	2	
3	18	1995	18.3	8.9	86	4.061	86.75	3	
3	19	1995	17.2	6.1	137	0	85.65	2	
3	20	1995	14.4	7.8	65	11.92	87.2	4	
3	21	1995	13.3	5.6	188	3.046	84.8	4	
3	22	1995	11.7	5.6	52	47.97	90.75	7	
3	23	1995	10.6	2.8	113	8.883	87.65	4	
3	24	1995	13.3	0.6	235	0	75.15	2	
3	25	1995	15	5.6	271	0	64	6	
3	26	1995	16.7	5	271	0	60.35	4	
3	27	1995	19.4	7.2	275	0	48.55	5	
3	28	1995	21.1	8.3	276	0	53.8	5	
3	29	1995	21.7	5	277	0	55.55	3	
3	30	1995	22.8	5	267	0	59.4	2	
3	31	1995	21.7	4.4	223	0	67.25	1	
4	1	1995	20	10	251	0	66.9	3	
4	2	1995	23.9	11.1	291	0	41.15	6	
4	3	1995	24.4	5	285	0	67.8	1	
4	4	1995	25	5	279	0	71.45	2	
4	5	1995	24.4	8.3	240	0	74.7	2	
4	6	1995	18.9	12.8	167	0	84.5	4	
4	7	1995	17.8	10	140	3.046	78.95	4	
4	8	1995	15.6	3.9	182	1.015	72.35	3	
4	9	1995	18.3	2.2	299	0	58.8	5	
4	10	1995	23.3	8.3	291	0	55.5	4	
4	11	1995	23.3	7.2	270	0	71.95	2	
4	12	1995	21.1	10.6	185	0	83.45	4	
4	13	1995	18.9	8.3	213	0	67.45	4	
4	14	1995	19.4	3.9	296	0	53.25	4	
4	15	1995	13.3	1.7	116	2.031	73.4	3	
4	16	1995	20.6	5	303	1.015	63.55	4	
4	17	1995	16.1	5.6	160	0	79.25	4	
4	18	1995	18.3	7.8	273	0	60.55	5	
4	19	1995	18.9	4.4	296	1.015	57.55	4	
4	20	1995	18.3	8.3	268	0	65.1	4	
4	21	1995	22.8	7.2	325	0	38.35	6	
4	22	1995	27.2	7.2	324	0	43.25	2	
4	23	1995	27.8	7.2	318	0	55.75	2	
4	24	1995	28.3	7.8	320	0	55.9	2	
4	25	1995	25.6	6.1	324	0	69.7	2	
4	26	1995	23.9	8.3	287	0	68.65	3	
4	27	1995	20	10.6	195	2.031	76.8	4	
4	28	1995	16.1	12.8	65	3.046	91.2	3	
4	29	1995	20	13.9	148	2.031	90.45	4	
4	30	1995	21.1	12.8	155	8.883	83.1	2	
5	1	1995	21.7	11.1	256	1.015	74.15	4	
5	2	1995	23.3	9.4	307	0	72.85	2	
5	3	1995	22.8	7.8	265	0	74	2	
5	4	1995	22.2	7.8	239	0	72.45	2	
5	5	1995	19.4	7.8	176	15.99	75.35	2	
5	6	1995	21.7	5.6	322	1.015	72.75	2	
5	7	1995	21.1	8.3	267	0	75.65	3	
5	8	1995	21.1	8.9	320	0	70.05	3	
5	9	1995	17.2	8.3	132	0	80.95	2	
5	10	1995	22.8	8.9	290	0	72.65	2	
5	11	1995	20.6	10	260	1.015	60.8	4	
5	12	1995	17.2	6.1	166	0	72.6	3	
5	13	1995	16.7	7.8	183	8.883	79.7	3	
5	14	1995	18.3	11.1	147	0	76.95	2	
5	15	1995	20	10	235	0	70.95	2	
5	16	1995	24.4	11.7	324	0	72.35	3	
5	17	1995	25.6	11.1	338	1.015	73.05	3	
5	18	1995	29.4	10.6	337	0	67.9	2	
5	19	1995	28.9	11.1	344	0	58.6	2	
5	20	1995	27.8	10	347	0	66.75	3	
5	21	1995	20.6	9.4	258	0	75.85	3	
5	22	1995	22.8	10	333	0	76.85	2	
5	23	1995	30	10	338	0	55.9	3	
5	24	1995	25.6	10.6	311	0	69.6	3	
5	25	1995	30	11.1	342	0	62.75	2	
5	26	1995	25.6	10	324	0	71.45	3	
5	27	1995	28.9	13.3	329	0	60.75	2	
5	28	1995	33.3	12.2	351	0	52.25	2	
5	29	1995	33.9	11.7	354	0	58.5	2	
5	30	1995	32.2	11.7	329	0	56.05	2	
5	31	1995	32.8	13.9	331	0	52.95	2	
6	1	1995	29.4	12.2	306	0	63.85	4	
6	2	1995	21.1	11.1	207	0	75.05	3	
6	3	1995	28.3	10.6	335	0	72.2	3	
6	4	1995	27.2	11.7	338	0	64.25	4	
6	5	1995	23.9	11.1	359	0	57.2	4	
6	6	1995	23.3	12.8	360	0	38.85	8	
6	7	1995	25.6	14.4	362	0	39	6	
6	8	1995	27.2	11.1	339	0	54.2	3	
6	9	1995	26.1	10.6	341	0	58.9	3	
6	10	1995	27.8	11.1	349	0	60.6	3	
6	11	1995	26.1	11.7	357	0	64.1	3	
6	12	1995	30	7.8	355	0	60.15	2	
6	13	1995	28.9	10.6	329	0	59.95	3	
6	14	1995	18.3	12.8	105	4.061	80.85	4	
6	15	1995	20.6	11.1	191	5.076	75.05	4	
6	16	1995	20.6	10.6	249	8.122	78.45	2	
6	17	1995	22.8	11.7	305	0	78.55	4	
6	18	1995	22.8	10	334	0	70.55	3	
6	19	1995	25	7.8	364	0	61.25	3	
6	20	1995	27.8	14.4	360	0	41.95	5	
6	21	1995	31.1	14.4	363	0	46.05	4	
6	22	1995	35	13.9	354	0	53.45	2	
6	23	1995	37.8	17.8	358	0	49.5	2	
6	24	1995	40	18.9	354	0	50.6	3	
6	25	1995	40.6	20.6	353	0	54.25	3	
6	26	1995	37.2	17.8	348	0	54.4	2	
6	27	1995	35	15	357	0	58.85	3	
6	28	1995	35	13.3	354	0	61.7	2	
6	29	1995	30	14.4	352	0	68.4	3	
6	30	1995	29.4	13.9	355	0	63.75	3	
7	1	1995	30	12.8	350	0	65.7	3	
7	2	1995	30.6	12.2	350	0	68.25	3	
7	3	1995	29.4	14.4	346	0	71.1	3	
7	4	1995	32.8	13.9	345	0	67.5	2	
7	5	1995	34.4	14.4	345	0	64.15	2	
7	6	1995	32.2	13.9	349	0	57.7	4	
7	7	1995	33.3	14.4	343	0	58.1	2	
7	8	1995	33.9	16.7	278	0	54.65	2	
7	9	1995	28.9	13.9	347	0	56.15	4	
7	10	1995	28.3	12.2	356	0	61.15	3	
7	11	1995	27.8	10.6	322	0	45	5	
7	12	1995	25	12.8	287	0	70.6	3	
7	13	1995	31.7	17.2	335	0	45.05	4	
7	14	1995	35.6	17.8	333	0	48.45	2	
7	15	1995	38.3	18.3	335	0	47.9	2	
7	16	1995	38.9	18.3	327	0	49.25	4	
7	17	1995	26.7	16.7	115	0	61.05	3	
7	18	1995	33.3	15	283	1.015	65.2	2	
7	19	1995	32.2	15.6	313	0	61.2	3	
7	20	1995	30	15	316	0	67.3	3	
7	21	1995	30.6	12.8	322	0	66.3	3	
7	22	1995	28.9	12.2	324	0	67.95	3	
7	23	1995	30	11.1	325	0	69.2	2	
7	24	1995	30.6	13.3	323	0	68.85	3	
7	25	1995	29.4	12.8	324	0	64.5	2	
7	26	1995	35	11.7	331	0	55.45	2	
7	27	1995	38.3	15.6	325	0	49.8	2	
7	28	1995	36.7	16.7	295	0	45.9	3	
7	29	1995	32.8	13.9	328	0	55.1	3	
7	30	1995	35	15	323	0	46.85	4	
7	31	1995	39.4	17.8	323	0	45.4	2	
8	1	1995	38.9	16.1	311	0	51.55	2	
8	2	1995	37.8	17.2	307	0	51.45	2	
8	3	1995	36.1	15.6	308	0	57.55	2	
8	4	1995	32.8	14.4	309	0	62.6	2	
8	5	1995	32.2	13.9	301	0	64	3	
8	6	1995	32.2	12.8	311	0	58.85	3	
8	7	1995	31.1	15	304	0	60.75	2	
8	8	1995	32.8	17.2	316	0	41.9	5	
8	9	1995	34.4	13.3	305	0	49.1	3	
8	10	1995	28.3	14.4	304	0	62.7	4	
8	11	1995	30.6	9.4	305	0	60.45	2	
8	12	1995	35	12.8	305	0	50.75	2	
8	13	1995	35	13.9	301	0	48.9	2	
8	14	1995	36.7	16.1	293	0	49.75	2	
8	15	1995	32.2	16.1	290	0	57.25	4	
8	16	1995	27.8	14.4	279	0	57.5	5	
8	17	1995	26.7	10	289	0	64.25	2	
8	18	1995	32.8	12.2	295	0	48.65	3	
8	19	1995	36.1	12.2	291	0	50.65	1	
8	20	1995	36.7	15	279	0	49.4	2	
8	21	1995	34.4	16.1	262	0	57.85	2	
8	22	1995	36.7	17.2	244	0	58.15	2	
8	23	1995	36.1	16.7	273	0	52.65	3	
8	24	1995	29.4	14.4	276	0	60.25	4	
8	25	1995	27.8	10.6	281	0	62.9	3	
8	26	1995	30	8.3	277	0	65.7	2	
8	27	1995	30	10.6	278	0	62.55	3	
8	28	1995	30	10.6	273	0	60.2	2	
8	29	1995	30.6	10.6	265	0	63.85	2	
8	30	1995	32.8	10.6	272	0	55.75	1	
8	31	1995	32.2	9.4	269	0	57.65	2	
9	1	1995	30.6	11.7	265	0	63.25	2	
9	2	1995	30.6	10	262	0	64.55	2	
9	3	1995	30	11.7	264	0	60.7	2	
9	4	1995	30.6	10	258	0	63.3	2	
9	5	1995	32.8	11.7	257	0	56.1	3	
9	6	1995	35.6	12.8	252	0	47.3	2	
9	7	1995	33.9	13.9	247	0	50.95	2	
9	8	1995	32.8	12.8	248	0	52.3	2	
9	9	1995	28.3	11.1	241	0	67.95	3	
9	10	1995	29.4	10.6	239	0	68.15	2	
9	11	1995	31.1	11.1	237	0	61.95	2	
9	12	1995	32.2	10.6	234	0	63.8	2	
9	13	1995	31.1	11.1	233	0	66.15	2	
9	14	1995	32.8	10.6	227	0	65.9	2	
9	15	1995	31.1	12.2	245	0	68.95	3	
9	16	1995	28.3	13.9	241	0	64.75	3	
9	17	1995	32.8	11.7	235	0	62	2	
9	18	1995	36.7	13.3	231	0	54.8	1	
9	19	1995	36.7	15	225	0	53.3	1	
9	20	1995	35	15	226	0	56.75	2	
9	21	1995	32.2	13.9	216	0	59.55	2	
9	22	1995	28.9	13.9	223	0	68.1	2	
9	23	1995	28.3	10	220	0	65.9	2	
9	24	1995	28.3	14.4	175	0	65.25	2	
9	25	1995	27.8	15	201	0	66.55	3	
9	26	1995	27.8	10.6	210	0	66.25	2	
9	27	1995	27.2	12.2	213	0	67.05	3	
9	28	1995	25	10.6	191	0	68	2	
9	29	1995	27.2	11.7	211	0	51.45	4	
9	30	1995	28.3	8.9	198	0	49.9	2	
10	1	1995	28.9	11.1	208	0	46.45	4	
10	2	1995	32.2	14.4	206	0	35.75	4	
10	3	1995	32.2	10	201	0	48.05	2	
10	4	1995	27.2	16.1	205	0	24.45	10	
10	5	1995	29.4	12.2	195	0	33.1	3	
10	6	1995	28.3	6.7	192	0	43.85	2	
10	7	1995	27.8	7.8	192	0	53.45	2	
10	8	1995	27.2	6.1	187	0	60.4	1	
10	9	1995	28.9	7.8	186	0	55.35	1	
10	10	1995	29.4	8.9	185	0	52.85	1	
10	11	1995	27.8	13.3	183	0	62.35	4	
10	12	1995	25	11.7	185	0	38.2	7	
10	13	1995	28.3	12.2	185	0	31.85	4	
10	14	1995	31.1	10	183	0	44.35	2	
10	15	1995	25.6	7.8	174	0	65	2	
10	16	1995	23.3	7.8	172	0	70.05	2	
10	17	1995	27.2	7.8	173	0	64.8	1	
10	18	1995	30.6	11.7	169	0	51.15	3	
10	19	1995	31.1	11.7	172	0	43.85	2	
10	20	1995	28.9	8.9	155	0	57.15	1	
10	21	1995	25.6	8.9	168	0	50.65	5	
10	22	1995	22.8	12.2	161	0	27.1	8	
10	23	1995	23.9	8.3	153	0	40.25	2	
10	24	1995	24.4	4.4	156	0	50.5	1	
10	25	1995	22.8	3.3	154	0	64.65	1	
10	26	1995	26.7	7.8	149	0	56.3	1	
10	27	1995	25	7.8	122	0	54.45	2	
10	28	1995	24.4	7.8	114	0	65.4	1	
10	29	1995	26.1	7.8	139	0	66.95	1	
10	30	1995	22.8	6.7	135	0	75.1	2	
10	31	1995	18.9	10	91	0	80.65	3	
11	1	1995	21.1	8.3	126	0	78.6	2	
11	2	1995	20	5.6	117	0	79.9	1	
11	3	1995	23.3	6.1	132	0	58.35	2	
11	4	1995	23.3	2.8	133	0	40.65	1	
11	5	1995	21.7	2.2	121	0	64.45	2	
11	6	1995	22.2	5	127	0	67.2	2	
11	7	1995	24.4	6.7	124	0	55.4	1	
11	8	1995	24.4	6.7	107	0	63.9	2	
11	9	1995	21.1	10	121	0	75.75	3	
11	10	1995	22.2	7.8	122	0	61.6	3	
11	11	1995	22.8	5.6	126	0	59.9	1	
11	12	1995	25.6	6.7	118	0	56.5	1	
11	13	1995	26.1	7.8	122	0	60.2	1	
11	14	1995	26.1	6.7	114	0	63.5	1	
11	15	1995	24.4	7.8	116	0	72	1	
11	16	1995	24.4	8.3	117	0	74.4	1	
11	17	1995	23.3	7.2	109	0	77.1	2	
11	18	1995	21.7	10	98	0	76.45	2	
11	19	1995	21.7	6.7	112	0	71.65	2	
11	20	1995	21.7	6.7	97	0	66.85	1	
11	21	1995	18.9	8.9	55	0	81.15	2	
11	22	1995	21.1	5.6	98	0	75.05	1	
11	23	1995	22.8	5	112	0	70.5	1	
11	24	1995	20	5.6	99	0	72.05	1	
11	25	1995	25.6	5.6	99	0	75.6	3	
11	26	1995	18.9	5.6	116	0	53.65	4	
11	27	1995	20.6	7.2	108	0	32.8	6	
11	28	1995	20.6	3.9	98	0	55.7	1	
11	29	1995	20	3.3	102	0	62.6	1	
11	30	1995	22.2	3.9	102	0	74	1	
12	1	1995	21.7	8.9	76	0	80.7	3	
12	2	1995	16.7	4.4	100	0	73.5	2	
12	3	1995	15.6	4.4	47	0	72.75	2	
12	4	1995	16.7	12.2	20	0	91.55	3	
12	5	1995	21.7	10.6	85	0	81.4	3	
12	6	1995	15.6	8.3	43	2.031	94.8	1	
12	7	1995	16.1	6.7	52	1.015	93.35	2	
12	8	1995	15.6	5.6	55	0	91.15	1	
12	9	1995	12.2	8.9	14	0	96.4	2	
12	10	1995	13.3	10.6	24	1.015	92.7	3	
12	11	1995	12.8	11.1	12	28.93	95.8	6	
12	12	1995	17.8	11.1	44	56.85	85.2	7	
12	13	1995	15	6.7	34	8.883	92.15	3	
12	14	1995	13.9	3.9	80	0	90.15	3	
12	15	1995	16.1	6.7	65	8.883	83.2	4	
12	16	1995	13.3	4.4	90	0	78.85	5	
12	17	1995	11.7	2.2	76	0	81	2	
12	18	1995	9.4	6.7	27	1.015	94.4	2	
12	19	1995	15.6	5.6	98	0	79.15	2	
12	20	1995	10	1.7	92	0	89.6	1	
12	21	1995	9.4	1.7	47	1.015	94.45	1	
12	22	1995	8.3	3.9	22	1.015	97.6	4	
12	23	1995	13.3	4.4	89	0	81.35	3	
12	24	1995	12.2	3.3	86	0	83.5	3	
12	25	1995	14.4	2.8	102	0	72.45	2	
12	26	1995	13.9	2.2	93	0	75.85	2	
12	27	1995	14.4	4.4	77	0	84.9	2	
12	28	1995	11.1	4.4	47	0	93.55	2	
12	29	1995	10.6	7.8	10	9.899	98.6	4	
12	30	1995	13.3	10.6	16	0	-1	3	
12	31	1995	14.4	10.6	49	1.015	86.85	4	
1	1	1996	18.3	10	106	0	68.55	5	
1	2	1996	15.6	5	99	0	86.55	2	
1	3	1996	15	6.1	53	0	93.75	2	
1	4	1996	13.9	6.1	45	0	87.2	1	
1	5	1996	14.4	7.8	71	0	91.25	2	
1	6	1996	13.9	4.4	91	0	89.7	1	
1	7	1996	10.6	5	41	0	-1	1	
1	8	1996	11.7	7.8	45	0	98.25	1	
1	9	1996	10.6	7.2	18	1.015	97.75	3	
1	10	1996	17.8	6.1	112	0	76.75	5	
1	11	1996	13.3	3.3	81	0	90.55	1	
1	12	1996	8.3	3.9	24	1.015	-1	1	
1	13	1996	9.4	5.6	39	0	95.9	1	
1	14	1996	6.7	5.6	19	0	97.7	2	
1	15	1996	10.6	6.7	20	3.046	98.2	3	
1	16	1996	18.9	10	34	24.87	83.6	6	
1	17	1996	14.4	3.9	117	0	71.75	3	
1	18	1996	13.9	7.2	16	8.883	91	4	
1	19	1996	16.7	6.7	114	0	77.7	3	
1	20	1996	13.9	3.9	44	10.91	88.8	4	
1	21	1996	13.9	6.7	114	0	76.45	3	
1	22	1996	11.1	1.7	126	0	74.8	3	
1	23	1996	7.8	1.7	17	3.046	93.05	4	
1	24	1996	14.4	6.7	40	9.899	97.1	6	
1	25	1996	14.4	4.4	129	0	70.45	2	
1	26	1996	8.9	2.2	48	0	90.9	2	
1	27	1996	15	6.7	51	18.02	87.15	5	
1	28	1996	14.4	1.7	130	0	78.85	1	
1	29	1996	10	2.8	47	0	91.8	1	
1	30	1996	10.6	7.2	46	12.94	94.5	4	
1	31	1996	12.2	8.3	25	23.85	98.05	4	
2	1	1996	17.2	5.6	126	0	84	3	
2	2	1996	13.9	7.8	64	0	92.15	2	
2	3	1996	13.3	10	26	6.091	97.7	2	
2	4	1996	16.7	12.2	18	18.02	98.65	5	
2	5	1996	21.1	11.7	129	17	80.35	3	
2	6	1996	20.6	8.3	122	10.91	83.8	1	
2	7	1996	14.4	8.3	52	8.883	98.2	1	
2	8	1996	17.2	10.6	60	1.015	91.15	1	
2	9	1996	19.4	10.6	108	0	87.25	2	
2	10	1996	21.7	12.2	139	0	81.2	2	
2	11	1996	22.8	8.9	149	0	77.45	3	
2	12	1996	24.4	9.4	153	0	79.8	2	
2	13	1996	19.4	8.9	67	0	92.2	1	
2	14	1996	18.9	8.9	88	1.015	93.25	1	
2	15	1996	17.2	9.4	51	7.868	96.4	2	
2	16	1996	20	11.1	119	1.015	89.65	1	
2	17	1996	20.6	13.9	104	3.046	86.9	4	
2	18	1996	18.3	11.1	80	10.91	89.7	4	
2	19	1996	15.6	12.2	32	13.95	92.1	4	
2	20	1996	16.7	11.1	71	11.92	90.15	6	
2	21	1996	13.3	5.6	114	11.92	80.45	4	
2	22	1996	13.3	3.9	169	0	71.75	2	
2	23	1996	14.4	1.7	153	0	79.2	3	
2	24	1996	12.2	2.8	151	0	71.3	3	
2	25	1996	10.6	1.1	137	0	77.15	2	
2	26	1996	12.8	-0.6	181	0	68.35	3	
2	27	1996	6.1	2.8	19	18.02	93.7	3	
2	28	1996	11.1	5	55	10.91	88.1	4	
2	29	1996	13.9	6.7	93	2.031	88.45	4	
3	1	1996	17.8	5	182	0	79.75	3	
3	2	1996	21.7	4.4	184	0	72.45	2	
3	3	1996	14.4	8.3	49	1.015	94.25	2	
3	4	1996	15.6	10	66	12.94	92.25	5	
3	5	1996	14.4	4.4	146	0	75.6	3	
3	6	1996	15.6	3.3	173	0	75.9	2	
3	7	1996	18.3	7.2	166	0	74.9	3	
3	8	1996	21.7	5	168	0	74.95	1	
3	9	1996	21.7	10	151	0	77.45	1	
3	10	1996	18.9	8.3	114	1.015	85.45	3	
3	11	1996	18.9	11.7	131	13.95	78.45	4	
3	12	1996	15	9.4	50	24.87	88.7	4	
3	13	1996	19.4	10.6	198	0	63.3	7	
3	14	1996	22.2	7.8	201	0	67.1	3	
3	15	1996	23.3	6.1	190	0	77.4	1	
3	16	1996	23.9	7.8	197	0	66.85	4	
3	17	1996	26.7	7.8	198	0	66.3	2	
3	18	1996	27.2	10	200	0	71.15	1	
3	19	1996	24.4	8.9	191	0	78.85	2	
3	20	1996	25.6	7.2	206	0	73.85	2	
3	21	1996	22.2	5.6	208	0	74.3	3	
3	22	1996	17.8	7.2	206	0	64.85	4	
3	23	1996	17.8	2.8	215	0	62.5	3	
3	24	1996	17.2	3.3	200	0	75.95	3	
3	25	1996	17.8	4.4	178	0	64	4	
3	26	1996	20.6	1.1	218	0	56.55	3	
3	27	1996	19.4	7.8	160	3.046	80.5	4	
3	28	1996	17.8	3.3	221	0	60.55	4	
3	29	1996	18.3	2.8	212	0	63.1	2	
3	30	1996	20	5	228	0	63.65	2	
3	31	1996	23.3	4.4	206	0	66.2	3	
4	1	1996	15	7.8	26	35.02	91.6	3	
4	2	1996	18.9	5	196	0	80.65	2	
4	3	1996	21.1	5.6	229	0	77.8	2	
4	4	1996	24.4	10.6	233	0	60.1	4	
4	5	1996	26.7	7.8	243	0	62.2	2	
4	6	1996	26.7	8.3	236	0	70.95	1	
4	7	1996	28.3	11.1	238	0	70.6	1	
4	8	1996	23.3	9.4	238	0	77.3	3	
4	9	1996	20	8.3	172	0	82.35	3	
4	10	1996	21.1	6.7	234	0	71.65	3	
4	11	1996	21.1	6.7	201	0	71.25	2	
4	12	1996	20	8.3	239	0	55.5	3	
4	13	1996	22.2	6.7	246	0	51.7	3	
4	14	1996	23.3	5.6	222	0	64.75	1	
4	15	1996	21.1	10.6	95	0	66.15	4	
4	16	1996	19.4	7.2	187	1.015	70.45	4	
4	17	1996	17.2	6.1	127	7.107	79.6	3	
4	18	1996	18.3	5.6	240	0	69.45	2	
4	19	1996	14.4	3.9	82	0	82.9	3	
4	20	1996	16.1	4.4	157	0	71.4	3	
4	21	1996	20	3.9	226	0	76.25	2	
4	22	1996	22.8	7.2	230	0	63.8	2	
4	23	1996	25	8.9	201	0	65.75	3	
4	24	1996	23.9	13.9	247	0	69.15	4	
4	25	1996	29.4	13.3	284	0	46.35	5	
4	26	1996	30.6	15	288	0	37.65	4	
4	27	1996	26.1	13.9	289	0	25.7	8	
4	28	1996	28.9	16.1	290	0	23.7	8	
4	29	1996	31.7	11.7	297	0	36.55	2	
4	30	1996	34.4	14.4	291	0	41.9	4	
5	1	1996	33.9	16.7	296	0	36.35	4	
5	2	1996	30	12.2	295	0	45.4	3	
5	3	1996	25	10	285	0	40.95	3	
5	4	1996	25	6.1	292	0	53.05	3	
5	5	1996	25	8.9	283	0	53.15	3	
5	6	1996	24.4	8.3	271	0	56.75	2	
5	7	1996	25	6.7	274	0	59.2	2	
5	8	1996	25.6	7.2	320	0	-1	3	
5	9	1996	26.1	5	354	0	54.75	2	
5	10	1996	30.6	7.8	353	0	54.45	2	
5	11	1996	34.4	13.3	339	0	46.3	2	
5	12	1996	35	13.3	350	0	53.65	2	
5	13	1996	31.1	13.9	309	0	54.55	3	
5	14	1996	22.2	15.6	187	0	76.95	4	
5	15	1996	18.3	15	64	46.95	85.1	2	
5	16	1996	20.6	14.4	124	11.92	85.7	4	
5	17	1996	20.6	14.4	103	1.015	79.6	4	
5	18	1996	19.4	10.6	206	0	78.6	4	
5	19	1996	22.8	7.2	343	0	66.4	2	
5	20	1996	23.3	8.9	328	0	66.3	2	
5	21	1996	18.9	11.1	179	0	82.35	4	
5	22	1996	22.8	9.4	336	0	59.9	4	
5	23	1996	22.8	11.7	369	0	48.9	7	
5	24	1996	26.7	13.3	368	0	42.45	7	
5	25	1996	29.4	13.9	365	0	44.55	4	
5	26	1996	20.6	12.2	354	0	72.85	6	
5	27	1996	26.1	10	335	0	69	3	
5	28	1996	23.9	11.7	333	0	66.5	3	
5	29	1996	23.3	10	344	0	71.7	3	
5	30	1996	26.1	9.4	336	0	67.8	2	
5	31	1996	29.4	9.4	357	0	55.45	2	
6	1	1996	33.9	12.8	365	0	53.6	3	
6	2	1996	36.7	15.6	363	0	48.7	2	
6	3	1996	38.3	16.1	360	0	50.55	2	
6	4	1996	36.1	15	364	0	55.15	2	
6	5	1996	37.8	16.7	360	0	54.25	3	
6	6	1996	37.2	15.6	363	0	52.95	2	
6	7	1996	35	15	359	0	56.75	2	
6	8	1996	35	11.7	373	0	59.5	2	
6	9	1996	34.4	15.6	375	0	46.7	2	
6	10	1996	30.6	11.7	370	0	55.4	3	
6	11	1996	33.3	11.7	364	0	58.4	2	
6	12	1996	31.1	12.8	368	0	61	3	
6	13	1996	27.8	10.6	371	0	66.45	3	
6	14	1996	31.1	11.1	369	0	63.4	2	
6	15	1996	27.8	10.6	375	0	67.05	3	
6	16	1996	23.9	11.7	378	0	69.7	4	
6	17	1996	28.3	10	369	0	64.65	2	
6	18	1996	30	14.4	378	0	43.25	4	
6	19	1996	31.1	11.7	362	0	44.35	4	
6	20	1996	27.2	12.2	377	0	58.8	4	
6	21	1996	26.7	11.1	370	0	65.95	3	
6	22	1996	31.1	11.1	369	0	61.25	2	
6	23	1996	31.7	13.3	367	0	54.05	3	
6	24	1996	23.9	12.2	267	1.015	60.85	4	
6	25	1996	23.3	9.4	353	0	65.1	3	
6	26	1996	22.2	12.2	341	0	71.85	4	
6	27	1996	23.9	10.6	319	0	66	2	
6	28	1996	30	9.4	376	0	62.05	2	
6	29	1996	33.3	12.8	381	0	52.1	2	
6	30	1996	38.9	15	384	0	47.8	1	
7	1	1996	38.3	16.1	376	0	48.75	2	
7	2	1996	36.7	15	380	0	50.8	3	
7	3	1996	33.3	13.3	373	0	61.35	3	
7	4	1996	30.6	13.3	389	0	57.9	2	
7	5	1996	36.1	11.7	382	0	52.55	2	
7	6	1996	36.7	14.4	384	0	50.4	2	
7	7	1996	33.9	13.9	376	0	59.7	2	
7	8	1996	32.8	13.3	371	0	64.1	2	
7	9	1996	35.6	13.9	366	0	57.65	2	
7	10	1996	35.6	14.4	364	0	55.85	2	
7	11	1996	33.3	14.4	356	0	46.65	3	
7	12	1996	32.8	14.4	332	0	52.1	2	
7	13	1996	36.1	15	354	0	58	2	
7	14	1996	33.3	15.6	362	0	62.55	3	
7	15	1996	30	13.3	373	0	66.2	3	
7	16	1996	27.8	12.8	367	0	70.15	3	
7	17	1996	28.9	12.8	366	0	66.8	4	
7	18	1996	30.6	11.1	373	0	62.35	2	
7	19	1996	32.2	13.9	376	0	46.75	3	
7	20	1996	36.7	13.3	376	0	42.45	2	
7	21	1996	37.2	14.4	370	0	48.75	2	
7	22	1996	36.7	13.3	347	0	52.5	2	
7	23	1996	34.4	16.1	293	0	51.85	2	
7	24	1996	34.4	13.3	358	0	56.75	2	
7	25	1996	37.8	13.9	358	0	56.4	2	
7	26	1996	33.9	12.8	326	0	62.85	2	
7	27	1996	33.3	17.2	267	0	54.7	3	
7	28	1996	37.8	19.4	313	0	43.2	2	
7	29	1996	39.4	20	343	0	46.45	2	
7	30	1996	38.9	17.8	344	0	50.7	2	
7	31	1996	39.4	16.7	354	0	47.35	2	
8	1	1996	32.2	13.3	362	0	60.45	3	
8	2	1996	35	12.8	355	0	54.9	3	
8	3	1996	30	13.9	343	0	56.45	3	
8	4	1996	33.3	13.3	348	0	51.95	2	
8	5	1996	25.6	13.9	344	0	66.75	5	
8	6	1996	30	12.2	342	0	63.3	2	
8	7	1996	32.8	11.7	341	0	58.9	2	
8	8	1996	37.2	13.3	334	0	57.1	1	
8	9	1996	38.3	15	331	0	55.4	1	
8	10	1996	41.1	15.6	330	0	43.5	2	
8	11	1996	41.7	20.6	305	0	39.25	2	
8	12	1996	40	20	275	0	43.25	2	
8	13	1996	40	18.9	308	0	46.1	2	
8	14	1996	38.9	17.2	323	0	45.45	2	
8	15	1996	36.7	12.8	328	0	45.25	2	
8	16	1996	36.1	12.8	337	0	48.2	2	
8	17	1996	29.4	12.2	317	0	64.85	3	
8	18	1996	29.4	12.2	263	0	55.75	2	
8	19	1996	26.7	12.8	315	0	65.5	4	
8	20	1996	29.4	10.6	318	0	64.9	2	
8	21	1996	33.9	12.8	316	0	52.75	2	
8	22	1996	35	11.7	315	0	53.7	2	
8	23	1996	35.6	13.3	305	0	54.55	2	
8	24	1996	33.3	13.3	306	0	57.7	2	
8	25	1996	30.6	10.6	318	0	61.2	3	
8	26	1996	27.2	11.1	318	0	68.4	3	
8	27	1996	28.3	9.4	312	0	66	2	
8	28	1996	33.9	12.2	309	0	58.65	2	
8	29	1996	36.1	13.3	306	0	53.3	1	
8	30	1996	37.2	14.4	309	0	52.4	2	
8	31	1996	33.3	12.2	312	0	56.55	2	
9	1	1996	31.7	11.1	310	0	60.75	2	
9	2	1996	30.6	10.6	310	0	57.4	2	
9	3	1996	27.2	10	306	0	66.25	3	
9	4	1996	28.9	11.7	298	0	56.75	3	
9	5	1996	28.3	8.3	303	0	51.95	3	
9	6	1996	32.2	8.9	297	0	39.45	2	
9	7	1996	33.3	9.4	296	0	40.85	1	
9	8	1996	34.4	11.1	296	0	39.05	2	
9	9	1996	34.4	11.1	290	0	41.45	2	
9	10	1996	34.4	12.2	285	0	46.85	2	
9	11	1996	25	11.7	282	0	63.9	4	
9	12	1996	25.6	8.9	264	0	65.4	3	
9	13	1996	23.3	12.8	121	0	68.2	2	
9	14	1996	26.7	9.4	266	0	66.15	2	
9	15	1996	25.6	12.8	214	0	62.25	4	
9	16	1996	26.1	12.2	264	0	41.7	4	
9	17	1996	27.8	13.3	263	0	30.8	4	
9	18	1996	29.4	12.8	269	0	30.75	3	
9	19	1996	31.7	8.9	269	0	37.55	1	
9	20	1996	32.8	11.1	268	0	42.5	2	
9	21	1996	32.2	12.2	263	0	53.4	3	
9	22	1996	30	12.8	262	0	53.45	3	
9	23	1996	28.9	9.4	260	0	59.6	2	
9	24	1996	29.4	8.9	257	0	59.15	2	
9	25	1996	30.6	8.9	240	0	59.7	2	
9	26	1996	32.8	10	251	0	49.9	2	
9	27	1996	31.7	8.9	249	0	57.05	1	
9	28	1996	32.8	10	239	0	58	1	
9	29	1996	32.2	10.6	224	0	59.2	1	
9	30	1996	25.6	11.7	225	0	65.5	3	
10	1	1996	24.4	9.4	222	0	70.15	2	
10	2	1996	26.7	10.6	222	0	67.35	2	
10	3	1996	30.6	9.4	223	0	64	1	
10	4	1996	30.6	10	217	0	60.7	1	
10	5	1996	33.3	11.1	220	0	56.65	1	
10	6	1996	34.4	13.3	224	0	48.55	2	
10	7	1996	35.6	12.2	218	0	45.5	2	
10	8	1996	37.8	12.8	214	0	41.45	1	
10	9	1996	32.2	12.8	204	0	49.75	3	
10	10	1996	27.2	8.9	201	0	63.85	2	
10	11	1996	28.3	7.2	205	0	64.5	1	
10	12	1996	27.2	13.3	170	0	64.7	2	
10	13	1996	27.8	11.1	205	0	59.35	2	
10	14	1996	28.3	10.6	208	0	28.55	3	
10	15	1996	27.2	7.8	201	0	45.9	2	
10	16	1996	21.7	11.1	185	0	27.15	5	
10	17	1996	25.6	5	197	0	35.7	2	
10	18	1996	21.1	10.6	126	0	57.15	4	
10	19	1996	18.3	4.4	192	0	47.6	2	
10	20	1996	19.4	8.9	190	0	30.2	7	
10	21	1996	20.6	4.4	193	0	31.25	4	
10	22	1996	21.7	2.2	169	0	42.85	1	
10	23	1996	23.3	8.9	178	0	49.55	3	
10	24	1996	18.9	11.1	74	0	64.75	5	
10	25	1996	17.2	3.3	120	0	58.85	4	
10	26	1996	19.4	10	177	0	34.35	8	
10	27	1996	22.8	7.8	161	0	27.45	-1	
10	28	1996	20	3.3	135	0	55.1	4	
10	29	1996	13.9	8.9	34	29.94	83.9	4	
10	30	1996	15	8.9	62	1.015	85.15	2	
10	31	1996	16.1	7.8	145	2.031	83.05	2	
11	1	1996	18.9	4.4	166	0	76.1	1	
11	2	1996	16.7	4.4	122	0	84.65	2	
11	3	1996	14.4	6.1	85	0	85.65	2	
11	4	1996	14.4	5.6	80	0	87.55	2	
11	5	1996	16.7	4.4	166	1.015	64.5	4	
11	6	1996	18.9	5	161	0	59.9	3	
11	7	1996	18.9	1.7	153	0	67.95	1	
11	8	1996	21.7	3.9	146	0	68.3	1	
11	9	1996	21.1	4.4	113	0	71.5	1	
11	10	1996	22.2	5	131	0	69.3	1	
11	11	1996	23.9	5	143	0	66.95	1	
11	12	1996	22.8	7.8	95	0	72.75	1	
11	13	1996	22.8	7.2	143	0	72.15	1	
11	14	1996	17.8	6.1	99	0	58.9	3	
11	15	1996	17.8	3.9	137	0	63.3	1	
11	16	1996	13.3	3.9	63	5.076	82.05	3	
11	17	1996	16.7	10	40	12.94	95.2	6	
11	18	1996	20	13.3	96	4.061	85.5	4	
11	19	1996	15	12.8	31	3.046	91.1	4	
11	20	1996	16.7	11.1	59	2.031	95.55	2	
11	21	1996	16.1	11.7	29	1.015	98.25	2	
11	22	1996	17.8	10	97	3.046	89.8	4	
11	23	1996	15.6	10	52	3.046	89.6	2	
11	24	1996	17.2	8.9	74	1.015	86.45	1	
11	25	1996	17.2	8.3	121	1.015	78.55	4	
11	26	1996	17.8	10.6	135	0	47.55	6	
11	27	1996	15.6	3.9	120	0	72.75	2	
11	28	1996	15	5.6	94	0	75	4	
11	29	1996	15	5	130	0	51.35	5	
11	30	1996	14.4	1.1	120	0	70.8	2	
12	1	1996	16.1	3.9	122	1.015	77.1	4	
12	2	1996	12.2	0.6	123	0	61.7	3	
12	3	1996	13.3	0.6	108	0	75.95	1	
12	4	1996	11.7	2.8	49	1.015	85.5	3	
12	5	1996	15	9.4	36	5.076	87.2	5	
12	6	1996	13.9	8.3	68	1.015	88.2	2	
12	7	1996	15	7.8	56	0	88.95	3	
12	8	1996	15.6	11.1	37	0	89.45	2	
12	9	1996	13.3	11.1	16	13.95	95.5	5	
12	10	1996	14.4	11.7	33	20.05	97.15	6	
12	11	1996	17.8	11.1	57	2.031	89.55	4	
12	12	1996	16.7	13.3	78	1.015	89.95	4	
12	13	1996	15.6	9.4	120	2.031	76.6	4	
12	14	1996	16.1	8.3	125	0	42.15	9	
12	15	1996	15.6	2.2	112	0	71.45	1	
12	16	1996	16.7	2.2	114	0	74.05	1	
12	17	1996	17.2	0.6	117	0	65.05	5	
12	18	1996	10	0	105	0	89.55	1	
12	19	1996	5	-0.6	46	0	100	2	
12	20	1996	6.1	2.8	15	0	99.45	3	
12	21	1996	8.3	6.1	8	38.07	96.9	4	
12	22	1996	12.8	5.6	63	8.122	79.55	4	
12	23	1996	15	3.9	98	0	82.05	2	
12	24	1996	12.2	2.2	112	1.015	84.9	2	
12	25	1996	8.3	0.6	95	0	95.95	1	
12	26	1996	10	5.6	15	10.91	93.25	4	
12	27	1996	13.9	8.9	49	11.92	94.35	4	
12	28	1996	12.8	9.4	33	3.046	96.25	3	
12	29	1996	13.3	11.7	9	3.046	93.6	5	
12	30	1996	14.4	12.2	20	4.061	97.3	6	
12	31	1996	17.2	13.9	19	1.015	90.25	6	
1	1	1997	17.2	15	17	3.046	95.8	6	
1	2	1997	16.7	12.8	30	1.015	95.15	4	
1	3	1997	14.4	4.4	121	2.031	75.3	2	
1	4	1997	9.4	3.3	47	23.09	82	1	
1	5	1997	12.2	1.7	128	12.94	72	5	
1	6	1997	12.8	4.4	131	0	53.45	6	
1	7	1997	12.8	1.7	123	0	70.95	3	
1	8	1997	11.7	-1.7	105	0	84.2	1	
1	9	1997	12.8	1.1	107	0	87.3	1	
1	10	1997	11.1	1.7	68	1.015	94.2	2	
1	11	1997	7.2	4.4	21	0	100	2	
1	12	1997	7.2	1.7	28	3.046	72.55	4	
1	13	1997	4.4	-2.8	137	0	52.55	6	
1	14	1997	7.2	-3.3	111	0	61.75	3	
1	15	1997	6.1	2.8	25	2.031	87.8	4	
1	16	1997	10	6.1	47	0	92.05	1	
1	17	1997	9.4	6.7	41	0	96.7	2	
1	18	1997	10	7.2	23	0	94.9	1	
1	19	1997	10	5	47	0	89.6	1	
1	20	1997	13.9	6.1	77	12.94	89.3	3	
1	21	1997	12.2	7.8	44	3.046	96.35	4	
1	22	1997	11.1	5	6	65.99	94.1	5	
1	23	1997	11.7	3.9	123	0	77.9	2	
1	24	1997	8.9	5	37	13.95	88.1	2	
1	25	1997	17.8	7.8	122	23.85	89.75	6	
1	26	1997	16.7	9.4	127	17	86.6	4	
1	27	1997	14.4	9.4	58	0	90.25	1	
1	28	1997	17.2	9.4	118	1.015	87.2	2	
1	29	1997	15	7.2	138	0	86.85	2	
1	30	1997	13.9	5.6	57	0	91.75	1	
1	31	1997	12.2	9.4	30	0	95.5	2	
2	1	1997	15	6.7	83	0	89.3	2	
2	2	1997	15.6	3.3	105	0	86.7	1	
2	3	1997	11.1	5	46	1.015	95.4	1	
2	4	1997	14.4	7.8	72	5.076	89.5	2	
2	5	1997	15.6	3.9	170	0	72.05	4	
2	6	1997	13.9	1.1	137	1.015	82.65	1	
2	7	1997	15	4.4	127	0	81.55	2	
2	8	1997	15.6	4.4	179	0	73.8	3	
2	9	1997	13.9	3.9	114	0	84.3	2	
2	10	1997	18.9	3.9	176	0	71.9	3	
2	11	1997	16.7	2.2	159	0	83	2	
2	12	1997	16.1	5.6	154	0	69.2	4	
2	13	1997	18.9	6.1	185	0	55.4	6	
2	14	1997	19.4	3.3	177	0	75.55	2	
2	15	1997	17.8	3.3	123	0	78.45	1	
2	16	1997	18.3	4.4	165	0	79.2	3	
2	17	1997	16.1	8.9	128	0	76.3	4	
2	18	1997	21.7	7.8	187	0	63.45	4	
2	19	1997	17.2	7.8	92	0	81.35	4	
2	20	1997	16.7	3.3	197	0	60.85	5	
2	21	1997	17.8	3.3	181	0	66.45	2	
2	22	1997	18.3	4.4	196	0	62.75	4	
2	23	1997	18.3	7.2	205	0	36.45	7	
2	24	1997	18.3	4.4	206	0	37.15	5	
2	25	1997	23.3	5.6	187	0	44.15	4	
2	26	1997	21.1	3.9	177	0	60.9	3	
2	27	1997	18.3	7.2	180	0	60.55	4	
2	28	1997	16.7	2.2	218	0	45.45	6	
3	1	1997	16.1	2.8	184	0	69.4	4	
3	2	1997	16.1	6.7	213	1.015	68.05	4	
3	3	1997	15.6	1.7	180	0	60.5	3	
3	4	1997	16.7	2.8	226	0	48.25	4	
3	5	1997	17.8	0	209	0	61.25	1	
3	6	1997	19.4	1.1	215	0	65.85	2	
3	7	1997	20.6	2.8	220	0	66.15	2	
3	8	1997	22.8	3.9	218	0	58.7	3	
3	9	1997	25	3.9	215	0	50.95	2	
3	10	1997	24.4	3.9	231	0	62.3	1	
3	11	1997	23.3	5	176	0	63.4	2	
3	12	1997	19.4	0.6	223	0	59.3	2	
3	13	1997	21.1	5.6	226	0	40.35	4	
3	14	1997	23.9	3.3	223	0	55.8	2	
3	15	1997	20.6	9.4	159	0	61.25	3	
3	16	1997	13.9	10.6	43	9.899	86.65	3	
3	17	1997	20	9.4	186	0	78.9	2	
3	18	1997	22.2	7.8	236	0	75.55	2	
3	19	1997	23.9	9.4	192	0	72.75	2	
3	20	1997	23.9	9.4	203	0	76.7	3	
3	21	1997	24.4	12.8	155	0	66.55	3	
3	22	1997	23.9	9.4	169	0	76.95	1	
3	23	1997	26.1	7.8	240	0	65.8	3	
3	24	1997	27.2	12.2	252	0	46	5	
3	25	1997	26.1	10.6	244	0	58.75	2	
3	26	1997	26.7	8.3	259	0	60.65	2	
3	27	1997	23.3	7.8	269	0	60.45	3	
3	28	1997	22.2	5	289	0	57.05	6	
3	29	1997	24.4	10	290	0	41.15	4	
3	30	1997	18.9	7.2	256	0	60.35	4	
3	31	1997	16.7	3.3	261	0	55.95	2	
4	1	1997	17.8	6.7	287	0	36.95	8	
4	2	1997	21.7	6.7	298	0	27.4	8	
4	3	1997	25.6	7.8	305	0	28.8	4	
4	4	1997	22.8	11.7	294	1.015	21.95	6	
4	5	1997	21.1	7.2	294	0	34.95	5	
4	6	1997	19.4	3.9	237	0	62.1	3	
4	7	1997	21.1	3.9	274	0	64.05	2	
4	8	1997	22.2	3.9	279	0	58.35	3	
4	9	1997	20	5.6	296	0	37.7	4	
4	10	1997	22.2	9.4	296	0	33.9	5	
4	11	1997	22.8	9.4	285	0	35.15	5	
4	12	1997	22.8	5.6	264	0	54.55	3	
4	13	1997	23.3	7.2	271	0	65.05	2	
4	14	1997	26.1	8.9	286	0	50.1	4	
4	15	1997	28.9	10.6	293	0	45.95	2	
4	16	1997	27.8	9.4	264	0	55.2	2	
4	17	1997	26.7	11.1	277	0	63.05	3	
4	18	1997	19.4	11.7	132	1.015	85.15	4	
4	19	1997	20.6	12.2	177	0	80.55	4	
4	20	1997	23.9	13.3	260	0	78.3	3	
4	21	1997	22.2	13.9	201	0	76.6	4	
4	22	1997	22.2	8.9	147	0	80.35	2	
4	23	1997	22.2	8.9	313	0	62.35	4	
4	24	1997	24.4	7.8	325	1.015	39.2	5	
4	25	1997	29.4	13.3	314	0	41.3	5	
4	26	1997	30	10.6	306	0	54.6	3	
4	27	1997	25	11.7	277	0	58.35	3	
4	28	1997	21.7	9.4	193	0	59.7	2	
4	29	1997	22.8	9.4	278	0	60.2	2	
4	30	1997	23.9	7.8	297	0	57.95	3	
5	1	1997	22.8	4.4	327	0	41.6	4	
5	2	1997	25	8.9	287	0	51.95	2	
5	3	1997	26.7	8.9	316	0	57.1	3	
5	4	1997	26.7	6.1	333	0	58.05	2	
5	5	1997	28.3	9.4	319	0	57.8	2	
5	6	1997	28.3	12.2	328	0	51.95	2	
5	7	1997	31.1	10	336	0	51.4	3	
5	8	1997	29.4	10	331	0	59.95	2	
5	9	1997	31.1	9.4	335	0	59.3	2	
5	10	1997	31.1	10	334	0	60.8	2	
5	11	1997	32.2	9.4	323	0	62.95	2	
5	12	1997	33.9	10.6	337	0	54.5	2	
5	13	1997	32.8	10	327	0	53.1	2	
5	14	1997	30.6	14.4	333	0	63.4	3	
5	15	1997	31.1	13.3	334	1.015	55.7	2	
5	16	1997	34.4	14.4	326	0	55.15	2	
5	17	1997	36.1	18.9	341	0	44.35	4	
5	18	1997	37.2	18.3	343	0	34.7	3	
5	19	1997	35.6	13.3	354	0	47.45	2	
5	20	1997	27.2	12.8	356	0	57.8	4	
5	21	1997	29.4	9.4	333	0	54.75	2	
5	22	1997	27.2	11.7	279	0	42.5	3	
5	23	1997	21.1	13.3	162	8.122	78.25	2	
5	24	1997	25	10.6	334	0	70.15	2	
5	25	1997	26.1	8.9	350	0	61.1	3	
5	26	1997	26.1	9.4	258	0	64.35	2	
5	27	1997	30.6	15	339	0	64.75	2	
5	28	1997	31.7	16.7	282	0	63.1	2	
5	29	1997	32.2	16.7	338	0	63.7	3	
5	30	1997	33.3	16.1	359	0	56.4	3	
5	31	1997	30.6	16.1	309	0	61.7	2	
6	1	1997	27.8	15.6	298	0	60.75	2	
6	2	1997	28.9	12.2	286	0	59.55	2	
6	3	1997	21.1	15.6	99	4.061	81.05	3	
6	4	1997	24.4	15.6	251	0	71.65	2	
6	5	1997	28.3	11.7	362	0	61.65	3	
6	6	1997	31.7	17.8	370	0	42.15	5	
6	7	1997	32.2	13.9	363	0	54.6	3	
6	8	1997	29.4	13.9	360	0	63.6	3	
6	9	1997	30	14.4	327	0	59.75	2	
6	10	1997	28.9	13.9	355	0	58.75	4	
6	11	1997	29.4	12.2	325	1.015	61.85	3	
6	12	1997	27.2	12.2	362	0	64.25	4	
6	13	1997	28.9	13.9	342	0	58.6	5	
6	14	1997	31.1	15.6	355	0	52.8	3	
6	15	1997	30.6	15	356	0	64.85	3	
6	16	1997	33.9	13.9	357	0	63.95	2	
6	17	1997	33.3	15	351	0	62.45	3	
6	18	1997	32.8	15.6	367	0	61	2	
6	19	1997	33.9	15	364	0	53.6	3	
6	20	1997	30.6	13.3	369	0	53.8	3	
6	21	1997	30	11.7	370	0	60.6	3	
6	22	1997	27.8	10.6	370	0	58.2	3	
6	23	1997	30.6	11.7	380	0	46.1	4	
6	24	1997	33.9	14.4	375	0	39.45	3	
6	25	1997	35.6	13.9	374	0	51.9	2	
6	26	1997	30.6	12.2	345	0	53.55	3	
6	27	1997	26.1	12.2	373	0	58.7	4	
6	28	1997	25	11.7	370	0	64.5	4	
6	29	1997	26.1	9.4	365	0	61.65	3	
6	30	1997	23.9	12.8	326	0	63.6	4	
7	1	1997	27.8	10.6	370	0	59.55	3	
7	2	1997	30.6	12.2	375	0	53.6	4	
7	3	1997	34.4	14.4	370	0	48.75	2	
7	4	1997	32.8	13.9	376	0	56.85	3	
7	5	1997	30.6	13.3	374	0	64.35	2	
7	6	1997	33.3	13.9	370	0	58.35	2	
7	7	1997	35.6	13.9	364	0	59.8	2	
7	8	1997	37.8	16.1	356	0	53.9	3	
7	9	1997	35	17.2	358	0	57	4	
7	10	1997	32.8	15	336	0	-1	-1	
7	11	1997	33.3	13.3	346	0	-1	0	
7	12	1997	35.6	11.1	348	0	-1	0	
7	13	1997	33.3	13.3	342	0	-1	0	
7	14	1997	34.4	12.2	343	0	-1	0	
7	15	1997	36.7	13.9	349	0	50.5	3	
7	16	1997	27.8	12.8	232	0	69.25	3	
7	17	1997	33.3	12.8	365	0	57.45	3	
7	18	1997	36.1	11.7	373	0	56.75	2	
7	19	1997	35.6	14.4	366	0	58.35	2	
7	20	1997	32.2	13.9	358	0	65.8	3	
7	21	1997	37.2	13.3	361	0	58.3	2	
7	22	1997	32.2	14.4	360	0	59.25	4	
7	23	1997	27.8	15	145	0	63.55	2	
7	24	1997	32.2	16.7	257	0	57.6	2	
7	25	1997	35.6	13.9	354	0	58.1	2	
7	26	1997	32.8	13.9	359	0	61.05	3	
7	27	1997	32.2	11.7	362	0	60.5	3	
7	28	1997	31.7	12.8	333	0	61.2	3	
7	29	1997	31.7	12.8	353	0	62.3	3	
7	30	1997	27.8	14.4	353	0	67.35	4	
7	31	1997	31.1	11.1	358	0	61.55	2	
8	1	1997	32.2	12.2	359	0	59.1	2	
8	2	1997	33.3	12.2	356	0	56.4	2	
8	3	1997	35	12.2	356	0	55.1	2	
8	4	1997	38.3	12.2	355	0	53.85	2	
8	5	1997	39.4	16.1	352	0	48.9	2	
8	6	1997	40	15.6	328	0	51.65	1	
8	7	1997	40	18.9	325	0	46.5	2	
8	8	1997	36.7	18.3	326	0	46.15	3	
8	9	1997	27.8	15	339	0	62.95	3	
8	10	1997	25	14.4	308	0	63.8	3	
8	11	1997	30	12.2	337	0	62.3	2	
8	12	1997	32.2	12.2	336	0	59.4	2	
8	13	1997	35.6	12.2	336	0	57.3	2	
8	14	1997	33.9	12.2	316	0	62.15	2	
8	15	1997	29.4	13.9	320	0	66	4	
8	16	1997	27.8	13.9	328	0	65.15	4	
8	17	1997	27.2	12.8	328	0	65.85	4	
8	18	1997	29.4	12.2	321	0	61.45	3	
8	19	1997	27.8	14.4	124	0	63.8	2	
8	20	1997	28.3	16.7	278	4.061	75.95	3	
8	21	1997	32.8	14.4	317	0	66.8	2	
8	22	1997	31.1	16.7	316	0	54.3	3	
8	23	1997	30	12.8	202	0	69.1	3	
8	24	1997	30	15.6	318	0	63.25	2	
8	25	1997	30	12.8	317	0	66.1	2	
8	26	1997	30.6	14.4	314	0	62.2	2	
8	27	1997	30.6	15	312	0	62.45	3	
8	28	1997	31.1	12.2	307	0	61.4	2	
8	29	1997	30.6	13.9	307	0	64	2	
8	30	1997	31.1	12.2	298	0	62.4	3	
8	31	1997	30.6	14.4	299	0	55.6	2	
9	1	1997	32.2	13.9	289	0	60.35	2	
9	2	1997	30.6	14.4	253	0	60.55	2	
9	3	1997	33.3	15.6	292	0	59.1	2	
9	4	1997	36.1	16.1	287	0	49.15	2	
9	5	1997	34.4	16.7	287	0	44.85	3	
9	6	1997	31.1	13.9	302	0	60.9	3	
9	7	1997	33.3	11.7	285	0	60.05	2	
9	8	1997	34.4	16.1	262	0	46.55	2	
9	9	1997	31.7	16.7	254	0	45.75	3	
9	10	1997	27.8	15.6	281	0	61.1	4	
9	11	1997	29.4	12.2	274	0	64.05	2	
9	12	1997	31.1	15	271	0	59.5	2	
9	13	1997	29.4	15.6	276	0	58.95	4	
9	14	1997	25.6	13.3	205	1.015	73.35	4	
9	15	1997	25.6	10	265	0	68.9	2	
9	16	1997	28.9	13.3	268	0	47.1	3	
9	17	1997	29.4	12.8	262	0	60.7	3	
9	18	1997	26.7	13.3	260	0	56.8	3	
9	19	1997	28.9	8.3	259	0	60.55	4	
9	20	1997	32.2	16.7	265	0	29.75	3	
9	21	1997	33.3	11.7	262	0	42.6	2	
9	22	1997	33.9	10	249	0	51.25	1	
9	23	1997	37.2	12.8	251	0	41.45	1	
9	24	1997	36.7	15	242	0	35.35	2	
9	25	1997	33.3	16.7	236	0	55.95	4	
9	26	1997	29.4	15	246	0	61.5	2	
9	27	1997	31.7	16.7	247	0	29.85	7	
9	28	1997	33.3	15	243	0	30	3	
9	29	1997	35	12.8	235	0	40.55	2	
9	30	1997	31.7	13.9	238	0	45.05	3	
10	1	1997	26.1	16.1	216	0	63.5	5	
10	2	1997	25.6	11.1	234	0	56.65	2	
10	3	1997	28.9	10	233	0	55.7	2	
10	4	1997	27.2	12.8	232	0	68.25	2	
10	5	1997	25.6	11.1	233	0	38.95	4	
10	6	1997	21.7	10	198	0	58.25	4	
10	7	1997	22.2	8.9	223	0	45.55	4	
10	8	1997	18.3	8.9	93	1.015	75.8	4	
10	9	1997	20.6	10.6	174	8.883	72.3	3	
10	10	1997	18.3	8.3	143	1.015	71.2	3	
10	11	1997	20	5	221	0	58.45	3	
10	12	1997	22.8	10	216	0	44.95	5	
10	13	1997	25.6	7.2	214	0	54.4	2	
10	14	1997	27.8	6.1	209	0	56.85	2	
10	15	1997	29.4	7.8	211	0	54.45	1	
10	16	1997	31.7	10	200	0	46.5	1	
10	17	1997	30.6	10.6	201	0	47.1	2	
10	18	1997	30.6	8.9	189	0	52.9	1	
10	19	1997	22.2	6.1	190	0	73.3	2	
10	20	1997	26.1	5.6	187	0	64.1	2	
10	21	1997	28.3	6.1	190	0	63.6	1	
10	22	1997	24.4	6.1	169	0	70.95	1	
10	23	1997	23.9	7.2	158	0	65.9	3	
10	24	1997	21.1	13.3	171	0	27.6	8	
10	25	1997	22.8	7.8	181	0	31.25	3	
10	26	1997	23.9	3.3	178	0	50.75	1	
10	27	1997	25	8.3	174	0	43.55	2	
10	28	1997	23.9	5.6	145	0	50.9	2	
10	29	1997	23.9	8.3	147	0	61.6	2	
10	30	1997	25	8.9	172	0	75.9	2	
10	31	1997	27.8	11.7	167	0	72.4	2	
11	1	1997	28.9	12.2	171	0	50.55	3	
11	2	1997	27.2	7.8	166	0	60.8	1	
11	3	1997	27.2	10	136	0	53.6	1	
11	4	1997	27.2	11.1	141	0	47.1	2	
11	5	1997	25.6	6.1	150	0	57.6	2	
11	6	1997	21.1	11.1	74	0	77.4	2	
11	7	1997	20	7.2	134	0	72.05	1	
11	8	1997	18.9	5.6	129	0	68.15	2	
11	9	1997	18.3	1.7	100	0	70.3	1	
11	10	1997	13.9	10	36	7.107	84.55	2	
11	11	1997	16.1	10	56	2.031	88.5	1	
11	12	1997	16.7	8.9	91	0	83.8	1	
11	13	1997	17.8	8.9	112	4.061	78.3	2	
11	14	1997	16.1	8.3	105	6.091	85.75	2	
11	15	1997	12.8	8.3	22	2.031	93.55	3	
11	16	1997	16.7	7.8	103	1.015	87.2	3	
11	17	1997	16.7	8.3	15	0	89.35	1	
11	18	1997	12.8	7.2	30	3.046	95.75	2	
11	19	1997	15.6	8.9	55	2.031	88.85	2	
11	20	1997	16.1	5.6	131	0	77.35	1	
11	21	1997	14.4	6.7	62	0	86.7	1	
11	22	1997	13.9	5	57	1.015	90.6	1	
11	23	1997	19.4	11.7	122	7.107	83	1	
11	24	1997	18.3	8.3	107	0	84.55	0	
11	25	1997	14.4	6.1	101	22.08	93.4	0	
11	26	1997	13.9	10.6	44	29.94	92	0	
11	27	1997	15.6	6.7	85	1.015	84	0	
11	28	1997	15.6	4.4	126	0	84.3	0	
11	29	1997	11.7	4.4	38	4.061	98.6	0	
11	30	1997	11.1	6.7	59	20.3	-1	-1	
12	1	1997	15.6	5.6	119	0	-1	-1	
12	2	1997	11.1	6.1	41	0	-1	-1	
12	3	1997	10.6	5.6	33	0	-1	-1	
12	4	1997	13.9	7.2	24	1.015	88.85	2	
12	5	1997	11.7	9.4	20	8.883	94.85	3	
12	6	1997	12.2	9.4	21	3.046	99.75	3	
12	7	1997	13.3	6.7	36	20.05	86.85	4	
12	8	1997	13.9	3.9	88	0	75.55	2	
12	9	1997	13.3	3.3	126	0	70.05	4	
12	10	1997	14.4	4.4	120	0	67.15	4	
12	11	1997	11.7	1.7	121	0	81.65	2	
12	12	1997	8.9	1.1	51	0	96.75	2	
12	13	1997	6.7	1.7	59	0	99.15	1	
12	14	1997	11.1	4.4	23	22.08	97.55	3	
12	15	1997	10.6	3.3	77	0	90.95	2	
12	16	1997	9.4	5.6	43	0	95.4	2	
12	17	1997	8.3	6.1	25	0	97.65	2	
12	18	1997	13.9	7.2	118	1.015	70.1	7	
12	19	1997	15	3.9	122	0	58.55	5	
12	20	1997	11.1	0.6	71	0	88.65	2	
12	21	1997	12.2	1.1	121	0	69.45	7	
12	22	1997	11.7	3.9	119	0	42.9	7	
12	23	1997	12.8	-2.8	117	0	72.9	3	
12	24	1997	13.9	3.3	122	0	51.65	5	
12	25	1997	12.8	2.2	124	0	49.15	5	
12	26	1997	11.1	-2.8	114	0	75.7	1	
12	27	1997	12.2	-2.8	116	0	70.3	2	
12	28	1997	15.6	-0.6	109	0	72.85	1	
12	29	1997	13.9	0	104	0	81.3	1	
12	30	1997	13.9	-0.6	86	0	85.15	1	
12	31	1997	15	2.8	61	0	86.65	1	
1	1	1998	13.9	2.2	56	1.015	89.5	2	
1	2	1998	13.3	8.9	46	6.091	96.75	4	
1	3	1998	14.4	7.8	87	6.091	86.6	4	
1	4	1998	11.7	1.7	69	8.122	83.1	3	
1	5	1998	11.1	-0.6	118	1.015	86.7	2	
1	6	1998	7.8	0	37	6.091	95.65	2	
1	7	1998	7.8	4.4	30	1.015	98.25	4	
1	8	1998	10	5.6	48	0	92.35	2	
1	9	1998	9.4	6.7	17	8.122	99.1	2	
1	10	1998	12.8	8.9	27	2.031	98.35	4	
1	11	1998	12.8	9.4	25	8.122	98.5	4	
1	12	1998	13.3	8.9	24	12.94	93.5	4	
1	13	1998	13.3	5.6	74	1.015	90.2	2	
1	14	1998	10	8.9	19	13.95	97.4	4	
1	15	1998	11.1	9.4	27	8.122	98.85	3	
1	16	1998	15.6	10	39	0	98.1	4	
1	17	1998	18.9	10	108	0	89.2	3	
1	18	1998	12.8	7.2	26	15.99	92.75	3	
1	19	1998	11.7	5	75	0	89.3	3	
1	20	1998	13.9	2.8	76	0	88.15	1	
1	21	1998	12.8	1.1	124	0	83.85	1	
1	22	1998	13.3	2.8	102	1.015	86.5	1	
1	23	1998	9.4	4.4	46	0	96.35	2	
1	24	1998	15	5	122	0	88.45	2	
1	25	1998	8.9	5.6	36	0	97.9	2	
1	26	1998	10.6	6.7	37	4.061	98	3	
1	27	1998	14.4	7.8	70	0	92.95	2	
1	28	1998	12.8	9.4	32	0	95.85	2	
1	29	1998	16.1	6.1	118	12.94	86.25	4	
1	30	1998	13.3	2.8	95	0	85.6	2	
1	31	1998	15	5.6	67	7.107	92.85	2	
2	1	1998	11.7	9.4	25	35.02	97.25	5	
2	2	1998	15.6	9.4	12	44.92	91.25	4	
2	3	1998	13.3	7.2	26	35.02	96.2	3	
2	4	1998	13.9	6.7	94	1.015	89	4	
2	5	1998	12.2	9.4	31	9.899	86.95	5	
2	6	1998	13.3	9.4	27	25.88	82.85	5	
2	7	1998	11.1	8.9	22	32.99	94.7	6	
2	8	1998	11.1	5.6	51	3.046	94.7	2	
2	9	1998	13.3	2.2	163	0	75.5	2	
2	10	1998	9.4	6.1	38	6.091	91.75	3	
2	11	1998	12.8	6.1	88	0	93.3	2	
2	12	1998	11.1	6.7	32	10.91	98.3	3	
2	13	1998	12.8	8.9	75	1.015	95.45	2	
2	14	1998	15	5.6	95	25.88	82.05	4	
2	15	1998	14.4	3.3	182	0	79.6	2	
2	16	1998	8.9	4.4	29	13.95	95.3	4	
2	17	1998	15	4.4	123	0	83.4	1	
2	18	1998	15.6	3.9	137	1.015	82.2	2	
2	19	1998	11.7	5	34	22.08	94.5	4	
2	20	1998	11.7	1.7	118	0	87.05	2	
2	21	1998	10.6	5.6	32	19.03	91.8	6	
2	22	1998	13.9	4.4	161	0	83.75	3	
2	23	1998	13.3	7.2	76	9.899	88.4	4	
2	24	1998	15	2.2	199	0	78	3	
2	25	1998	14.4	5.6	127	0	74.6	2	
2	26	1998	15.6	5	168	0	77.65	2	
2	27	1998	17.8	3.3	191	0	81.25	1	
2	28	1998	16.1	5	134	0	85.15	1	
3	1	1998	18.3	4.4	163	0	77.45	1	
3	2	1998	18.9	5.6	189	0	80.95	3	
3	3	1998	16.1	4.4	224	0	63.5	3	
3	4	1998	15	2.2	227	0	62.7	4	
3	5	1998	9.4	2.2	48	10.91	86.45	2	
3	6	1998	14.4	-0.6	225	1.015	68.2	3	
3	7	1998	12.2	0.6	109	4.061	73.9	2	
3	8	1998	13.9	5	203	0	85	3	
3	9	1998	18.9	2.8	227	0	70.1	2	
3	10	1998	21.7	2.8	223	0	76.35	1	
3	11	1998	22.8	7.8	214	0	69.9	1	
3	12	1998	18.9	8.3	123	5.076	88.75	2	
3	13	1998	16.7	8.3	145	3.046	83	2	
3	14	1998	21.7	7.8	236	0	79.2	3	
3	15	1998	21.1	8.3	216	0	84.85	2	
3	16	1998	21.7	10	176	0	79.15	2	
3	17	1998	21.1	6.1	243	0	72.45	2	
3	18	1998	23.9	7.8	254	0	62.25	3	
3	19	1998	22.8	5	220	0	73	2	
3	20	1998	22.2	8.3	200	0	81.35	2	
3	21	1998	16.7	10	84	4.061	87.65	2	
3	22	1998	21.1	12.8	151	1.015	79.05	2	
3	23	1998	18.3	11.7	68	8.883	93.3	3	
3	24	1998	20	8.9	229	2.031	80.75	2	
3	25	1998	17.8	8.3	173	1.015	83.1	2	
3	26	1998	18.9	6.1	186	0	75.05	2	
3	27	1998	16.1	5.6	228	0	69.5	4	
3	28	1998	13.9	2.8	195	0	73.5	2	
3	29	1998	17.2	2.2	273	0	63.7	3	
3	30	1998	17.8	2.2	264	0	60.9	3	
3	31	1998	10.6	7.2	67	6.091	87.45	3	
4	1	1998	15.6	4.4	237	0	82.4	3	
4	2	1998	15	6.7	183	1.015	77.65	3	
4	3	1998	13.9	8.3	102	6.091	87.1	2	
4	4	1998	15	7.2	158	3.046	84.05	2	
4	5	1998	16.7	7.2	243	0	77.45	2	
4	6	1998	15	6.7	217	0	78.25	3	
4	7	1998	16.7	3.9	204	0	77	2	
4	8	1998	16.1	5.6	233	0	70.15	3	
4	9	1998	17.8	8.3	203	1.015	77.65	3	
4	10	1998	17.8	8.3	220	0	72	3	
4	11	1998	16.7	6.7	171	0	75.95	2	
4	12	1998	15	6.7	245	7.107	68.1	4	
4	13	1998	14.4	4.4	235	2.031	75.95	3	
4	14	1998	15	1.7	265	6.091	73.95	2	
4	15	1998	17.8	2.2	303	0	69.75	2	
4	16	1998	20.6	3.9	313	0	60	3	
4	17	1998	22.2	3.9	307	0	66.55	2	
4	18	1998	22.8	4.4	290	0	70.35	2	
4	19	1998	25.6	8.3	301	0	70	2	
4	20	1998	27.8	7.8	309	0	67.2	2	
4	21	1998	30.6	9.4	303	0	68.1	1	
4	22	1998	26.7	12.8	238	0	66.7	3	
4	23	1998	18.3	10.6	113	6.091	85.65	4	
4	24	1998	19.4	10	211	0	77	2	
4	25	1998	22.2	9.4	302	0	57.05	5	
4	26	1998	26.7	11.1	304	0	49.85	4	
4	27	1998	27.8	9.4	309	0	57.3	1	
4	28	1998	30	11.1	306	0	63.2	1	
4	29	1998	30.6	10.6	306	0	67.45	1	
4	30	1998	23.9	11.7	293	0	67.7	3	
5	1	1998	21.7	12.8	135	3.046	76	4	
5	2	1998	20.6	12.2	154	1.015	79.1	2	
5	3	1998	22.8	12.2	209	1.015	73.35	2	
5	4	1998	21.1	12.2	193	1.015	81	2	
5	5	1998	20	10	147	2.031	81.75	2	
5	6	1998	18.9	11.7	135	0	87.3	2	
5	7	1998	21.7	9.4	193	0	78.75	2	
5	8	1998	18.9	10	177	0	86.2	4	
5	9	1998	17.8	6.1	189	2.031	75.45	2	
5	10	1998	20	5	242	0	73.75	2	
5	11	1998	14.4	8.9	121	2.031	78.85	4	
5	12	1998	12.8	8.9	84	8.122	91.65	2	
5	13	1998	17.2	9.4	133	1.015	85.55	3	
5	14	1998	18.3	7.8	200	1.015	77.25	3	
5	15	1998	21.1	6.7	286	0	72.9	3	
5	16	1998	18.3	7.8	274	0	65	4	
5	17	1998	20.6	3.3	295	0	62.5	4	
5	18	1998	25	10.6	313	0	54.5	4	
5	19	1998	22.2	8.9	290	0	67.4	4	
5	20	1998	21.7	6.7	311	0	61	3	
5	21	1998	22.2	7.2	288	0	61.25	2	
5	22	1998	24.4	7.8	324	0	66.1	2	
5	23	1998	24.4	12.2	232	0	67.8	2	
5	24	1998	23.9	10.6	276	0	72.6	3	
5	25	1998	20.6	9.4	298	0	61.15	4	
5	26	1998	17.8	7.2	296	0	60.3	4	
5	27	1998	15.6	9.4	125	5.076	85.85	2	
5	28	1998	12.8	8.9	46	25.88	96.65	3	
5	29	1998	17.2	9.4	173	5.076	86.4	4	
5	30	1998	23.9	8.3	304	1.015	71.85	3	
5	31	1998	26.7	11.1	294	0	71.3	2	
6	1	1998	27.2	11.1	323	0	74.45	3	
6	2	1998	22.2	12.8	315	0	70.3	4	
6	3	1998	18.9	10.6	125	0	81.25	2	
6	4	1998	23.3	9.4	272	0	75.95	2	
6	5	1998	26.1	10.6	293	0	72.55	2	
6	6	1998	23.9	12.8	270	1.015	78.35	4	
6	7	1998	20	13.3	199	0	82.9	4	
6	8	1998	25	12.8	254	0	76.5	2	
6	9	1998	27.8	11.7	320	0	76.6	3	
6	10	1998	24.4	13.9	224	0	76.6	4	
6	11	1998	21.1	13.3	164	1.015	74.2	2	
6	12	1998	25	12.8	309	0	76.25	4	
6	13	1998	26.7	13.9	311	0	69.35	3	
6	14	1998	31.7	13.9	348	0	59.9	3	
6	15	1998	35	16.7	335	0	50.1	3	
6	16	1998	27.8	17.2	361	0	51.7	7	
6	17	1998	31.7	15.6	356	0	48.8	4	
6	18	1998	31.7	12.8	356	0	57.5	4	
6	19	1998	27.8	12.2	350	0	60.5	3	
6	20	1998	26.7	11.1	357	0	64.2	3	
6	21	1998	26.7	11.1	353	0	65.95	3	
6	22	1998	26.1	11.1	353	0	67.05	3	
6	23	1998	25	12.2	308	0	75.7	3	
6	24	1998	25.6	12.8	339	0	74.9	4	
6	25	1998	24.4	12.2	353	0	72.8	4	
6	26	1998	27.8	8.9	339	0	64.4	2	
6	27	1998	31.1	12.2	351	0	55.85	2	
6	28	1998	28.9	12.2	355	0	62.75	3	
6	29	1998	27.8	11.1	350	0	71.05	3	
6	30	1998	28.3	11.1	347	0	71.25	3	
7	1	1998	28.9	11.1	345	0	70.35	3	
7	2	1998	25	14.4	272	0	71.95	4	
7	3	1998	30	12.8	349	0	66.6	2	
7	4	1998	31.1	13.3	354	0	67.5	2	
7	5	1998	32.2	13.3	362	0	63	2	
7	6	1998	34.4	13.9	355	0	59.15	2	
7	7	1998	35.6	15	359	0	54.1	2	
7	8	1998	32.8	13.9	356	0	61.4	3	
7	9	1998	27.8	11.7	357	0	71.35	3	
7	10	1998	27.8	12.8	354	0	71.2	3	
7	11	1998	31.7	10.6	358	0	64.35	2	
7	12	1998	35	15	355	0	58.85	2	
7	13	1998	32.2	15	354	0	63.35	2	
7	14	1998	35	13.9	352	0	63.15	2	
7	15	1998	38.3	17.8	361	0	45.25	3	
7	16	1998	38.9	17.2	353	0	48.85	2	
7	17	1998	37.2	15.6	352	0	59.05	2	
7	18	1998	41.1	16.1	350	0	53.5	2	
7	19	1998	38.9	20	346	0	57.85	2	
7	20	1998	30.6	15	352	0	65.45	3	
7	21	1998	30	12.8	343	0	68.15	3	
7	22	1998	29.4	13.3	286	0	68.95	2	
7	23	1998	30.6	14.4	332	0	67.35	3	
7	24	1998	30	13.9	323	0	66.75	3	
7	25	1998	36.7	15	330	0	59.05	2	
7	26	1998	36.7	16.7	326	0	60.4	2	
7	27	1998	37.8	15.6	333	0	51.55	2	
7	28	1998	32.8	13.9	336	0	61.45	3	
7	29	1998	31.1	13.9	317	0	66.4	4	
7	30	1998	25	13.9	309	0	76	3	
7	31	1998	30	10.6	322	0	68.75	2	
8	1	1998	36.7	16.7	328	0	60.05	2	
8	2	1998	37.2	16.7	329	0	58.4	2	
8	3	1998	40	18.3	328	0	51.55	2	
8	4	1998	43.9	20	324	0	46.2	1	
8	5	1998	38.9	19.4	314	0	53.85	2	
8	6	1998	35	16.7	320	0	59.1	2	
8	7	1998	31.1	13.3	325	0	65.6	3	
8	8	1998	30	12.2	322	0	69.4	2	
8	9	1998	35	12.2	320	0	60.45	1	
8	10	1998	37.2	13.3	319	0	59.3	2	
8	11	1998	37.2	16.1	306	0	53.05	2	
8	12	1998	38.3	18.3	303	0	57.2	2	
8	13	1998	36.7	18.9	290	0	57.25	2	
8	14	1998	37.2	17.8	293	0	56.5	3	
8	15	1998	32.2	15	307	0	68.4	2	
8	16	1998	30.6	13.3	305	0	69.2	3	
8	17	1998	27.2	13.9	296	0	65.5	3	
8	18	1998	26.1	12.8	292	0	72.35	4	
8	19	1998	27.8	11.7	298	0	67.75	3	
8	20	1998	27.8	12.8	295	0	67.95	3	
8	21	1998	31.1	10.6	296	0	63	1	
8	22	1998	32.8	11.7	298	0	60.15	2	
8	23	1998	32.2	11.7	300	0	60.3	2	
8	24	1998	34.4	12.2	297	0	56.15	2	
8	25	1998	27.2	13.3	294	0	67.25	4	
8	26	1998	32.2	10	274	0	61.9	2	
8	27	1998	34.4	11.7	290	0	51.6	1	
8	28	1998	36.7	14.4	271	0	52.2	2	
8	29	1998	36.1	13.3	281	0	59.8	1	
8	30	1998	36.1	13.9	279	0	58.15	1	
8	31	1998	40.6	15	279	0	52.85	1	
9	1	1998	40	16.7	265	0	51.65	2	
9	2	1998	40	16.1	267	0	54.2	2	
9	3	1998	37.8	17.2	247	0	53.25	2	
9	4	1998	35	20.6	245	0	48.75	4	
9	5	1998	32.2	19.4	256	0	57.9	2	
9	6	1998	34.4	21.7	243	0	61.5	1	
9	7	1998	36.7	20	255	0	56.2	2	
9	8	1998	31.1	15	244	1.015	63.7	4	
9	9	1998	21.7	12.8	267	0	73.25	5	
9	10	1998	28.9	9.4	262	0	64.3	2	
9	11	1998	32.2	13.3	260	0	54.95	2	
9	12	1998	35	15.6	256	0	50.75	2	
9	13	1998	36.1	15	255	0	57.55	1	
9	14	1998	34.4	16.1	248	0	58.15	2	
9	15	1998	33.3	14.4	249	0	63.25	2	
9	16	1998	32.2	12.8	250	0	64	2	
9	17	1998	29.4	12.8	255	0	58.85	3	
9	18	1998	26.1	11.1	253	0	63.6	3	
9	19	1998	29.4	14.4	245	0	44.85	3	
9	20	1998	29.4	12.8	246	0	56.6	3	
9	21	1998	26.1	10.6	238	0	70.9	2	
9	22	1998	24.4	12.8	229	0	69.45	3	
9	23	1998	23.3	12.8	116	0	68.75	2	
9	24	1998	25.6	11.7	208	1.015	67.65	2	
9	25	1998	20	12.8	165	0	81.1	4	
9	26	1998	18.3	12.2	107	3.046	85.75	2	
9	27	1998	19.4	12.8	120	6.091	85.15	2	
9	28	1998	25	10.6	225	1.015	69	2	
9	29	1998	21.7	12.2	217	0	82.7	4	
9	30	1998	24.4	10	215	0	77.5	3	
10	1	1998	20	11.1	216	0	83.8	4	
10	2	1998	22.2	8.3	194	0	75.4	2	
10	3	1998	21.7	5.6	205	0	66.5	2	
10	4	1998	24.4	7.8	219	0	55.55	4	
10	5	1998	26.7	12.8	218	0	38.55	4	
10	6	1998	28.3	8.9	187	0	52.9	1	
10	7	1998	25.6	8.9	210	0	54.15	3	
10	8	1998	25.6	11.7	207	0	66.3	2	
10	9	1998	23.9	7.2	206	0	63.85	2	
10	10	1998	23.3	7.8	206	0	48.45	3	
10	11	1998	25	3.9	201	0	53.55	1	
10	12	1998	22.8	6.7	139	0	59.75	2	
10	13	1998	25.6	12.8	188	0	66.05	2	
10	14	1998	23.9	9.4	186	0	56.2	2	
10	15	1998	22.8	13.3	192	0	36.7	6	
10	16	1998	22.8	12.2	195	0	31.55	7	
10	17	1998	25	8.3	193	0	32.95	2	
10	18	1998	25.6	5.6	185	0	46.05	2	
10	19	1998	28.9	5.6	185	0	44	3	
10	20	1998	29.4	13.3	184	0	26.75	4	
10	21	1998	29.4	7.8	177	0	39.35	1	
10	22	1998	25	6.7	169	0	58.4	1	
10	23	1998	24.4	5	159	0	62.3	2	
10	24	1998	16.7	9.4	46	15.99	84.55	3	
10	25	1998	20	10	172	0	74.6	4	
10	26	1998	22.2	10	174	0	72.4	3	
10	27	1998	20	7.8	155	0	80.95	2	
10	28	1998	17.8	10.6	88	0	82.45	2	
10	29	1998	21.1	7.2	163	0	66.7	3	
10	30	1998	22.2	9.4	173	0	34.7	5	
10	31	1998	19.4	2.8	117	1.015	64.05	2	
11	1	1998	16.1	6.1	109	0	84.2	2	
11	2	1998	18.9	4.4	156	0	72.75	1	
11	3	1998	18.3	8.3	107	0	76.85	1	
11	4	1998	20	8.3	138	0	75.45	1	
11	5	1998	18.9	5	145	0	64.25	2	
11	6	1998	16.1	5	69	1.015	79.2	3	
11	7	1998	16.1	8.3	82	13.95	83.5	5	
11	8	1998	13.9	5	91	0	85.6	2	
11	9	1998	15	3.3	148	2.031	75.45	2	
11	10	1998	12.2	8.3	40	0	90.85	3	
11	11	1998	14.4	5	87	1.015	84.9	3	
11	12	1998	16.7	2.8	129	0	80.5	1	
11	13	1998	16.7	3.9	128	0	81.55	1	
11	14	1998	16.7	2.8	137	0	83.35	1	
11	15	1998	18.9	6.7	103	0	85.75	2	
11	16	1998	14.4	6.1	72	0	90.15	2	
11	17	1998	18.3	6.1	131	1.015	75.25	3	
11	18	1998	16.7	3.3	135	0	72.35	2	
11	19	1998	18.9	5	138	0	63.65	2	
11	20	1998	16.7	1.1	124	0	76.65	1	
11	21	1998	18.3	7.8	71	5.076	84.6	4	
11	22	1998	16.7	10.6	84	0	86.95	2	
11	23	1998	15	11.1	21	13.95	91.65	5	
11	24	1998	15	7.8	89	0	80.6	2	
11	25	1998	18.3	5.6	118	0	79.15	1	
11	26	1998	18.3	5	98	1.015	85.5	3	
11	27	1998	12.8	10.6	30	3.046	94.35	1	
11	28	1998	15.6	6.1	118	1.015	79.75	2	
11	29	1998	12.8	7.8	28	6.091	91.5	5	
11	30	1998	14.4	8.9	22	12.94	87.05	6	
12	1	1998	15	3.3	124	0	83.5	1	
12	2	1998	15	8.9	44	0	93	4	
12	3	1998	13.9	2.8	79	5.076	82.5	4	
12	4	1998	9.4	0	105	0	83.25	3	
12	5	1998	8.3	1.1	62	5.076	76.05	4	
12	6	1998	9.4	0	123	1.015	81.3	3	
12	7	1998	8.3	-1.7	80	1.015	87.7	1	
12	8	1998	8.3	4.4	43	1.015	89.45	4	
12	9	1998	13.3	3.3	123	0	63.9	6	
12	10	1998	11.7	0	106	0	85.7	1	
12	11	1998	11.7	1.1	75	0	84.85	1	
12	12	1998	16.1	0.6	104	0	75.45	1	
12	13	1998	12.8	2.8	55	2.031	90.5	2	
12	14	1998	14.4	5	116	1.015	77.8	4	
12	15	1998	16.7	3.3	113	0	74.85	2	
12	16	1998	17.8	1.7	114	0	78.4	1	
12	17	1998	17.8	1.1	108	0	80.9	1	
12	18	1998	16.1	1.7	92	0	81.4	2	
12	19	1998	8.9	-0.6	120	0	67.8	4	
12	20	1998	7.8	-0.6	114	0	59.45	6	
12	21	1998	5	-5.6	121	0	54.15	4	
12	22	1998	8.3	-5.6	120	0	49.9	4	
12	23	1998	7.2	-6.1	108	0	70.7	1	
12	24	1998	6.1	-6.1	79	0	72.3	2	
12	25	1998	10	-5	107	0	67.75	1	
12	26	1998	12.2	-2.2	98	0	66.55	1	
12	27	1998	11.7	-1.7	101	0	75.55	1	
12	28	1998	13.3	1.1	97	0	81.95	2	
12	29	1998	13.9	-2.8	106	0	80.9	1	
12	30	1998	11.1	-0.6	67	0	89.1	1	
12	31	1998	13.3	2.8	90	0	77.5	3	
1	1	1999	13.3	0.6	120	0	71.5	2	
1	2	1999	13.3	0	91	0	81.05	1	
1	3	1999	8.9	0	83	1.015	94.2	2	
1	4	1999	8.9	1.1	60	0	96.55	1	
1	5	1999	3.3	0	29	0	100	1	
1	6	1999	5	0.6	51	0	100	2	
1	7	1999	2.8	1.1	24	0	100	2	
1	8	1999	11.7	-0.6	117	0	80.2	2	
1	9	1999	3.3	-0.6	31	0	100	1	
1	10	1999	2.8	0.6	32	0	100	1	
1	11	1999	6.1	-1.1	53	1.015	94.4	2	
1	12	1999	12.8	0.6	105	0	83.95	2	
1	13	1999	14.4	2.2	91	0	82.95	2	
1	14	1999	11.7	1.1	62	1.015	88.75	2	
1	15	1999	13.3	8.3	63	4.061	93.55	3	
1	16	1999	15	9.4	52	0	87.8	3	
1	17	1999	15	9.4	49	2.031	95.05	4	
1	18	1999	13.9	11.7	27	5.076	97.8	4	
1	19	1999	16.1	10	48	11.92	95.45	4	
1	20	1999	13.9	10	34	0	89.55	4	
1	21	1999	15	5.6	110	0	78.25	2	
1	22	1999	13.9	8.3	48	1.015	87.2	4	
1	23	1999	13.3	1.1	77	0	79.1	3	
1	24	1999	13.3	0	144	0	74.6	5	
1	25	1999	13.3	5	105	0	66.75	6	
1	26	1999	10	3.3	75	1.015	87.25	4	
1	27	1999	14.4	2.8	148	0	56.7	5	
1	28	1999	13.3	0	127	0	79.95	2	
1	29	1999	12.2	-1.7	129	0	83.75	1	
1	30	1999	7.8	-0.6	52	0	94.65	1	
1	31	1999	12.2	3.3	86	17	88.1	2	
2	1	1999	12.8	0.6	156	0	76.4	3	
2	2	1999	13.9	-1.1	151	0	77	1	
2	3	1999	15.6	0.6	154	0	76.65	2	
2	4	1999	13.9	2.8	145	0	72.5	3	
2	5	1999	14.4	-1.1	133	0	72.4	2	
2	6	1999	10	6.7	24	19.03	90.4	5	
2	7	1999	16.7	8.9	91	22.08	83.4	5	
2	8	1999	13.9	8.9	30	5.076	97.15	4	
2	9	1999	14.4	1.7	107	9.899	74.25	6	
2	10	1999	10.6	-1.7	173	0	72.2	2	
2	11	1999	11.7	-0.6	156	0	74.15	2	
2	12	1999	12.8	0.6	105	0	75.4	2	
2	13	1999	13.9	1.7	111	3.046	75.25	2	
2	14	1999	12.8	3.9	86	0	88.95	2	
2	15	1999	13.3	0.6	136	1.015	84.35	2	
2	16	1999	11.1	6.7	32	18.02	98.95	3	
2	17	1999	15	7.8	103	0	91.3	3	
2	18	1999	13.9	4.4	53	1.015	88	3	
2	19	1999	15	2.2	178	1.015	74.9	5	
2	20	1999	9.4	1.7	34	14.97	94.5	2	
2	21	1999	13.9	3.9	136	0	76.35	3	
2	22	1999	16.1	7.8	166	0	77.85	2	
2	23	1999	17.2	3.9	185	0	82.35	2	
2	24	1999	15	5.6	111	3.046	82.6	3	
2	25	1999	14.4	5	176	3.046	77.8	3	
2	26	1999	13.9	1.7	143	0	77.4	1	
2	27	1999	17.2	6.7	158	0	77.85	2	
2	28	1999	17.8	10	88	3.046	88.35	3	
3	1	1999	17.2	5.6	210	0	77.55	2	
3	2	1999	18.3	2.2	197	0	67.6	3	
3	3	1999	16.7	5	206	0	69.45	3	
3	4	1999	14.4	2.8	201	0	63.55	2	
3	5	1999	16.1	1.7	180	0	63.3	2	
3	6	1999	14.4	2.2	177	0	74.8	2	
3	7	1999	16.1	1.7	222	0	68.25	3	
3	8	1999	10	6.1	52	7.107	87.55	4	
3	9	1999	13.3	2.2	217	2.031	72.95	3	
3	10	1999	12.2	1.1	156	0	74.15	1	
3	11	1999	16.7	2.2	214	0	66.7	3	
3	12	1999	18.3	1.1	209	0	71.3	2	
3	13	1999	16.7	2.8	168	0	81.25	2	
3	14	1999	12.8	7.2	54	0	86.8	2	
3	15	1999	20	5	215	0	72.35	3	
3	16	1999	16.1	8.3	157	0	84.35	4	
3	17	1999	17.2	7.2	218	0	72.35	2	
3	18	1999	15	6.1	120	0	78.9	2	
3	19	1999	16.1	7.2	110	3.046	77.05	3	
3	20	1999	16.1	7.2	201	1.015	74.35	2	
3	21	1999	16.7	5.6	175	0	74.45	2	
3	22	1999	15.6	2.8	176	1.015	75.55	3	
3	23	1999	16.1	8.3	210	2.031	77.3	3	
3	24	1999	14.4	8.9	69	18.02	79.5	2	
3	25	1999	18.9	8.9	199	4.061	80.95	2	
3	26	1999	20	6.1	259	0	74.7	2	
3	27	1999	17.8	3.3	265	0	56.6	3	
3	28	1999	18.3	1.7	262	0	65.45	2	
3	29	1999	18.3	2.2	208	0	71.2	3	
3	30	1999	13.9	2.8	228	1.015	69.15	4	
3	31	1999	14.4	1.7	247	0	64.75	3	
4	1	1999	16.7	2.2	272	0	60.6	4	
4	2	1999	18.9	7.2	273	0	49.8	5	
4	3	1999	15.6	6.1	239	0	53.4	7	
4	4	1999	18.3	6.1	279	0	47.6	7	
4	5	1999	11.1	2.8	66	15.99	80.35	4	
4	6	1999	14.4	3.9	211	1.015	75.85	2	
4	7	1999	14.4	2.2	223	0	82.35	4	
4	8	1999	11.7	2.2	220	7.107	74.85	4	
4	9	1999	14.4	-0.6	282	0	65.3	2	
4	10	1999	12.8	2.8	129	4.061	75.3	3	
4	11	1999	15.6	7.2	193	2.031	79.7	3	
4	12	1999	26.1	5	290	0	64.45	3	
4	13	1999	24.4	6.7	266	0	71.45	2	
4	14	1999	28.3	10.6	299	0	41.35	5	
4	15	1999	28.9	12.2	283	0	43.15	3	
4	16	1999	30.6	10.6	266	0	54.5	1	
4	17	1999	29.4	11.1	289	0	57.15	2	
4	18	1999	28.3	7.8	286	0	61.8	2	
4	19	1999	26.1	9.4	280	0	67.15	2	
4	20	1999	25.6	10	272	0	55.25	3	
4	21	1999	25	6.1	296	0	59.85	2	
4	22	1999	23.9	7.2	308	0	53.55	7	
4	23	1999	27.2	12.8	310	0	33.15	7	
4	24	1999	28.3	11.1	308	0	51.9	3	
4	25	1999	19.4	10	306	0	74.7	4	
4	26	1999	19.4	6.7	138	0	67.45	3	
4	27	1999	20.6	3.3	317	0	55.45	3	
4	28	1999	20	1.7	319	0	49.1	7	
4	29	1999	24.4	11.1	313	0	42.15	8	
4	30	1999	27.8	11.7	312	0	48.75	4	
5	1	1999	25.6	8.3	309	0	64.95	4	
5	2	1999	17.2	7.2	147	1.015	72.05	4	
5	3	1999	18.9	6.1	215	0	64.05	4	
5	4	1999	21.1	2.8	319	0	61.5	2	
5	5	1999	29.4	8.3	323	0	48.15	3	
5	6	1999	28.3	9.4	312	0	59.65	4	
5	7	1999	26.1	10	327	0	51.05	3	
5	8	1999	24.4	5.6	338	0	42.25	4	
5	9	1999	23.9	8.9	336	0	40.6	5	
5	10	1999	25	6.1	298	0	52.1	3	
5	11	1999	30	8.9	325	0	58.65	2	
5	12	1999	26.7	10.6	323	0	60.35	3	
5	13	1999	23.3	5.6	340	0	52.75	3	
5	14	1999	21.7	6.1	341	0	55.4	3	
5	15	1999	23.3	5.6	348	0	48.35	3	
5	16	1999	26.1	6.7	338	0	53.75	2	
5	17	1999	28.3	7.8	323	0	60.1	2	
5	18	1999	25.6	10	337	0	63.8	4	
5	19	1999	24.4	7.2	333	0	66.8	4	
5	20	1999	22.2	9.4	314	0	68.4	3	
5	21	1999	32.2	7.8	334	0	55.55	4	
5	22	1999	35	17.8	340	0	32.7	8	
5	23	1999	27.2	11.1	335	0	61.5	4	
5	24	1999	26.1	11.1	326	0	65.55	3	
5	25	1999	31.1	10.6	329	0	63.85	2	
5	26	1999	30	12.8	333	0	63.05	2	
5	27	1999	28.3	10.6	339	0	66.45	2	
5	28	1999	27.8	10.6	343	0	64.15	4	
5	29	1999	21.7	10	319	0	69	3	
5	30	1999	26.7	9.4	333	0	66.65	3	
5	31	1999	26.7	11.1	339	0	62.25	3	
6	1	1999	19.4	10.6	288	0	72.1	5	
6	2	1999	18.9	9.4	330	0	66.45	5	
6	3	1999	18.3	10	214	0	67	2	
6	4	1999	24.4	8.3	313	0	66.55	2	
6	5	1999	28.3	10	334	0	65.95	3	
6	6	1999	26.1	10.6	347	0	57.4	3	
6	7	1999	23.9	6.1	351	0	51.75	3	
6	8	1999	25.6	6.1	350	0	56.45	2	
6	9	1999	27.2	8.3	345	0	54.7	2	
6	10	1999	30	9.4	335	0	54.25	2	
6	11	1999	31.1	10.6	273	0	58.1	4	
6	12	1999	30	10.6	344	0	58.7	3	
6	13	1999	31.1	10.6	347	0	56.7	2	
6	14	1999	30	13.3	348	0	63.85	3	
6	15	1999	28.3	12.2	319	0	63.95	3	
6	16	1999	30.6	10	349	0	61.85	2	
6	17	1999	32.2	11.7	346	0	54.65	2	
6	18	1999	32.2	12.8	335	0	58.45	2	
6	19	1999	30.6	11.7	330	0	61.05	2	
6	20	1999	32.8	10.6	304	0	58.05	2	
6	21	1999	32.2	15	339	0	53.65	2	
6	22	1999	36.1	16.1	318	0	52.9	3	
6	23	1999	33.3	15	327	0	57.35	3	
6	24	1999	32.2	12.2	335	0	57.9	4	
6	25	1999	30	11.7	336	0	59.6	2	
6	26	1999	31.7	11.7	333	0	57.25	2	
6	27	1999	35	12.8	335	0	49.7	3	
6	28	1999	35.6	16.1	335	0	52.05	3	
6	29	1999	37.8	15.6	332	0	48.75	2	
6	30	1999	38.9	19.4	332	0	49.05	2	
7	1	1999	37.2	16.7	336	0	48.55	3	
7	2	1999	30	14.4	336	0	56.4	4	
7	3	1999	26.1	12.2	341	0	52.35	5	
7	4	1999	29.4	9.4	347	0	52.6	3	
7	5	1999	33.3	10.6	343	0	50.15	2	
7	6	1999	32.8	11.7	345	0	54.8	3	
7	7	1999	32.8	10	348	0	51.25	3	
7	8	1999	35	11.7	343	0	48.8	2	
7	9	1999	33.3	10.6	344	0	53.65	2	
7	10	1999	36.1	12.8	331	0	52.4	2	
7	11	1999	38.3	17.2	318	0	47.4	2	
7	12	1999	40.6	22.8	301	0	49.2	3	
7	13	1999	36.1	20.6	276	0	43.8	3	
7	14	1999	30.6	16.1	315	0	51.05	5	
7	15	1999	28.3	12.8	331	0	62.85	4	
7	16	1999	27.2	11.1	335	0	64.55	4	
7	17	1999	27.8	10.6	335	0	59.2	3	
7	18	1999	29.4	8.9	332	0	54.75	3	
7	19	1999	25	11.1	329	0	62.9	4	
7	20	1999	23.9	11.1	326	0	64.4	4	
7	21	1999	27.8	9.4	326	0	60.7	2	
7	22	1999	31.1	9.4	321	0	59.85	2	
7	23	1999	27.8	12.2	323	0	59.2	4	
7	24	1999	27.8	10	316	0	65.6	3	
7	25	1999	31.1	11.1	321	0	59.1	2	
7	26	1999	30	10	324	0	59.6	3	
7	27	1999	28.3	10	253	0	66.4	3	
7	28	1999	27.2	11.1	316	0	59	3	
7	29	1999	30	8.9	318	0	60.1	3	
7	30	1999	30	10.6	311	0	58.75	2	
7	31	1999	28.9	11.7	310	0	58.7	3	
8	1	1999	30.6	10.6	308	0	63.95	2	
8	2	1999	31.1	12.8	306	0	63.35	2	
8	3	1999	31.7	13.3	308	0	63.2	2	
8	4	1999	30.6	13.9	304	0	65.45	3	
8	5	1999	24.4	13.9	262	0	75.6	4	
8	6	1999	24.4	14.4	247	0	69.5	4	
8	7	1999	26.1	12.8	290	0	63.65	3	
8	8	1999	27.8	11.7	278	0	65.55	2	
8	9	1999	28.3	11.7	245	0	65.1	2	
8	10	1999	25	13.9	238	1.015	73.35	3	
8	11	1999	27.2	12.2	211	0	73.7	3	
8	12	1999	28.9	11.1	324	0	68.55	3	
8	13	1999	28.3	12.2	324	0	60.75	3	
8	14	1999	27.8	11.7	321	0	63.65	3	
8	15	1999	31.1	11.1	323	0	58.7	2	
8	16	1999	32.8	11.1	319	0	56.65	2	
8	17	1999	33.3	12.2	318	0	54.75	2	
8	18	1999	28.3	12.8	321	0	61.3	3	
8	19	1999	32.2	10.6	316	0	60.6	2	
8	20	1999	32.2	11.7	314	0	58.85	2	
8	21	1999	35	12.2	305	0	58.4	2	
8	22	1999	37.2	14.4	297	0	49.35	1	
8	23	1999	35	16.7	300	0	51.2	3	
8	24	1999	37.8	13.9	298	0	50.95	2	
8	25	1999	39.4	15.6	292	0	49.3	1	
8	26	1999	35.6	20	158	0	40.9	2	
8	27	1999	35	18.3	263	0	51.7	2	
8	28	1999	35.6	16.1	270	0	55.65	2	
8	29	1999	31.7	14.4	293	0	62.5	4	
8	30	1999	28.3	15	283	0	51.5	3	
8	31	1999	27.2	13.3	290	0	44.55	4	
9	1	1999	27.2	8.3	213	0	54.4	2	
9	2	1999	28.3	8.3	279	0	59.45	2	
9	3	1999	30.6	9.4	269	0	59.05	2	
9	4	1999	33.3	10.6	271	0	52.3	2	
9	5	1999	33.9	11.7	273	0	52.35	1	
9	6	1999	34.4	12.8	270	0	47.35	1	
9	7	1999	35	12.2	269	0	51.7	2	
9	8	1999	33.9	11.7	259	0	58.05	2	
9	9	1999	30	15.6	235	0	58.6	3	
9	10	1999	30	11.7	259	0	66.8	2	
9	11	1999	29.4	12.2	246	0	64.95	2	
9	12	1999	31.1	11.7	254	0	63.7	2	
9	13	1999	32.8	11.1	253	0	59.25	2	
9	14	1999	30	11.7	246	0	65	2	
9	15	1999	31.1	10.6	234	0	61.15	2	
9	16	1999	32.8	10	233	0	57.5	2	
9	17	1999	30	8.9	239	0	60.05	2	
9	18	1999	30	10	209	0	61.6	2	
9	19	1999	27.2	12.2	227	0	65.15	3	
9	20	1999	28.9	11.7	227	0	66.3	2	
9	21	1999	33.9	11.7	235	0	56.05	1	
9	22	1999	31.7	16.1	187	0	56	3	
9	23	1999	31.7	13.9	214	0	56.9	2	
9	24	1999	31.7	13.9	222	0	57.65	2	
9	25	1999	35	13.9	221	0	53.15	1	
9	26	1999	33.3	21.1	231	0	21.05	5	
9	27	1999	31.1	21.1	239	0	14.95	8	
9	28	1999	31.7	16.1	227	0	21.05	5	
9	29	1999	33.9	13.3	218	0	34.1	2	
9	30	1999	35	12.8	210	0	36.7	1	
10	1	1999	33.9	12.2	206	0	44.85	2	
10	2	1999	27.2	8.9	199	0	60.15	1	
10	3	1999	26.7	8.3	197	0	62.6	2	
10	4	1999	23.3	9.4	158	0	62.65	3	
10	5	1999	23.3	11.1	160	0	62.8	3	
10	6	1999	23.9	13.3	171	0	69.95	3	
10	7	1999	29.4	13.9	209	0	39	4	
10	8	1999	32.8	8.9	205	0	48.7	1	
10	9	1999	32.8	10.6	201	0	47.15	1	
10	10	1999	32.8	10	203	0	48.15	1	
10	11	1999	31.7	10.6	201	0	43.6	2	
10	12	1999	31.7	12.2	196	0	45.95	2	
10	13	1999	33.3	9.4	199	0	40.75	2	
10	14	1999	32.8	12.8	189	0	46.4	2	
10	15	1999	27.8	18.3	191	0	18.3	7	
10	16	1999	27.2	17.2	189	0	12.7	8	
10	17	1999	25.6	8.9	157	0	25.6	3	
10	18	1999	27.2	5.6	161	0	37.45	1	
10	19	1999	27.2	7.2	156	0	38.75	1	
10	20	1999	28.9	8.3	170	0	35.75	1	
10	21	1999	28.3	7.8	163	0	37.2	1	
10	22	1999	28.3	8.3	149	0	45.6	2	
10	23	1999	25	7.2	171	0	54.85	3	
10	24	1999	25.6	3.9	176	0	57.85	1	
10	25	1999	26.1	3.3	169	0	54.95	1	
10	26	1999	24.4	5	137	0	64.5	2	
10	27	1999	21.1	10.6	78	4.822	80.75	4	
10	28	1999	20.6	10.6	148	0	69.65	3	
10	29	1999	22.8	8.9	167	0	51.05	3	
10	30	1999	23.9	5	163	0	62.55	1	
10	31	1999	25.6	6.7	162	0	57.25	3	
11	1	1999	25.6	7.2	163	0	54.95	2	
11	2	1999	25.6	6.7	157	0	61.25	1	
11	3	1999	24.4	5	146	0	69.9	1	
11	4	1999	24.4	11.7	142	0	68.8	1	
11	5	1999	25.6	9.4	149	0	67.5	1	
11	6	1999	21.7	7.8	145	0	73.35	1	
11	7	1999	20	7.2	90	8.376	73.25	3	
11	8	1999	18.3	8.3	147	2.538	76.4	3	
11	9	1999	17.2	6.1	109	0	78	1	
11	10	1999	16.7	10.6	42	0.508	84.75	1	
11	11	1999	22.2	8.9	132	0	76.55	1	
11	12	1999	22.2	8.9	138	0	75.45	1	
11	13	1999	22.2	8.9	130	0	72.2	2	
11	14	1999	20	7.2	81	0.508	74.5	2	
11	15	1999	21.7	10	118	0.508	77.35	1	
11	16	1999	20	7.8	95	10.4	79.85	3	
11	17	1999	16.1	7.2	112	0	78.35	2	
11	18	1999	15.6	3.9	127	0	80.2	1	
11	19	1999	12.8	5	22	10.91	94.6	3	
11	20	1999	16.1	9.4	76	0	85.65	3	
11	21	1999	14.4	6.1	135	0	72.55	4	
11	22	1999	13.9	4.4	128	0	67.1	3	
11	23	1999	13.9	1.1	112	0	76.35	1	
11	24	1999	15	1.1	123	0	75.05	1	
11	25	1999	19.4	2.2	119	0	72.2	1	
11	26	1999	12.2	4.4	38	0	95.65	1	
11	27	1999	12.8	6.1	31	0.254	98	1	
11	28	1999	15	6.1	77	0	89.6	1	
11	29	1999	12.2	8.3	19	1.015	95.35	2	
11	30	1999	14.4	7.8	60	1.269	83.05	4	
12	1	1999	13.3	3.9	118	0	84.4	2	
12	2	1999	16.1	3.9	83	0.508	80.7	3	
12	3	1999	14.4	5.6	119	0	54.2	7	
12	4	1999	13.3	-0.6	115	0	76.3	1	
12	5	1999	13.9	1.7	90	0	74.65	1	
12	6	1999	13.3	0.6	72	0	83.15	2	
12	7	1999	15.6	1.7	116	0	72.3	3	
12	8	1999	11.7	1.7	91	0	62.8	3	
12	9	1999	11.7	5	77	1.269	84.8	3	
12	10	1999	12.8	1.7	118	0	70	5	
12	11	1999	16.7	3.9	116	0	67.85	3	
12	12	1999	13.3	0	93	0	78.4	2	
12	13	1999	13.3	7.2	99	0	61.65	5	
12	14	1999	14.4	1.7	103	0	50.7	4	
12	15	1999	13.9	-2.8	113	0	63.85	1	
12	16	1999	14.4	-2.2	116	0	69.75	1	
12	17	1999	17.2	1.1	109	0	70.55	1	
12	18	1999	13.9	0	80	0	69.45	3	
12	19	1999	22.2	7.8	114	0	50.15	9	
12	20	1999	23.3	1.7	116	0	62.3	3	
12	21	1999	22.2	0.6	112	0	61.6	4	
12	22	1999	20	2.8	115	0	45.75	3	
12	23	1999	16.1	0	108	0	62.6	1	
12	24	1999	17.8	-0.6	111	0	61.35	1	
12	25	1999	17.2	-1.1	112	0	66.5	1	
12	26	1999	16.7	-0.6	107	0	67.1	1	
12	27	1999	18.9	-1.1	111	0	58.7	2	
12	28	1999	19.4	-1.1	116	0	53.7	2	
12	29	1999	16.7	-1.1	112	0	63.3	1	
12	30	1999	15.6	-2.2	114	0	66.05	1	
12	31	1999	13.9	-2.2	95	0	69.75	2	
1	1	2000	12.2	-0.6	65	0	81.8	2	
1	2	2000	14.4	-2.8	121	0	66.3	1	
1	3	2000	13.9	0	114	0	67.2	2	
1	4	2000	13.9	1.1	80	1.269	80.4	2	
1	5	2000	15.6	5	123	0	58.9	7	
1	6	2000	11.1	-1.1	74	0	73.2	1	
1	7	2000	17.2	0.6	114	0	59	1	
1	8	2000	9.4	0	32	0	93.25	2	
1	9	2000	14.4	0	68	0	83	2	
1	10	2000	16.1	4.4	96	0	84.6	4	
1	11	2000	13.3	7.2	25	3.807	86.8	5	
1	12	2000	11.1	5	42	0	80.3	1	
1	13	2000	15	2.8	69	0	83.85	2	
1	14	2000	16.7	5.6	57	0	85.8	2	
1	15	2000	13.9	8.9	24	3.553	84.55	2	
1	16	2000	15	5.6	85	4.569	75.15	4	
1	17	2000	9.4	5	28	1.269	88.4	3	
1	18	2000	14.4	7.8	68	11.92	92.9	3	
1	19	2000	15	11.1	35	3.046	94.8	3	
1	20	2000	16.1	6.7	85	0	81.8	1	
1	21	2000	15.6	5	85	0	87.1	3	
1	22	2000	12.8	5	82	0.761	91.95	2	
1	23	2000	11.7	9.4	15	14.46	96.55	3	
1	24	2000	11.7	10	19	28.17	98.85	2	
1	25	2000	15.6	8.3	73	19.28	87.15	2	
1	26	2000	15	7.2	109	3.807	84.55	2	
1	27	2000	14.4	3.9	145	0	77	2	
1	28	2000	13.9	1.7	132	0	72.2	2	
1	29	2000	15	2.8	125	0	78.6	2	
1	30	2000	13.9	7.2	49	14.46	83.65	4	
1	31	2000	12.2	7.8	52	1.777	84.95	2	
2	1	2000	15.6	7.8	111	0	86.8	3	
2	2	2000	16.7	5	144	0	86.95	2	
2	3	2000	12.8	6.1	31	6.091	93.95	2	
2	4	2000	13.3	6.1	63	0	92.25	1	
2	5	2000	15	6.1	60	1.523	90.95	2	
2	6	2000	16.7	5	144	0	86.95	3	
2	7	2000	16.7	5	120	0	85.4	2	
2	8	2000	18.3	6.1	82	0	82.45	1	
2	9	2000	15.6	9.4	62	0	90.35	1	
2	10	2000	12.8	7.2	43	14.21	92.8	2	
2	11	2000	11.1	6.1	23	25.12	96.35	4	
2	12	2000	12.2	6.7	56	2.538	92.95	4	
2	13	2000	13.9	9.4	34	31.47	97.4	6	
2	14	2000	15	8.3	144	20.55	85.35	6	
2	15	2000	15	3.9	144	0	86	2	
2	16	2000	11.1	7.2	40	10.4	93.4	2	
2	17	2000	13.9	3.3	146	0	82.9	1	
2	18	2000	15.6	2.8	187	0	81.15	2	
2	19	2000	16.7	3.9	153	0	71.4	2	
2	20	2000	18.3	9.4	82	12.94	82.65	3	
2	21	2000	16.7	7.2	185	1.015	77	3	
2	22	2000	12.2	7.8	28	33.5	90.15	4	
2	23	2000	12.8	3.3	154	3.3	79.1	2	
2	24	2000	10.6	0.6	107	2.031	86.75	1	
2	25	2000	13.3	5.6	139	0.254	81.5	1	
2	26	2000	15	10	46	9.137	88.65	4	
2	27	2000	13.9	6.7	128	5.584	84.15	4	
2	28	2000	15	3.9	168	0	80.9	2	
2	29	2000	15	6.1	168	6.091	81.7	3	
3	1	2000	17.2	3.9	191	0	75.9	2	
3	2	2000	10.6	6.7	59	2.284	91.2	2	
3	3	2000	17.8	3.3	212	0	81.3	2	
3	4	2000	16.1	3.3	157	11.92	85.75	3	
3	5	2000	11.7	7.2	87	8.376	89.1	3	
3	6	2000	11.7	6.1	81	0.508	85.55	2	
3	7	2000	11.7	6.1	68	5.076	85.75	3	
3	8	2000	12.2	3.9	122	8.376	80.3	3	
3	9	2000	15.6	5	132	2.538	82.85	4	
3	10	2000	16.1	1.1	155	0.254	82.55	1	
3	11	2000	16.7	8.3	176	0	82.15	2	
3	12	2000	21.1	6.1	226	0	69	2	
3	13	2000	22.2	5	223	0	76.8	1	
3	14	2000	22.2	7.8	215	0	69.8	3	
3	15	2000	23.9	6.7	236	0	53.25	3	
3	16	2000	22.8	9.4	230	0	55.45	2	
3	17	2000	21.7	8.3	244	0	49.05	4	
3	18	2000	25	7.2	239	0	61.5	2	
3	19	2000	21.1	9.4	216	0	59.45	3	
3	20	2000	18.3	7.8	254	0	37.2	9	
3	21	2000	23.9	9.4	258	0	42.75	7	
3	22	2000	23.3	4.4	245	0	59.3	3	
3	23	2000	20	7.2	233	0	67.1	3	
3	24	2000	20.6	2.8	250	0	59.85	2	
3	25	2000	20	6.1	251	0	65.8	2	
3	26	2000	22.8	3.9	246	0	69.65	2	
3	27	2000	17.2	6.7	219	0	76.85	3	
3	28	2000	18.9	6.1	224	0	72.75	2	
3	29	2000	22.2	2.8	261	0.254	63.25	2	
3	30	2000	24.4	7.2	277	0	49.5	7	
3	31	2000	26.7	11.1	279	0	25.9	7	
4	1	2000	29.4	13.3	277	0	32.25	5	
4	2	2000	32.2	12.8	246	0	-1	-1	
4	3	2000	31.7	8.9	276	0	53.9	3	
4	4	2000	23.9	8.3	282	0	63.1	3	
4	5	2000	23.9	5	273	0	69.6	2	
4	6	2000	24.4	5	283	0	66	2	
4	7	2000	27.2	5	279	0	61.5	2	
4	8	2000	22.8	7.8	283	0	61.45	4	
4	9	2000	22.2	6.1	286	0	66.2	2	
4	10	2000	28.3	6.1	285	0	55.9	2	
4	11	2000	26.7	10	263	0	60.35	2	
4	12	2000	26.7	13.3	172	3.046	59.1	3	
4	13	2000	20	11.1	276	3.553	75	4	
4	14	2000	20	10.6	179	0	71	2	
4	15	2000	18.3	9.4	181	0	71.65	4	
4	16	2000	17.8	10.6	117	5.584	79.1	3	
4	17	2000	13.9	7.8	107	14.46	87.85	3	
4	18	2000	18.3	4.4	233	5.076	74.4	2	
4	19	2000	21.1	6.1	263	0	66.4	1	
4	20	2000	23.9	10	299	0	61.8	2	
4	21	2000	26.1	9.4	304	0	61.15	4	
4	22	2000	21.1	8.3	254	0	63.35	4	
4	23	2000	21.7	3.9	306	0	68.95	2	
4	24	2000	25	8.3	304	0	56.05	3	
4	25	2000	26.1	8.3	298	0	58.65	2	
4	26	2000	28.9	10	306	0	55.35	2	
4	27	2000	23.3	9.4	268	0	49.15	4	
4	28	2000	20	5	320	0	44.65	3	
4	29	2000	25	7.2	318	0	45.6	3	
4	30	2000	27.8	7.2	312	0	53.95	2	
5	1	2000	27.2	7.2	280	0	55.55	2	
5	2	2000	26.1	10.6	313	0	66	2	
5	3	2000	28.9	9.4	307	0	60.7	3	
5	4	2000	26.1	12.8	258	0	60.25	3	
5	5	2000	23.3	10	278	0	57.55	3	
5	6	2000	18.9	8.9	144	0	65.25	4	
5	7	2000	15	8.9	64	2.284	94.65	2	
5	8	2000	22.2	11.7	223	1.015	77.4	3	
5	9	2000	22.2	10.6	267	0	70.35	3	
5	10	2000	18.3	7.2	293	0	54.2	4	
5	11	2000	21.1	3.9	321	0	52.1	2	
5	12	2000	22.2	5.6	274	0	55	2	
5	13	2000	22.2	9.4	204	0	48.85	2	
5	14	2000	17.2	7.8	129	3.807	79.1	2	
5	15	2000	17.8	10.6	137	4.061	79.5	2	
5	16	2000	20	9.4	235	0.508	75.8	2	
5	17	2000	25.6	11.1	308	0	64.05	3	
5	18	2000	30	12.8	324	0	55.8	3	
5	19	2000	33.3	12.8	312	0	54.05	3	
5	20	2000	36.1	15.6	316	0	49.5	3	
5	21	2000	37.2	16.1	324	0	47.4	2	
5	22	2000	36.7	18.9	302	0	57.25	2	
5	23	2000	37.8	18.9	251	0	46.45	4	
5	24	2000	33.3	16.7	304	0	58.5	3	
5	25	2000	28.9	13.3	315	0	60.15	2	
5	26	2000	31.1	13.3	324	0	55.75	2	
5	27	2000	31.1	12.2	331	0	62.35	3	
5	28	2000	32.2	13.9	335	0	53.9	2	
5	29	2000	27.8	10.6	339	0	54.05	2	
5	30	2000	26.1	8.9	342	0	53.1	3	
5	31	2000	28.3	13.9	349	0	34.3	5	
6	1	2000	31.7	11.1	338	0	43.7	2	
6	2	2000	30	10.6	342	0	52.25	3	
6	3	2000	30.6	7.2	343	0	58.05	2	
6	4	2000	30	9.4	333	0	52.8	3	
6	5	2000	27.2	10	335	0	60.45	3	
6	6	2000	28.3	10	338	0	61.65	3	
6	7	2000	23.9	11.7	312	0	69.35	4	
6	8	2000	22.2	12.2	245	0	74.45	3	
6	9	2000	25	10	324	0	66.4	3	
6	10	2000	25.6	9.4	339	0	65.9	2	
6	11	2000	27.8	10.6	302	0	62.35	2	
6	12	2000	32.8	14.4	299	0	56.8	2	
6	13	2000	37.8	21.1	350	0	39.85	8	
6	14	2000	40	23.9	356	0	33.55	4	
6	15	2000	38.9	21.7	348	0	44.45	4	
6	16	2000	36.1	18.3	353	0	44.1	5	
6	17	2000	32.2	14.4	345	0	56.65	3	
6	18	2000	26.7	13.9	348	0	65.35	4	
6	19	2000	33.9	12.8	345	0	59.35	3	
6	20	2000	36.1	14.4	354	0	50.4	2	
6	21	2000	36.1	15	348	0	55.9	2	
6	22	2000	30.6	13.9	350	0	62.15	3	
6	23	2000	29.4	11.7	349	0	59.95	3	
6	24	2000	31.7	12.2	348	0	59.8	2	
6	25	2000	34.4	13.3	346	0	59.4	2	
6	26	2000	35.6	14.4	339	0	56.05	2	
6	27	2000	35.6	15.6	339	0	55.55	2	
6	28	2000	35	15	337	0	58.05	2	
6	29	2000	31.7	13.9	339	0	64.65	3	
6	30	2000	29.4	11.7	355	0	63.9	4	
7	1	2000	28.9	11.7	340	0	63.2	3	
7	2	2000	24.4	11.7	349	0	65.3	4	
7	3	2000	25.6	11.7	325	0	67.35	3	
7	4	2000	28.3	10	340	0	64.6	3	
7	5	2000	26.1	12.2	321	0	66.95	4	
7	6	2000	26.1	11.1	302	0	65.55	3	
7	7	2000	26.1	11.1	333	0	63.1	3	
7	8	2000	28.3	10	341	0	63.2	2	
7	9	2000	31.1	11.7	343	0	58.9	2	
7	10	2000	30.6	11.7	341	0	62.9	2	
7	11	2000	32.8	11.7	342	0	59.65	3	
7	12	2000	30.6	13.3	337	0	60.8	3	
7	13	2000	30	13.3	339	0	54.05	3	
7	14	2000	32.2	11.7	344	0	51.3	2	
7	15	2000	31.1	12.2	331	0	58.35	3	
7	16	2000	24.4	13.3	268	0	70.2	4	
7	17	2000	25.6	11.1	335	0	69.8	3	
7	18	2000	31.7	10	338	0	59.75	2	
7	19	2000	33.3	12.2	337	0	56.1	2	
7	20	2000	34.4	12.8	339	0	58.7	2	
7	21	2000	30.6	12.2	342	0	65.7	3	
7	22	2000	31.1	12.2	337	0	63.6	2	
7	23	2000	34.4	11.7	340	0	54.55	2	
7	24	2000	35.6	12.2	331	0	52.05	2	
7	25	2000	34.4	13.9	326	0	58.3	2	
7	26	2000	31.7	13.3	330	0	56.35	3	
7	27	2000	31.7	11.1	331	0	59.4	2	
7	28	2000	33.9	12.2	320	0	58.8	2	
7	29	2000	35.6	13.9	326	0	56.25	2	
7	30	2000	36.1	15.6	285	0	53.45	2	
7	31	2000	40	16.7	301	0	50.85	1	
8	1	2000	40	20	263	0	-1	-1	
8	2	2000	38.3	18.9	296	0	-1	0	
8	3	2000	34.4	17.8	312	0	-1	4	
8	4	2000	35	15.6	319	0	-1	3	
8	5	2000	34.4	13.3	308	0	58.6	2	
8	6	2000	32.8	13.9	307	0	60.05	2	
8	7	2000	27.2	12.8	303	0	68.4	4	
8	8	2000	30	11.7	295	0	64.3	3	
8	9	2000	30.6	11.7	307	0	58.2	3	
8	10	2000	27.8	12.8	306	0	61.5	3	
8	11	2000	33.9	11.1	305	0	58.45	2	
8	12	2000	35.6	13.9	308	0	46.7	2	
8	13	2000	33.9	11.1	304	0	57.15	2	
8	14	2000	35	13.9	309	0	49.95	2	
8	15	2000	36.1	11.1	309	0	51.6	2	
8	16	2000	37.2	13.3	310	0	47	2	
8	17	2000	34.4	12.8	310	0	58.85	2	
8	18	2000	31.1	11.7	314	0	51.55	2	
8	19	2000	29.4	10.6	307	0	62.6	3	
8	20	2000	30.6	10.6	302	0	58.35	2	
8	21	2000	32.2	12.2	300	0	54.8	2	
8	22	2000	32.2	11.7	295	0	58.5	2	
8	23	2000	28.9	12.2	300	0	62.45	3	
8	24	2000	33.3	10	303	0	58.45	2	
8	25	2000	34.4	11.1	300	0	50.75	2	
8	26	2000	33.3	13.9	297	0	49.9	2	
8	27	2000	33.3	11.1	292	0	55.25	2	
8	28	2000	32.8	12.8	283	0	55.25	2	
8	29	2000	20.6	14.4	61	0	69.25	3	
8	30	2000	21.7	15.6	82	0	68.75	2	
8	31	2000	26.1	12.8	250	0	66.4	3	
9	1	2000	17.8	14.4	66	2.792	83.2	4	
9	2	2000	23.3	12.8	209	0	62.95	3	
9	3	2000	25	11.1	280	0	58.35	2	
9	4	2000	24.4	6.7	275	0	62.4	2	
9	5	2000	27.2	12.2	281	0	49.6	4	
9	6	2000	30.6	15	279	0	34.2	4	
9	7	2000	33.9	12.2	281	0	40.8	2	
9	8	2000	33.3	10.6	276	0	50.2	3	
9	9	2000	30.6	10	268	0	58.7	2	
9	10	2000	31.1	9.4	270	0	55.95	1	
9	11	2000	33.9	8.3	269	0	52.5	2	
9	12	2000	32.8	11.7	204	0	48.15	2	
9	13	2000	35.6	21.7	171	0	32.25	3	
9	14	2000	29.4	15.6	233	0	63.95	4	
9	15	2000	30.6	12.8	259	0	64.05	2	
9	16	2000	30.6	11.7	255	0	59.5	2	
9	17	2000	35	15	259	0	44.75	2	
9	18	2000	37.8	16.7	252	0	39.2	2	
9	19	2000	38.9	15.6	247	0	43.1	2	
9	20	2000	38.3	16.7	241	0	54.6	2	
9	21	2000	24.4	16.1	239	0	65.65	4	
9	22	2000	21.7	13.9	149	0.254	75.35	3	
9	23	2000	26.7	10	246	0	57.7	2	
9	24	2000	30	8.9	241	0	52.55	1	
9	25	2000	32.2	12.2	238	0	40.4	2	
9	26	2000	32.8	11.7	234	0	45.5	2	
9	27	2000	28.3	11.7	226	0	59.5	3	
9	28	2000	23.3	10.6	221	0	69.7	3	
9	29	2000	35	10	218	0	52.1	2	
9	30	2000	33.3	11.7	216	0	54	1	
10	1	2000	35	13.9	217	0	49.55	2	
10	2	2000	28.3	13.3	220	0	58.5	3	
10	3	2000	29.4	8.3	218	0	57.85	2	
10	4	2000	28.3	7.8	217	0	60.5	2	
10	5	2000	31.1	8.3	210	0	57.1	1	
10	6	2000	32.8	10.6	203	0	51.2	2	
10	7	2000	25.6	10.6	201	0	62.6	2	
10	8	2000	27.8	8.3	201	0	63.2	2	
10	9	2000	20.6	12.8	84	0	70.25	4	
10	10	2000	17.8	8.9	72	15.22	82	2	
10	11	2000	14.4	8.9	52	4.061	93.1	1	
10	12	2000	19.4	7.2	150	0.254	76	1	
10	13	2000	22.8	6.7	173	0	71.55	1	
10	14	2000	25.6	7.8	175	0	65.85	1	
10	15	2000	25.6	7.2	169	0	66.75	1	
10	16	2000	26.1	9.4	172	0	61.65	1	
10	17	2000	27.8	8.9	177	0	61	1	
10	18	2000	27.8	11.1	168	0	57.95	2	
10	19	2000	27.2	8.3	150	0	62.55	1	
10	20	2000	24.4	11.7	109	0	68.15	3	
10	21	2000	21.1	11.7	165	0	49.65	9	
10	22	2000	22.2	11.7	174	0	26.05	10	
10	23	2000	25.6	9.4	164	0	36	3	
10	24	2000	25.6	6.7	160	0	47.55	2	
10	25	2000	16.7	11.7	45	1.269	79.85	3	
10	26	2000	13.9	11.1	31	10.15	89.85	3	
10	27	2000	19.4	9.4	159	0	72.6	3	
10	28	2000	13.3	10	39	13.45	90.55	4	
10	29	2000	16.7	9.4	109	6.345	76.9	3	
10	30	2000	14.4	7.8	51	2.284	89.7	3	
10	31	2000	18.9	4.4	158	0	70.25	3	
11	1	2000	17.2	3.9	109	0	75.85	1	
11	2	2000	21.7	6.1	79	0	72.85	2	
11	3	2000	22.8	11.1	143	0	57.65	4	
11	4	2000	20.6	5.6	134	0	72.15	1	
11	5	2000	20	6.7	99	0	76.9	1	
11	6	2000	18.9	7.2	137	0	64.4	6	
11	7	2000	21.1	8.9	137	0	46.6	5	
11	8	2000	22.2	5.6	123	0	66.95	3	
11	9	2000	16.1	1.7	132	0	61.35	1	
11	10	2000	12.8	1.7	96	0	72.35	1	
11	11	2000	13.3	2.2	129	0	68.2	3	
11	12	2000	15	-1.7	132	0	59.2	1	
11	13	2000	11.1	-2.8	62	6.091	82.95	1	
11	14	2000	9.4	-0.6	75	0	88.65	2	
11	15	2000	10	-0.6	85	0	86.1	1	
11	16	2000	12.8	0.6	120	0	71.3	2	
11	17	2000	15.6	0.6	120	0	62.1	2	
11	18	2000	16.7	-1.7	114	0	69.15	1	
11	19	2000	16.1	1.1	114	0	64.75	1	
11	20	2000	16.1	-0.6	111	0	72.05	1	
11	21	2000	8.3	2.2	25	6.091	89.85	1	
11	22	2000	15	2.8	85	0	83.25	2	
11	23	2000	10.6	2.8	47	0.254	93.55	1	
11	24	2000	15.6	5.6	103	0	77.1	2	
11	25	2000	7.8	3.9	28	0.254	97.65	1	
11	26	2000	11.7	6.7	51	0	90.2	1	
11	27	2000	9.4	3.3	21	0.254	93.6	1	
11	28	2000	10	5	24	0	95.05	2	
11	29	2000	16.7	5	82	4.569	82.35	3	
11	30	2000	15	1.7	107	0	81.5	2	
12	1	2000	13.9	1.7	84	0	80.25	2	
12	2	2000	16.1	0.6	109	0	76.15	1	
12	3	2000	12.2	1.7	57	0.254	93.6	2	
12	4	2000	12.2	4.4	68	0.254	92	1	
12	5	2000	10.6	3.9	60	0.254	96.35	2	
12	6	2000	7.8	4.4	29	0	98.2	2	
12	7	2000	15.6	5.6	73	0	83	1	
12	8	2000	18.3	6.1	100	0	74.2	1	
12	9	2000	16.1	4.4	75	0	85.6	1	
12	10	2000	13.3	6.1	42	0	90.6	1	
12	11	2000	12.2	7.2	43	6.091	85	1	
12	12	2000	12.2	2.8	92	0.254	85.8	2	
12	13	2000	11.7	8.9	25	1.015	88.55	5	
12	14	2000	11.7	8.3	27	0.761	94.4	4	
12	15	2000	13.3	7.2	47	0	90.6	3	
12	16	2000	14.4	5	108	0	80.55	3	
12	17	2000	15	5	114	0	64.15	7	
12	18	2000	14.4	-0.6	107	0	64.2	1	
12	19	2000	15	1.1	105	0	68.15	1	
12	20	2000	16.7	1.7	88	0	68.3	1	
12	21	2000	14.4	-0.6	82	0.254	88.15	3	
12	22	2000	15	3.9	87	0	80.05	1	
12	23	2000	11.7	1.1	57	0	88.1	1	
12	24	2000	14.4	2.8	95	0	68.15	5	
12	25	2000	11.7	0	77	0	66.45	3	
12	26	2000	15	-2.2	79	0	81.15	1	
12	27	2000	15.6	-0.6	107	0	65.45	1	
12	28	2000	13.3	-2.2	112	0	75.45	1	
12	29	2000	14.4	-2.2	95	0	76.65	1	
12	30	2000	15.6	-2.8	110	0	72.2	1	
12	31	2000	13.3	-2.2	97	0	82.8	1	
1	1	2001	16.1	-1.1	109	0	74.45	1	
1	2	2001	12.8	-3.3	113	0	85.5	1	
1	3	2001	18.3	-1.1	116	0.254	69	1	
1	4	2001	17.2	-2.8	116	0	70.4	1	
1	5	2001	17.8	-2.2	117	0	67.7	1	
1	6	2001	16.7	-1.1	102	0	75.3	1	
1	7	2001	10.6	0	50	2.538	84.15	1	
1	8	2001	12.8	4.4	34	13.95	94	2	
1	9	2001	10.6	0.6	42	0.254	86.75	3	
1	10	2001	10	3.3	10	17	94.45	4	
1	11	2001	10.6	5.6	27	6.091	85.1	4	
1	12	2001	14.4	3.9	103	1.015	77.05	3	
1	13	2001	14.4	3.9	92	0	80.15	2	
1	14	2001	11.7	4.4	111	0	76.65	4	
1	15	2001	11.7	3.9	117	0	53.7	7	
1	16	2001	11.1	2.2	120	0	52.65	7	
1	17	2001	11.7	0	123	0	55.75	4	
1	18	2001	11.7	-3.3	100	0	72.3	1	
1	19	2001	14.4	1.7	108	0	65.65	2	
1	20	2001	12.2	-1.1	78	0	80.9	1	
1	21	2001	13.3	0.6	73	0	74.8	3	
1	22	2001	18.3	1.7	119	0	65.6	1	
1	23	2001	10	4.4	31	5.076	87.8	3	
1	24	2001	13.9	2.8	104	0	76.4	2	
1	25	2001	8.3	3.3	20	17.76	89.5	4	
1	26	2001	9.4	2.8	88	0.508	90	3	
1	27	2001	13.3	3.9	144	0	64.55	7	
1	28	2001	11.7	0	137	0	-1	-1	
1	29	2001	12.2	3.9	131	4.061	82.4	3	
1	30	2001	11.7	1.1	112	0	67.2	5	
1	31	2001	15	0	152	0	58.55	3	
2	1	2001	13.9	-1.1	131	0	75.6	1	
2	2	2001	14.4	1.7	93	0	68.9	2	
2	3	2001	18.9	2.8	146	0	69.7	2	
2	4	2001	20	2.8	149	0	76.4	1	
2	5	2001	20	3.3	157	0	68.05	2	
2	6	2001	13.9	3.3	136	0.508	66.85	3	
2	7	2001	12.2	4.4	167	0	36.75	8	
2	8	2001	15	3.9	150	0	46.65	4	
2	9	2001	9.4	4.4	48	21.57	83.6	4	
2	10	2001	10.6	5	109	7.36	82.95	4	
2	11	2001	10.6	4.4	147	10.4	80.85	4	
2	12	2001	6.7	2.2	46	15.22	91.1	4	
2	13	2001	14.4	2.8	147	0	65.3	7	
2	14	2001	14.4	1.1	174	0	75.85	2	
2	15	2001	13.3	-0.6	153	0	83.35	1	
2	16	2001	15	4.4	170	0	72.55	1	
2	17	2001	10	3.9	28	4.315	89.15	1	
2	18	2001	12.8	7.8	62	2.284	90.3	1	
2	19	2001	14.4	6.7	109	11.16	83.3	4	
2	20	2001	12.8	8.3	75	7.107	87.8	3	
2	21	2001	14.4	5.6	109	4.822	82.8	4	
2	22	2001	12.8	5.6	134	15.99	78.75	4	
2	23	2001	13.3	4.4	181	7.614	77.9	3	
2	24	2001	8.9	5.6	28	13.95	92.35	5	
2	25	2001	15.6	6.7	172	0	74.5	3	
2	26	2001	17.8	6.1	172	0	76.35	4	
2	27	2001	19.4	5.6	214	0	62.45	5	
2	28	2001	16.1	2.8	215	0	59.7	4	
3	1	2001	14.4	0	143	1.777	73.95	2	
3	2	2001	12.8	3.9	90	20.05	90.1	2	
3	3	2001	11.1	1.7	81	5.076	87.8	2	
3	4	2001	13.9	7.8	27	26.65	81.55	5	
3	5	2001	16.1	8.9	94	2.792	83.05	3	
3	6	2001	20.6	8.3	170	0	77.05	3	
3	7	2001	19.4	5.6	215	0	81.35	2	
3	8	2001	16.7	7.8	165	0	82.2	3	
3	9	2001	16.1	6.1	225	0	65.8	4	
3	10	2001	18.3	7.2	231	0	58.05	5	
3	11	2001	19.4	2.8	213	0	64.95	3	
3	12	2001	21.1	6.1	240	0	57.9	2	
3	13	2001	22.2	3.3	237	0	71.6	1	
3	14	2001	21.1	5	229	0	62.7	2	
3	15	2001	19.4	3.3	142	0	71.2	1	
3	16	2001	19.4	5	241	0	59.95	3	
3	17	2001	23.3	5.6	221	0	65.35	1	
3	18	2001	27.2	6.7	242	0	65.35	2	
3	19	2001	26.1	8.3	220	0	73.3	1	
3	20	2001	26.1	11.1	198	0.254	73.7	1	
3	21	2001	26.1	11.1	227	0	72.2	2	
3	22	2001	22.2	10	242	0	75.3	2	
3	23	2001	21.1	7.2	241	0	76.75	2	
3	24	2001	21.1	8.9	214	1.015	77.75	4	
3	25	2001	20	7.8	240	0	64.6	2	
3	26	2001	23.3	6.1	266	0	53.1	3	
3	27	2001	25.6	7.8	248	0	50.35	3	
3	28	2001	27.2	11.7	252	0	60.5	3	
3	29	2001	26.7	6.7	276	0	57.6	4	
3	30	2001	28.3	13.9	275	0	33.2	4	
3	31	2001	28.9	11.1	280	0	52.55	3	
4	1	2001	22.2	6.7	264	0	67.05	3	
4	2	2001	16.1	3.3	247	0	48.45	3	
4	3	2001	15	-0.6	284	0	54.8	2	
4	4	2001	17.8	1.1	274	0	50.85	2	
4	5	2001	20	3.9	291	0	51.25	3	
4	6	2001	10.6	6.7	58	17.25	78.95	4	
4	7	2001	13.3	2.2	160	1.015	69.5	3	
4	8	2001	13.3	-0.6	227	0	74.8	2	
4	9	2001	18.9	3.9	305	0	60.25	5	
4	10	2001	20.6	7.2	291	0	49.2	4	
4	11	2001	19.4	4.4	241	0	62.6	3	
4	12	2001	18.9	2.8	285	0	62.1	3	
4	13	2001	16.7	5.6	268	0	67.1	3	
4	14	2001	18.9	1.7	285	0	69.2	2	
4	15	2001	20.6	3.3	300	0	59	2	
4	16	2001	19.4	6.7	290	0	59.8	3	
4	17	2001	22.8	7.8	295	0	69.25	2	
4	18	2001	21.7	7.2	207	0	68.85	3	
4	19	2001	17.8	6.7	231	0	65.4	3	
4	20	2001	11.1	5	97	8.122	88.25	3	
4	21	2001	20.6	4.4	299	0	61.85	3	
4	22	2001	22.2	7.2	305	0	67.6	3	
4	23	2001	25	5.6	305	0	64.45	2	
4	24	2001	29.4	8.3	310	0	61.75	2	
4	25	2001	30.6	11.7	309	0	56	2	
4	26	2001	27.8	8.9	321	0	66.9	2	
4	27	2001	26.7	7.8	310	0	60.15	3	
4	28	2001	21.1	8.3	272	0	61.3	3	
4	29	2001	26.1	4.4	317	0	54.65	2	
4	30	2001	27.8	8.3	320	0	60.1	2	
5	1	2001	27.8	12.2	331	0	48.3	6	
5	2	2001	24.4	12.2	339	0	25.4	10	
5	3	2001	27.8	10.6	343	0	26.3	6	
5	4	2001	30	7.2	333	0	42.35	2	
5	5	2001	31.1	8.9	332	0	45	2	
5	6	2001	32.8	9.4	335	0	43.85	2	
5	7	2001	35	12.2	337	0	40.45	2	
5	8	2001	35.6	12.8	331	0	48.75	2	
5	9	2001	34.4	13.9	331	0	47.3	2	
5	10	2001	35.6	12.8	338	0	46.1	3	
5	11	2001	32.2	11.7	336	0	50	2	
5	12	2001	26.7	12.2	304	0	55.95	4	
5	13	2001	24.4	10.6	337	0	65.3	3	
5	14	2001	28.3	8.9	298	0	53.65	2	
5	15	2001	26.7	13.9	245	0	65.15	3	
5	16	2001	27.8	11.1	336	0.254	59.7	2	
5	17	2001	31.1	10	338	0	56.2	2	
5	18	2001	32.8	12.2	339	0	52.3	4	
5	19	2001	35.6	16.7	347	0	40.3	4	
5	20	2001	36.7	23.3	349	0	26.95	6	
5	21	2001	36.7	17.2	351	0	39.75	5	
5	22	2001	34.4	14.4	343	0	52.6	2	
5	23	2001	36.1	12.2	352	0	49.85	2	
5	24	2001	35.6	12.8	359	0	48.85	2	
5	25	2001	32.8	11.1	311	0	46.4	2	
5	26	2001	28.9	10	361	0	61.65	3	
5	27	2001	27.8	10	332	0	55.65	4	
5	28	2001	27.2	8.3	349	0	59.2	3	
5	29	2001	33.3	11.1	357	0	47.65	3	
5	30	2001	37.2	18.9	360	0	30.15	5	
5	31	2001	38.9	18.3	360	0	39.55	2	
6	1	2001	30.6	14.4	313	0.254	51.95	4	
6	2	2001	26.7	10.6	358	0	55.55	3	
6	3	2001	27.8	11.1	373	0.508	48.1	4	
6	4	2001	29.4	15.6	367	0	32.4	4	
6	5	2001	28.9	11.7	350	0.254	44.5	3	
6	6	2001	32.8	10	360	0	56.75	2	
6	7	2001	35	13.3	361	0	51.85	2	
6	8	2001	33.9	13.3	368	0	46	3	
6	9	2001	29.4	12.2	367	0	55.75	3	
6	10	2001	28.3	10.6	363	0.254	59.65	3	
6	11	2001	29.4	12.8	319	0	57	2	
6	12	2001	29.4	12.8	365	0	51.3	2	
6	13	2001	30.6	15.6	376	0	30.35	6	
6	14	2001	34.4	12.8	367	0	36.6	2	
6	15	2001	33.9	14.4	369	0.254	47.1	2	
6	16	2001	35.6	10.6	370	0	54.15	2	
6	17	2001	34.4	13.3	356	0.254	48.5	2	
6	18	2001	35.6	17.2	367	0	34.85	3	
6	19	2001	36.1	16.7	364	0	40.55	2	
6	20	2001	37.8	17.2	365	0	40.7	3	
6	21	2001	39.4	16.1	321	0	49.95	2	
6	22	2001	35.6	13.9	364	0	53.55	3	
6	23	2001	30	11.7	305	0	56.65	4	
6	24	2001	28.9	11.1	347	0	52.45	4	
6	25	2001	24.4	12.8	144	2.792	65.6	2	
6	26	2001	25	11.7	274	0	68.35	3	
6	27	2001	21.7	15	108	0.254	75.5	2	
6	28	2001	28.3	11.7	329	0	65.35	2	
6	29	2001	33.3	12.2	355	4.061	60.1	2	
6	30	2001	34.4	14.4	356	0	55.2	2	
7	1	2001	35.6	13.3	363	0	52.35	2	
7	2	2001	39.4	15.6	356	0	46.3	2	
7	3	2001	40.6	18.9	320	0	51	2	
7	4	2001	33.9	20.6	165	0	42.05	2	
7	5	2001	36.1	18.3	325	0	46.8	4	
7	6	2001	31.1	12.2	351	0	53.55	4	
7	7	2001	32.8	16.7	330	0	40.05	3	
7	8	2001	36.7	15.6	350	0	44.25	3	
7	9	2001	32.2	14.4	335	0	53.35	3	
7	10	2001	30.6	14.4	339	0	54.15	4	
7	11	2001	28.9	13.9	308	0	57.2	5	
7	12	2001	29.4	10	373	0	61.3	2	
7	13	2001	32.8	10	371	0	58.8	2	
7	14	2001	27.8	11.7	369	0	67.75	3	
7	15	2001	26.7	10	363	0	67.55	4	
7	16	2001	24.4	12.2	344	0	65.45	5	
7	17	2001	28.3	8.3	351	0	62.75	2	
7	18	2001	31.1	11.1	354	0	62.9	2	
7	19	2001	28.3	13.3	359	0	64.25	4	
7	20	2001	26.7	12.8	355	0	65.6	4	
7	21	2001	27.2	10.6	353	0	66.65	3	
7	22	2001	32.8	10.6	356	0	56.5	2	
7	23	2001	33.3	12.8	346	0	55.65	2	
7	24	2001	33.3	12.8	347	0	57.5	3	
7	25	2001	32.2	13.3	340	0	60.95	3	
7	26	2001	32.2	13.3	351	0	56.9	3	
7	27	2001	32.8	11.7	360	0	57.8	2	
7	28	2001	33.3	11.1	353	0	62.8	2	
7	29	2001	28.3	13.3	347	0	64.95	4	
7	30	2001	27.2	13.9	336	0	63.9	4	
7	31	2001	31.7	12.2	322	0	62.7	2	
8	1	2001	31.7	13.3	332	0	54.2	3	
8	2	2001	33.9	11.1	342	0	52.35	3	
8	3	2001	31.7	12.8	336	0	60.25	4	
8	4	2001	30.6	14.4	326	0	60.35	4	
8	5	2001	32.8	13.3	329	0	54.15	2	
8	6	2001	35	11.7	330	0	54	2	
8	7	2001	37.2	14.4	315	0	51.55	2	
8	8	2001	38.9	16.7	315	0	47.35	2	
8	9	2001	32.8	15.6	317	0	51.8	4	
8	10	2001	31.7	12.8	327	0	55.95	3	
8	11	2001	32.8	10.6	314	0	56.4	2	
8	12	2001	30.6	11.7	321	0	55.9	3	
8	13	2001	30	10	323	0	60.7	2	
8	14	2001	33.9	9.4	325	0	53.45	2	
8	15	2001	33.9	10	319	0	54.35	2	
8	16	2001	36.1	10	322	0	55.55	2	
8	17	2001	37.2	13.3	310	0	50.25	2	
8	18	2001	33.9	12.2	309	0	59.5	2	
8	19	2001	33.3	12.8	311	0	52.35	2	
8	20	2001	26.1	12.8	301	0	64.9	4	
8	21	2001	27.8	10.6	293	0	62.85	3	
8	22	2001	28.9	13.3	290	0	64.95	3	
8	23	2001	29.4	12.2	262	0	64.35	2	
8	24	2001	32.8	13.9	295	0	58.3	2	
8	25	2001	34.4	12.8	295	0	59.55	2	
8	26	2001	36.1	12.8	296	0	50.3	1	
8	27	2001	38.9	15	292	0	48.65	2	
8	28	2001	37.8	14.4	293	0	47.25	3	
8	29	2001	32.8	13.3	284	0	55.2	3	
8	30	2001	26.1	13.9	280	0	66.65	4	
8	31	2001	31.1	11.7	273	0	60.95	2	
9	1	2001	32.2	11.7	280	0	59.9	2	
9	2	2001	34.4	13.9	283	0	46.2	2	
9	3	2001	35	13.9	279	0	49.05	2	
9	4	2001	35.6	13.9	279	0	46.95	3	
9	5	2001	31.1	12.8	277	0	57.3	2	
9	6	2001	33.3	13.9	277	0	38.9	4	
9	7	2001	34.4	11.1	268	0	40.05	2	
9	8	2001	31.1	10.6	261	0	54.95	2	
9	9	2001	27.2	10.6	255	0	60.9	3	
9	10	2001	27.2	12.2	260	0	59.55	2	
9	11	2001	28.9	13.9	180	0	58.8	2	
9	12	2001	27.2	11.7	252	0	66.4	3	
9	13	2001	30	10.6	251	0	61.05	1	
9	14	2001	33.9	13.9	247	0	53.25	2	
9	15	2001	31.1	12.2	248	0	57.05	2	
9	16	2001	27.2	12.2	247	0	68.6	2	
9	17	2001	30	10	244	0	61.7	2	
9	18	2001	30	11.7	233	0	60.85	2	
9	19	2001	31.7	11.1	231	0	58.75	2	
9	20	2001	31.7	10.6	236	0	57	2	
9	21	2001	31.1	8.3	242	0	60.6	2	
9	22	2001	32.8	10.6	210	0	55.5	1	
9	23	2001	30	10.6	186	0	50.85	2	
									
