CAYOAAB3	ZAMORA.A	YOLO							
121.9166667	38.81666667								
MO	DA	YEAR	TMAX	TMIN	SOL	PRCP	RH	WIND	
1	1	1995	8.3	1.1	28	1.015	95.45	2	
1	2	1995	9.4	1.7	43	1.015	89.05	1	
1	3	1995	8.9	6.7	15	24.11	89.3	2	
1	4	1995	8.9	7.2	10	12.94	92.65	4	
1	5	1995	14.4	6.7	79	7.107	76.65	4	
1	6	1995	10	6.7	11	3.046	90.3	3	
1	7	1995	13.9	9.4	30	10.66	87.2	8	
1	8	1995	13.3	10.6	10	16.24	88.9	8	
1	9	1995	16.1	12.2	18	33.24	93.05	9	
1	10	1995	15	10	48	65.73	83.85	6	
1	11	1995	15.6	9.4	80	1.015	79.25	6	
1	12	1995	12.8	11.1	25	5.076	95	5	
1	13	1995	16.7	11.7	28	2.031	92.55	7	
1	14	1995	15	8.9	53	3.046	84.85	5	
1	15	1995	14.4	5	104	1.015	73.5	2	
1	16	1995	10.6	1.7	91	1.015	84.55	2	
1	17	1995	9.4	0.6	72	1.015	88.55	1	
1	18	1995	11.1	3.9	85	0	85.35	1	
1	19	1995	11.7	2.8	78	0	85.45	2	
1	20	1995	10	1.7	54	5.076	89.25	2	
1	21	1995	11.1	5.6	52	3.046	90.9	1	
1	22	1995	11.7	7.8	28	17	90.45	4	
1	23	1995	13.9	10	57	9.899	88.3	4	
1	24	1995	13.3	8.3	43	7.107	89.85	3	
1	25	1995	15	8.3	78	3.046	87.85	1	
1	26	1995	11.1	6.1	18	13.95	93.4	4	
1	27	1995	11.1	8.9	15	18.02	98.45	3	
1	28	1995	13.3	10.6	32	3.046	97.3	1	
1	29	1995	15	9.4	46	0	93	1	
1	30	1995	14.4	11.7	19	15.99	97.65	2	
1	31	1995	18.3	12.2	84	0	94.25	2	
2	1	1995	17.8	12.2	65	1.015	94.85	2	
2	2	1995	18.3	10	128	0	86.9	2	
2	3	1995	13.9	9.4	50	0	98.75	1	
2	4	1995	12.2	7.2	55	0	98.6	1	
2	5	1995	13.9	9.4	71	0	94.05	1	
2	6	1995	11.1	9.4	39	0	93.55	1	
2	7	1995	11.7	8.3	26	0	92.3	2	
2	8	1995	13.9	8.3	45	4.061	89.3	3	
2	9	1995	18.9	4.4	146	1.015	75.3	2	
2	10	1995	15.6	3.3	100	0	88.55	2	
2	11	1995	11.1	8.9	23	0	93.85	2	
2	12	1995	14.4	6.1	99	0	79.55	4	
2	13	1995	11.7	3.3	46	0	80.45	4	
2	14	1995	12.2	0.6	160	0	63	2	
2	15	1995	13.9	-0.6	162	0	71.35	2	
2	16	1995	12.8	0	80	0	83.15	1	
2	17	1995	17.2	1.1	134	0	80	1	
2	18	1995	21.1	7.2	157	0	73.9	3	
2	19	1995	20.6	3.9	168	0	77.45	2	
2	20	1995	22.8	4.4	164	0	76.95	1	
2	21	1995	23.3	7.2	170	1.015	73	2	
2	22	1995	17.8	9.4	87	0	90.05	2	
2	23	1995	16.7	6.7	86	1.015	89.7	1	
2	24	1995	15.6	6.1	59	0	89.35	1	
2	25	1995	15	6.1	61	0	89.45	1	
2	26	1995	13.3	7.2	34	0	89.3	1	
2	27	1995	14.4	6.7	54	0	88.5	1	
2	28	1995	14.4	10.6	48	0	88.85	1	
3	1	1995	17.8	9.4	108	0	84.9	1	
3	2	1995	14.4	11.1	43	23.09	93.5	3	
3	3	1995	15	5	163	1.015	73.95	4	
3	4	1995	13.9	1.7	141	0	79.5	2	
3	5	1995	14.4	3.9	112	2.031	75.5	2	
3	6	1995	16.7	3.3	196	0	64.8	3	
3	7	1995	16.1	1.1	52	0	75.5	1	
3	8	1995	13.3	8.9	26	14.97	86.6	4	
3	9	1995	17.2	11.1	34	31.98	87.75	7	
3	10	1995	15	11.7	33	26.9	87	8	
3	11	1995	14.4	10	58	15.99	90.85	3	
3	12	1995	16.7	7.2	150	0	78.35	3	
3	13	1995	13.3	10	33	4.061	89.35	4	
3	14	1995	16.7	7.8	57	4.061	82.05	4	
3	15	1995	17.8	4.4	218	0	74.9	3	
3	16	1995	19.4	7.2	216	0	73.4	1	
3	17	1995	19.4	5	173	0	85.1	2	
3	18	1995	18.3	8.9	100	4.061	77.5	4	
3	19	1995	16.1	5.6	110	0	86.85	2	
3	20	1995	15.6	7.2	74	11.92	76.15	4	
3	21	1995	12.2	5	153	3.046	78.7	4	
3	22	1995	12.2	5	62	47.97	86.45	6	
3	23	1995	10.6	0.6	87	8.883	83.2	4	
3	24	1995	13.3	0	212	0	74.7	2	
3	25	1995	14.4	3.9	241	0	64.15	5	
3	26	1995	16.1	4.4	242	0	51.95	4	
3	27	1995	18.9	7.2	245	0	46.7	5	
3	28	1995	20.6	6.7	246	0	52.5	4	
3	29	1995	21.1	3.3	247	0	54.35	3	
3	30	1995	22.2	2.8	238	0	59.45	1	
3	31	1995	20	3.9	189	0	73	1	
4	1	1995	20	10	220	0	65.1	3	
4	2	1995	23.3	9.4	259	0	42.1	5	
4	3	1995	23.3	2.8	254	0	69.5	1	
4	4	1995	24.4	6.7	253	0	70.4	1	
4	5	1995	24.4	6.1	217	0	73.05	2	
4	6	1995	17.2	11.7	75	0	85.35	4	
4	7	1995	17.2	8.3	130	3.046	76.05	4	
4	8	1995	15.6	2.8	167	1.015	67.85	3	
4	9	1995	17.8	1.1	267	0	58.6	4	
4	10	1995	23.3	7.8	258	0	60	3	
4	11	1995	22.8	5	231	0	73.5	1	
4	12	1995	20.6	8.9	154	0	79.15	4	
4	13	1995	18.9	6.1	231	0	66.3	3	
4	14	1995	18.3	3.3	265	0	56.25	3	
4	15	1995	12.8	1.1	102	2.031	68.7	2	
4	16	1995	20.6	4.4	264	1.015	62.25	3	
4	17	1995	16.1	2.8	136	0	79.15	2	
4	18	1995	17.8	7.8	260	0	60.65	4	
4	19	1995	18.9	4.4	261	1.015	53.4	3	
4	20	1995	17.8	7.2	195	0	59.65	3	
4	21	1995	22.2	6.1	290	0	39.95	4	
4	22	1995	26.7	4.4	292	0	49.2	2	
4	23	1995	27.2	4.4	291	0	56.7	1	
4	24	1995	27.2	7.2	282	0	65	1	
4	25	1995	26.1	5	287	0	66.65	1	
4	26	1995	23.9	8.3	290	0	67.05	3	
4	27	1995	20.6	8.3	174	2.031	69.55	3	
4	28	1995	16.7	11.7	74	3.046	84.35	3	
4	29	1995	21.7	12.8	195	2.031	76.8	5	
4	30	1995	21.1	12.2	159	8.883	80.8	2	
5	1	1995	21.1	10.6	232	1.015	73.05	4	
5	2	1995	22.2	7.2	292	0	70.65	1	
5	3	1995	22.8	8.3	235	0	71.8	1	
5	4	1995	21.7	7.2	219	0	73.3	1	
5	5	1995	17.8	6.1	148	15.99	80	2	
5	6	1995	20.6	3.9	296	1.015	72.35	1	
5	7	1995	21.7	7.8	281	0	74.1	2	
5	8	1995	21.7	7.2	285	0	69.85	2	
5	9	1995	16.7	8.3	142	0	78.95	1	
5	10	1995	22.2	8.3	273	0	69.6	2	
5	11	1995	21.7	8.9	277	1.015	57.5	3	
5	12	1995	16.7	5	148	0	70.8	2	
5	13	1995	17.2	7.8	166	8.883	78.25	2	
5	14	1995	17.2	11.1	158	0	75.8	2	
5	15	1995	20	9.4	210	0	73.85	2	
5	16	1995	24.4	10.6	303	0	68.65	2	
5	17	1995	27.2	9.4	301	1.015	72.3	1	
5	18	1995	28.3	10.6	309	0	67.95	1	
5	19	1995	29.4	11.1	317	0	63.6	1	
5	20	1995	26.7	8.3	312	0	68.8	2	
5	21	1995	21.7	8.9	220	0	75.9	2	
5	22	1995	24.4	8.9	275	0	74.25	1	
5	23	1995	29.4	9.4	312	0	58.1	2	
5	24	1995	26.1	11.1	279	0	65.8	2	
5	25	1995	30	11.1	342	0	63.3	2	
5	26	1995	26.7	10.6	295	0	68.65	2	
5	27	1995	28.3	13.3	294	0	62.9	1	
5	28	1995	32.8	11.7	333	0	58	2	
5	29	1995	32.8	11.1	336	0	57.2	1	
5	30	1995	32.8	11.1	303	0	57.85	1	
5	31	1995	32.8	12.8	322	0	55.55	2	
6	1	1995	31.1	12.8	277	0	63.85	3	
6	2	1995	21.1	10.6	175	0	75.05	2	
6	3	1995	29.4	10	318	0	69.8	2	
6	4	1995	28.3	11.1	326	0	60.35	3	
6	5	1995	23.3	10.6	334	0	50.65	3	
6	6	1995	22.2	11.7	340	0	41.3	5	
6	7	1995	24.4	14.4	335	0	38.35	4	
6	8	1995	27.8	8.3	324	0	49.7	3	
6	9	1995	27.2	8.3	315	0	59.15	2	
6	10	1995	28.9	7.8	334	0	57.55	2	
6	11	1995	28.9	11.7	339	0	57.3	2	
6	12	1995	30	7.2	339	0	59.25	2	
6	13	1995	30	9.4	306	0	61.95	3	
6	14	1995	18.9	13.3	103	4.061	80.8	3	
6	15	1995	22.2	11.1	177	5.076	72.05	3	
6	16	1995	19.4	10	194	8.122	81.15	1	
6	17	1995	22.8	10	220	0	78.25	3	
6	18	1995	22.8	10	322	0	65.35	3	
6	19	1995	24.4	7.2	341	0	68.25	2	
6	20	1995	27.2	15	342	0	43.3	3	
6	21	1995	26.1	14.4	338	0	67.6	2	
6	22	1995	33.9	13.9	334	0	66.85	1	
6	23	1995	37.2	16.1	332	0	60.7	1	
6	24	1995	37.8	17.8	329	0	57.55	2	
6	25	1995	38.9	18.9	325	0	58.5	1	
6	26	1995	38.3	18.3	322	0	52.35	2	
6	27	1995	33.3	15	325	0	66.35	2	
6	28	1995	33.9	13.9	322	0	65.85	1	
6	29	1995	30	14.4	319	0	70.95	2	
6	30	1995	30	12.8	317	0	68.45	2	
7	1	1995	30	12.2	316	0	68.95	2	
7	2	1995	32.8	12.8	319	0	61.15	2	
7	3	1995	29.4	13.3	313	0	71.95	1	
7	4	1995	32.8	14.4	315	0	69.45	2	
7	5	1995	32.2	14.4	316	0	67.05	2	
7	6	1995	32.2	13.9	322	0	56.05	4	
7	7	1995	32.8	12.8	313	0	59.55	2	
7	8	1995	33.9	17.2	259	0	56.6	2	
7	9	1995	28.9	15	316	0	56.7	3	
7	10	1995	28.3	10.6	322	0	60.25	2	
7	11	1995	26.7	10.6	305	0	65.05	2	
7	12	1995	23.9	10.6	244	0	74.05	2	
7	13	1995	30.6	16.1	322	0	51.5	2	
7	14	1995	35	16.7	319	0	58.25	1	
7	15	1995	36.1	14.4	319	0	62.6	1	
7	16	1995	37.8	18.9	312	0	53.5	2	
7	17	1995	26.7	17.2	172	0	66.6	2	
7	18	1995	34.4	15.6	296	1.015	60.25	1	
7	19	1995	34.4	15	296	0	57.1	2	
7	20	1995	32.2	13.9	303	0	67.45	2	
7	21	1995	32.2	12.8	307	0	62.55	2	
7	22	1995	29.4	11.1	304	0	69.05	2	
7	23	1995	30	11.7	312	0	68.15	2	
7	24	1995	31.1	11.7	309	0	68.25	2	
7	25	1995	30.6	11.7	281	0	68.15	2	
7	26	1995	34.4	12.2	320	0	58	1	
7	27	1995	36.1	13.9	309	0	49.4	2	
7	28	1995	37.8	15.6	296	0	53.95	2	
7	29	1995	30.6	12.8	319	0	59.9	2	
7	30	1995	34.4	15.6	314	0	46.65	2	
7	31	1995	39.4	17.8	323	0	41.45	1	
8	1	1995	37.8	15.6	302	0	51.7	2	
8	2	1995	38.9	16.1	297	0	57.35	1	
8	3	1995	37.2	16.1	301	0	59.7	2	
8	4	1995	35	13.3	300	0	63.05	1	
8	5	1995	33.9	13.9	293	0	65.6	2	
8	6	1995	34.4	12.2	299	0	57.65	2	
8	7	1995	30.6	14.4	295	0	58.35	2	
8	8	1995	32.2	19.4	305	0	33.65	4	
8	9	1995	36.1	12.8	292	0	49.85	2	
8	10	1995	30.6	13.9	298	0	51.6	3	
8	11	1995	28.9	10	296	0	59.1	1	
8	12	1995	33.3	10.6	298	0	47.8	1	
8	13	1995	32.8	15.6	289	0	51.35	2	
8	14	1995	35.6	16.7	287	0	49.6	1	
8	15	1995	36.1	16.1	279	0	48.15	3	
8	16	1995	30.6	14.4	286	0	52.9	4	
8	17	1995	26.1	10	282	0	64.6	2	
8	18	1995	33.3	13.9	288	0	42.25	2	
8	19	1995	33.9	11.7	282	0	49.25	1	
8	20	1995	37.2	15	269	0	44.7	2	
8	21	1995	37.2	16.7	259	0	49.65	2	
8	22	1995	35	15.6	243	0	63.95	1	
8	23	1995	37.8	16.7	264	0	49.75	3	
8	24	1995	32.2	14.4	267	0	51.55	2	
8	25	1995	30.6	9.4	269	0	58.65	2	
8	26	1995	29.4	9.4	268	0	61.3	2	
8	27	1995	31.7	9.4	267	0	54.6	2	
8	28	1995	30.6	7.2	265	0	59.05	2	
8	29	1995	30	11.1	256	0	62.1	2	
8	30	1995	31.1	11.1	261	0	57.5	1	
8	31	1995	33.3	10	263	0	52.65	1	
9	1	1995	32.8	9.4	263	0	59.15	2	
9	2	1995	32.2	9.4	261	0	58.1	2	
9	3	1995	28.9	7.2	261	0	62.5	2	
9	4	1995	30.6	7.8	255	0	59.3	2	
9	5	1995	32.8	10.6	254	0	55.2	2	
9	6	1995	33.3	11.7	247	0	49.1	1	
9	7	1995	32.8	14.4	242	0	49.85	1	
9	8	1995	33.3	12.8	242	0	52.05	2	
9	9	1995	31.1	10	237	0	61.6	2	
9	10	1995	30	10.6	232	0	64.95	1	
9	11	1995	32.8	11.1	230	0	58.45	1	
9	12	1995	33.9	10.6	232	0	55.9	1	
9	13	1995	33.3	11.1	227	0	59.1	1	
9	14	1995	32.2	10.6	223	0	63.05	1	
9	15	1995	31.1	12.2	246	0	67.9	2	
9	16	1995	31.1	10	236	0	61.05	2	
9	17	1995	31.7	11.1	232	0	65.75	1	
9	18	1995	35.6	13.9	227	0	53.7	1	
9	19	1995	37.2	13.9	220	0	53.3	1	
9	20	1995	36.1	15.6	219	0	51.4	1	
9	21	1995	33.3	13.9	218	0	55.2	1	
9	22	1995	29.4	13.3	200	0	63.95	1	
9	23	1995	29.4	10	215	0	66.55	1	
9	24	1995	28.3	12.2	165	0	62.5	1	
9	25	1995	26.1	11.1	199	0	67.75	2	
9	26	1995	28.3	10.6	199	0	64	2	
9	27	1995	28.9	8.9	203	0	60.25	2	
9	28	1995	24.4	7.8	187	0	67.15	1	
9	29	1995	27.2	11.1	206	0	48.7	3	
9	30	1995	28.9	9.4	191	0	46.65	2	
10	1	1995	25	11.1	202	0	53.75	3	
10	2	1995	31.7	14.4	200	0	27.5	3	
10	3	1995	31.7	9.4	195	0	42.45	2	
10	4	1995	26.7	15.6	199	0	25.2	8	
10	5	1995	28.9	9.4	194	0	33.3	3	
10	6	1995	27.8	5.6	178	0	43.05	1	
10	7	1995	27.2	7.8	183	0	45.5	2	
10	8	1995	27.8	5	177	0	48.55	1	
10	9	1995	28.9	7.2	177	0	53.25	1	
10	10	1995	29.4	8.9	173	0	48.5	1	
10	11	1995	28.3	11.1	168	0	53.65	3	
10	12	1995	25	9.4	178	0	38.4	5	
10	13	1995	25	11.1	179	0	37.45	3	
10	14	1995	32.2	7.8	174	0	36	1	
10	15	1995	26.7	6.7	166	0	57.15	2	
10	16	1995	22.8	7.2	149	0	71.25	1	
10	17	1995	27.2	7.2	163	0	58.95	1	
10	18	1995	30	10.6	161	0	48.05	2	
10	19	1995	30	11.1	163	0	36.75	1	
10	20	1995	29.4	6.7	154	0	49.75	1	
10	21	1995	25	8.9	157	0	47.55	4	
10	22	1995	22.2	12.2	156	0	27.15	7	
10	23	1995	24.4	5.6	152	0	36.35	1	
10	24	1995	24.4	3.3	141	0	40.95	1	
10	25	1995	23.3	2.8	139	0	54.65	1	
10	26	1995	27.8	6.7	131	0	50.1	1	
10	27	1995	26.1	7.2	107	0	53.45	1	
10	28	1995	25	8.3	108	0	62.05	1	
10	29	1995	26.7	7.2	124	0	59.75	1	
10	30	1995	23.9	6.1	109	0	70.15	1	
10	31	1995	18.3	8.9	77	0	75.85	1	
11	1	1995	22.2	8.3	112	0	69.6	1	
11	2	1995	20	5.6	101	0	75.6	1	
11	3	1995	23.9	5	121	0	54.1	1	
11	4	1995	22.2	2.2	116	0	37.05	1	
11	5	1995	21.7	1.7	116	0	59	1	
11	6	1995	21.7	5.6	120	0	64.5	1	
11	7	1995	24.4	6.7	113	0	51.15	1	
11	8	1995	25	6.1	113	0	60.1	2	
11	9	1995	22.8	9.4	105	0	64.1	1	
11	10	1995	22.2	6.7	114	0	59.65	2	
11	11	1995	23.3	3.9	112	0	53.15	1	
11	12	1995	25.6	7.2	108	0	57.1	1	
11	13	1995	26.1	8.3	111	0	59.95	1	
11	14	1995	26.1	6.7	106	0	63.8	1	
11	15	1995	23.3	6.1	104	0	71.7	1	
11	16	1995	23.9	9.4	98	0	70.75	1	
11	17	1995	22.8	6.7	97	0	75.9	1	
11	18	1995	22.2	9.4	93	0	75.65	2	
11	19	1995	21.1	5	91	0	66.35	1	
11	20	1995	22.8	6.1	93	0	64.65	1	
11	21	1995	19.4	8.3	51	0	75.75	2	
11	22	1995	21.1	6.1	89	0	70.2	1	
11	23	1995	22.2	4.4	101	0	67.6	1	
11	24	1995	20.6	5	77	0	71.45	1	
11	25	1995	23.3	4.4	52	0	74.7	3	
11	26	1995	18.3	5	102	0	56.45	3	
11	27	1995	20	7.8	96	0	35.5	5	
11	28	1995	20	3.3	87	0	53.6	1	
11	29	1995	20.6	2.8	92	0	61.8	1	
11	30	1995	21.7	2.2	89	0	66.85	1	
12	1	1995	21.1	9.4	52	0	77.05	2	
12	2	1995	16.7	5.6	94	0	69.45	2	
12	3	1995	15.6	4.4	35	0	69.2	3	
12	4	1995	16.7	12.2	28	0	87.7	4	
12	5	1995	22.2	8.9	73	0	78.4	3	
12	6	1995	14.4	6.7	38	2.031	95	1	
12	7	1995	16.1	7.2	53	1.015	92.2	1	
12	8	1995	15.6	2.8	79	0	89.15	1	
12	9	1995	11.7	8.9	17	0	96.35	1	
12	10	1995	13.3	10	21	1.015	91.7	3	
12	11	1995	12.8	11.1	13	28.93	96.95	8	
12	12	1995	17.2	11.1	42	56.85	84.45	9	
12	13	1995	14.4	6.1	47	8.883	90.7	4	
12	14	1995	13.9	3.9	76	0	89.8	4	
12	15	1995	16.1	5.6	95	8.883	72.8	5	
12	16	1995	13.3	3.9	106	0	79.4	4	
12	17	1995	10.6	2.2	76	0	80.3	2	
12	18	1995	10.6	5.6	39	1.015	90.75	2	
12	19	1995	13.9	2.2	102	0	82	1	
12	20	1995	9.4	1.1	88	0	90.1	1	
12	21	1995	10.6	1.7	57	1.015	90.9	1	
12	22	1995	7.2	4.4	15	1.015	98.05	3	
12	23	1995	12.2	2.8	97	0	78.95	3	
12	24	1995	12.8	1.7	94	0	83.2	2	
12	25	1995	14.4	0.6	105	0	69.05	1	
12	26	1995	14.4	1.1	93	0	75.25	1	
12	27	1995	12.8	2.2	70	0	86.65	2	
12	28	1995	10	3.3	47	0	91.75	2	
12	29	1995	10.6	7.8	10	9.899	97.2	5	
12	30	1995	12.8	9.4	19	0	99.15	2	
12	31	1995	14.4	10.6	57	1.015	88.7	4	
1	1	1996	18.9	10.6	107	0	60.1	7	
1	2	1996	19.4	6.1	106	0	75.75	3	
1	3	1996	11.1	5	37	0	95.8	1	
1	4	1996	13.9	6.1	54	0	87.05	1	
1	5	1996	13.3	6.7	63	0	90.65	2	
1	6	1996	14.4	3.3	108	0	88.55	1	
1	7	1996	10.6	3.3	53	0	99.65	1	
1	8	1996	11.7	3.3	63	0	95.7	1	
1	9	1996	10.6	7.2	18	1.015	97.15	3	
1	10	1996	17.8	5	116	0	73.65	5	
1	11	1996	12.2	2.2	84	0	92	1	
1	12	1996	7.8	2.2	32	1.015	-1	1	
1	13	1996	6.7	4.4	33	0	98.95	1	
1	14	1996	6.1	4.4	18	0	97.7	2	
1	15	1996	10.6	5.6	21	3.046	96.7	4	
1	16	1996	18.9	8.9	58	24.87	80.05	6	
1	17	1996	12.8	3.3	112	0	69.8	2	
1	18	1996	13.3	6.7	21	8.883	82.4	4	
1	19	1996	16.1	4.4	120	0	69.45	3	
1	20	1996	12.8	1.1	48	10.91	89.45	4	
1	21	1996	13.9	5.6	119	0	67.45	3	
1	22	1996	11.1	0.6	131	0	72.05	3	
1	23	1996	7.2	1.7	33	3.046	89.45	6	
1	24	1996	13.3	6.7	62	9.899	95.2	7	
1	25	1996	13.3	2.2	133	0	66.15	2	
1	26	1996	7.8	1.1	46	0	83.5	1	
1	27	1996	15	6.1	77	18.02	86.15	6	
1	28	1996	12.8	1.7	128	0	76.65	1	
1	29	1996	9.4	1.7	46	0	91.9	1	
1	30	1996	9.4	6.7	45	12.94	93.45	4	
1	31	1996	11.7	7.8	29	23.85	94.95	4	
2	1	1996	16.1	5.6	130	0	81.65	2	
2	2	1996	12.8	7.2	56	0	93.5	2	
2	3	1996	10.6	9.4	19	6.091	96.15	2	
2	4	1996	15.6	10	27	18.02	98.65	6	
2	5	1996	20.6	11.1	137	17	78.2	3	
2	6	1996	20.6	7.8	129	10.91	81.45	2	
2	7	1996	16.1	7.2	123	8.883	93.35	1	
2	8	1996	15.6	10.6	57	1.015	93.35	1	
2	9	1996	18.3	9.4	107	0	87.25	2	
2	10	1996	19.4	10	133	0	84.8	1	
2	11	1996	22.8	8.3	154	0	75.75	2	
2	12	1996	24.4	7.2	159	0	68.5	3	
2	13	1996	16.1	6.7	73	0	96.6	1	
2	14	1996	17.8	6.7	81	1.015	93.8	1	
2	15	1996	17.8	6.7	67	7.868	90.2	2	
2	16	1996	20	12.8	113	1.015	90.5	2	
2	17	1996	20	12.8	94	3.046	84.75	4	
2	18	1996	17.2	10.6	81	10.91	90.8	4	
2	19	1996	15	11.7	48	13.95	82.5	5	
2	20	1996	16.1	10.6	90	11.92	89.8	7	
2	21	1996	13.3	5.6	155	11.92	73.05	5	
2	22	1996	12.2	2.8	179	0	69.2	2	
2	23	1996	13.3	1.1	164	0	77.9	4	
2	24	1996	11.7	1.7	141	0	69.2	3	
2	25	1996	10.6	0.6	165	0	74.35	2	
2	26	1996	11.1	-1.1	191	0	66.35	3	
2	27	1996	5	0	14	18.02	93.2	2	
2	28	1996	10	3.9	54	10.91	92.25	5	
2	29	1996	13.3	5	94	2.031	88.3	3	
3	1	1996	17.8	6.1	193	0	80.45	2	
3	2	1996	18.9	4.4	191	0	76.15	1	
3	3	1996	13.9	7.2	61	1.015	94.1	2	
3	4	1996	15	9.4	80	12.94	87.8	6	
3	5	1996	13.9	3.3	165	0	76.55	3	
3	6	1996	14.4	2.8	178	0	75.2	2	
3	7	1996	17.8	6.7	173	0	71.15	2	
3	8	1996	20.6	5	177	0	72.55	1	
3	9	1996	21.1	7.2	164	0	77.75	1	
3	10	1996	19.4	8.3	115	1.015	80	3	
3	11	1996	18.9	10.6	146	13.95	76.35	4	
3	12	1996	14.4	9.4	71	24.87	84.75	3	
3	13	1996	19.4	10	218	0	57.4	7	
3	14	1996	22.2	6.7	222	0	66.8	3	
3	15	1996	21.7	5	215	0	76.35	1	
3	16	1996	23.9	7.2	227	0	65.55	4	
3	17	1996	26.7	10	227	0	61	3	
3	18	1996	27.2	10	200	0	66.55	1	
3	19	1996	24.4	9.4	221	0	76.6	1	
3	20	1996	25	7.8	220	0	70.9	1	
3	21	1996	22.8	6.7	233	0	72.65	2	
3	22	1996	17.2	6.1	240	0	68.5	4	
3	23	1996	17.2	2.2	243	0	59.65	3	
3	24	1996	18.9	1.1	218	0	71.6	2	
3	25	1996	17.2	1.7	176	0	67.3	4	
3	26	1996	20	1.7	245	0	51.75	2	
3	27	1996	20	4.4	141	3.046	76	3	
3	28	1996	16.1	4.4	252	0	60.15	3	
3	29	1996	17.8	0.6	219	0	67.15	2	
3	30	1996	19.4	2.8	247	0	67.05	1	
3	31	1996	22.8	3.9	216	0	65.7	3	
4	1	1996	15.6	6.1	15	35.02	89.8	2	
4	2	1996	18.3	5	194	0	84.65	1	
4	3	1996	20.6	4.4	232	0	71.1	1	
4	4	1996	22.8	8.9	245	0	64.1	4	
4	5	1996	26.7	7.2	262	0	62.6	2	
4	6	1996	26.1	8.3	255	0	71.5	1	
4	7	1996	26.7	9.4	255	0	72.9	1	
4	8	1996	25	8.3	260	0	67.85	2	
4	9	1996	21.1	7.2	220	0	72.35	2	
4	10	1996	21.7	5.6	241	0	73.75	2	
4	11	1996	21.1	5.6	227	0	70.55	3	
4	12	1996	19.4	7.2	265	0	58.3	2	
4	13	1996	22.2	4.4	265	0	54.1	2	
4	14	1996	22.8	5	234	0	66.85	1	
4	15	1996	21.1	10.6	121	0	64.15	3	
4	16	1996	18.9	6.7	226	1.015	71.45	4	
4	17	1996	18.3	5	128	7.107	76.9	3	
4	18	1996	17.8	3.9	257	0	71.75	1	
4	19	1996	13.9	4.4	85	0	80.65	2	
4	20	1996	16.1	4.4	175	0	74.95	2	
4	21	1996	19.4	2.8	223	0	76.6	1	
4	22	1996	21.7	6.7	210	0	71.05	1	
4	23	1996	23.9	7.2	186	0	66.85	2	
4	24	1996	23.3	12.2	256	0	66.4	3	
4	25	1996	27.8	10	294	0	53.05	3	
4	26	1996	30.6	15	288	0	41.05	3	
4	27	1996	25	12.2	304	0	30.3	6	
4	28	1996	28.3	15.6	302	0	25.5	6	
4	29	1996	32.2	7.8	311	0	45.9	2	
4	30	1996	35	11.1	304	0	46.9	2	
5	1	1996	33.9	13.9	311	0	42.15	2	
5	2	1996	30.6	12.8	310	0	36.4	3	
5	3	1996	26.1	8.9	312	0	38.6	2	
5	4	1996	25	5.6	297	0	54.65	2	
5	5	1996	26.1	4.4	296	0	51.1	2	
5	6	1996	25.6	5.6	290	0	55.8	2	
5	7	1996	25	5.6	300	0	65.05	2	
5	8	1996	25	4.4	296	0	56.95	2	
5	9	1996	27.2	5	310	0	58.5	1	
5	10	1996	29.4	6.7	310	0	58.25	1	
5	11	1996	32.2	10.6	304	0	65.7	1	
5	12	1996	35.6	13.9	308	0	61.45	1	
5	13	1996	31.7	12.8	264	0	61.1	2	
5	14	1996	23.9	17.8	180	0	68.25	4	
5	15	1996	19.4	13.9	71	46.95	83.8	2	
5	16	1996	20.6	14.4	152	11.92	84.9	4	
5	17	1996	20	14.4	119	1.015	82.45	5	
5	18	1996	20	10.6	191	0	75.05	4	
5	19	1996	22.8	6.7	309	0	68.25	1	
5	20	1996	23.3	8.9	288	0	69.4	2	
5	21	1996	19.4	11.1	102	0	84.45	4	
5	22	1996	22.2	8.9	307	0	64.9	2	
5	23	1996	22.2	12.2	329	0	46.5	5	
5	24	1996	25.6	12.8	327	0	48.95	4	
5	25	1996	28.9	16.1	326	0	48.75	4	
5	26	1996	25	10.6	312	0	75	3	
5	27	1996	26.7	9.4	307	0	68.65	2	
5	28	1996	23.9	10.6	293	0	76.35	2	
5	29	1996	24.4	9.4	304	0	74.85	2	
5	30	1996	26.7	9.4	292	0	68.6	1	
5	31	1996	28.9	8.9	318	0	66.65	1	
6	1	1996	32.8	13.9	324	0	63.05	1	
6	2	1996	35	14.4	324	0	61.4	1	
6	3	1996	36.7	13.9	320	0	58.75	2	
6	4	1996	34.4	15	320	0	63.25	1	
6	5	1996	36.1	17.8	318	0	58.85	1	
6	6	1996	36.7	16.1	321	0	65.5	1	
6	7	1996	35.6	15.6	316	0	66.85	1	
6	8	1996	35.6	11.1	325	0	64.45	1	
6	9	1996	33.9	15	330	0	44.05	2	
6	10	1996	30.6	13.3	324	0	64.2	2	
6	11	1996	32.8	11.1	320	0	63.85	1	
6	12	1996	32.2	12.8	321	0	63.75	2	
6	13	1996	28.9	10.6	322	0	72.15	2	
6	14	1996	32.2	11.1	319	0	67.65	1	
6	15	1996	29.4	10	324	0	68.6	1	
6	16	1996	26.1	11.1	322	0	71.85	2	
6	17	1996	27.8	10.6	317	0	69.95	1	
6	18	1996	28.9	12.2	326	0	54.65	3	
6	19	1996	31.1	10.6	324	0	58.65	2	
6	20	1996	27.8	10	320	0	66.3	2	
6	21	1996	27.8	11.1	311	0	69.4	2	
6	22	1996	31.1	11.1	315	0	67.6	1	
6	23	1996	31.7	13.3	296	0	59.6	2	
6	24	1996	25	12.2	269	1.015	64.25	3	
6	25	1996	23.3	10	290	0	69.65	2	
6	26	1996	23.9	11.1	240	0	72.5	3	
6	27	1996	23.3	8.3	278	0	72.3	1	
6	28	1996	28.3	8.9	319	0	68.7	1	
6	29	1996	32.8	12.8	323	0	61.55	1	
6	30	1996	36.1	13.3	324	0	64.35	1	
7	1	1996	36.7	16.1	319	0	58.65	1	
7	2	1996	36.7	13.9	321	0	55.05	2	
7	3	1996	34.4	12.2	317	0	59.2	3	
7	4	1996	31.1	13.3	325	0	61.1	2	
7	5	1996	33.3	11.1	322	0	65.65	1	
7	6	1996	35.6	13.3	320	0	62.6	1	
7	7	1996	35	13.9	316	0	62.1	2	
7	8	1996	35	12.8	312	0	68.55	1	
7	9	1996	35.6	14.4	308	0	63.6	2	
7	10	1996	36.1	14.4	308	0	58.5	2	
7	11	1996	34.4	14.4	305	0	58.5	2	
7	12	1996	32.8	14.4	301	0	60.3	2	
7	13	1996	36.1	17.2	348	0	59.5	2	
7	14	1996	36.1	16.7	353	0	59.85	2	
7	15	1996	32.2	13.9	362	0	62.9	2	
7	16	1996	29.4	11.1	337	0	70.55	2	
7	17	1996	31.7	12.2	355	0	64.8	3	
7	18	1996	29.4	11.1	366	0	63.95	1	
7	19	1996	32.8	15.6	367	0	47.3	2	
7	20	1996	35.6	12.8	368	0	44.1	1	
7	21	1996	37.8	13.9	358	0	50.45	1	
7	22	1996	37.8	13.3	317	0	51.9	2	
7	23	1996	34.4	16.7	255	0	56	1	
7	24	1996	35.6	13.3	346	0	62.45	2	
7	25	1996	36.7	14.4	348	0	64.8	1	
7	26	1996	33.9	13.9	312	0	70.5	1	
7	27	1996	36.1	16.7	279	0	60.4	2	
7	28	1996	36.7	20	313	0	60.05	1	
7	29	1996	38.9	21.1	326	0	50.95	2	
7	30	1996	39.4	18.9	328	0	51.4	2	
7	31	1996	40.6	16.7	339	0	48.25	2	
8	1	1996	35	11.7	343	0	56.2	2	
8	2	1996	36.1	12.8	340	0	56.45	2	
8	3	1996	30.6	13.3	332	0	64	1	
8	4	1996	34.4	13.3	332	0	55.1	2	
8	5	1996	31.1	12.2	328	0	59.8	3	
8	6	1996	31.1	12.2	330	0	66.25	2	
8	7	1996	33.9	12.2	326	0	60	1	
8	8	1996	32.2	13.9	322	0	70.7	1	
8	9	1996	38.3	15.6	315	0	63.85	1	
8	10	1996	40.6	16.1	313	0	52.55	1	
8	11	1996	40	21.1	278	0	42.85	1	
8	12	1996	38.3	21.7	277	0	53.1	1	
8	13	1996	41.1	19.4	291	0	52.75	1	
8	14	1996	41.1	18.3	303	0	48.3	2	
8	15	1996	33.9	13.3	307	0	58.8	1	
8	16	1996	37.2	11.7	317	0	56.8	2	
8	17	1996	31.7	11.1	293	0	64.65	2	
8	18	1996	27.2	13.3	221	0	66.15	1	
8	19	1996	29.4	11.1	275	0	64.9	2	
8	20	1996	27.8	10.6	271	0	69.7	1	
8	21	1996	33.3	12.2	287	0	55.25	1	
8	22	1996	35.6	12.8	286	0	55.25	1	
8	23	1996	36.7	15.6	272	0	54.6	1	
8	24	1996	35.6	14.4	272	0	60.6	2	
8	25	1996	32.8	10.6	287	0	65.75	2	
8	26	1996	30	9.4	287	0	64.95	3	
8	27	1996	27.8	10.6	282	0	71.8	1	
8	28	1996	34.4	11.1	279	0	54.85	1	
8	29	1996	36.7	14.4	275	0	55.2	1	
8	30	1996	38.9	15	280	0	53.7	2	
8	31	1996	33.9	11.7	281	0	57.95	1	
9	1	1996	33.9	11.1	282	0	60.9	1	
9	2	1996	32.8	10	276	0	57.65	2	
9	3	1996	30.6	9.4	269	0	65.75	2	
9	4	1996	30	8.9	263	0	61.6	2	
9	5	1996	23.3	7.2	275	0	67.1	2	
9	6	1996	31.7	8.3	268	0	50.1	1	
9	7	1996	33.9	8.9	267	0	44.9	1	
9	8	1996	33.9	12.2	265	0	38.8	1	
9	9	1996	35	11.1	263	0	42.75	1	
9	10	1996	35	12.2	257	0	42.55	1	
9	11	1996	29.4	11.1	252	0	57.45	2	
9	12	1996	25.6	8.9	238	0	69.1	2	
9	13	1996	22.8	12.8	110	0	78.15	1	
9	14	1996	27.2	9.4	237	0	68.4	2	
9	15	1996	26.7	11.1	196	0	56.85	4	
9	16	1996	25	8.3	239	0	55	3	
9	17	1996	26.1	12.2	234	0	44.85	3	
9	18	1996	27.2	15	249	0	34.9	4	
9	19	1996	31.1	9.4	235	0	40.1	1	
9	20	1996	33.3	11.1	238	0	43.55	1	
9	21	1996	33.9	13.3	231	0	52.3	2	
9	22	1996	28.9	11.1	230	0	60.4	2	
9	23	1996	30	9.4	226	0	58.2	1	
9	24	1996	26.1	9.4	224	0	72.45	1	
9	25	1996	32.2	7.8	216	0	62.95	1	
9	26	1996	31.7	9.4	221	0	55.25	1	
9	27	1996	31.7	10	221	0	53.05	1	
9	28	1996	32.8	9.4	212	0	57.25	1	
9	29	1996	32.8	11.7	205	0	53.2	1	
9	30	1996	28.3	10	200	0	62.85	2	
10	1	1996	26.1	10.6	201	0	70.1	2	
10	2	1996	28.3	11.1	199	0	67	2	
10	3	1996	31.7	9.4	201	0	65.75	1	
10	4	1996	30.6	11.1	188	0	65.95	1	
10	5	1996	32.8	11.7	203	0	57.85	1	
10	6	1996	32.8	12.8	205	0	57.5	1	
10	7	1996	33.9	11.7	201	0	54.75	1	
10	8	1996	36.7	12.2	196	0	46.45	1	
10	9	1996	34.4	12.8	189	0	44.1	2	
10	10	1996	27.2	8.9	178	0	67.55	1	
10	11	1996	31.1	6.7	199	0	64.85	1	
10	12	1996	28.9	11.1	183	0	60.25	2	
10	13	1996	26.7	8.9	199	0	63.3	1	
10	14	1996	26.7	9.4	199	0	45.05	2	
10	15	1996	26.7	10	195	0	43.95	2	
10	16	1996	20.6	11.1	190	0	34.6	4	
10	17	1996	25	4.4	193	0	36.1	1	
10	18	1996	21.1	5.6	151	0	51.3	3	
10	19	1996	18.9	3.9	190	0	50.05	1	
10	20	1996	18.3	7.2	194	0	37.25	5	
10	21	1996	21.7	5.6	195	0	29.8	3	
10	22	1996	21.7	2.2	168	0	40.4	1	
10	23	1996	22.8	9.4	170	0	51.95	2	
10	24	1996	21.7	7.2	85	0	61.45	4	
10	25	1996	18.3	3.3	154	0	59	3	
10	26	1996	18.9	9.4	182	0	39.7	5	
10	27	1996	22.2	10	171	0	31.05	5	
10	28	1996	19.4	3.9	143	0	55.95	4	
10	29	1996	12.8	9.4	34	29.94	83.9	4	
10	30	1996	16.1	8.9	100	1.015	81.85	2	
10	31	1996	16.7	7.8	138	2.031	83.25	2	
11	1	1996	18.9	5	148	0	79.6	1	
11	2	1996	17.2	3.3	130	0	86.65	1	
11	3	1996	13.9	6.1	73	0	92.05	1	
11	4	1996	15	4.4	73	0	88.25	1	
11	5	1996	16.7	3.3	156	1.015	65.45	4	
11	6	1996	18.9	3.9	155	0	60.2	2	
11	7	1996	20	1.7	146	0	68.8	1	
11	8	1996	22.2	2.8	139	0	68	1	
11	9	1996	22.2	5.6	115	0	70.2	0	
11	10	1996	23.9	3.9	126	0	67.35	0	
11	11	1996	24.4	5	138	0	65.95	0	
11	12	1996	22.8	7.2	100	0	73	0	
11	13	1996	22.8	7.2	93	0	67.85	1	
11	14	1996	17.8	6.1	96	0	63.85	2	
11	15	1996	17.8	2.2	140	0	63.6	1	
11	16	1996	13.3	0.6	55	5.076	81.75	3	
11	17	1996	17.2	10	46	12.94	91.8	6	
11	18	1996	20	15	105	4.061	85.85	6	
11	19	1996	16.1	13.3	31	3.046	88.55	6	
11	20	1996	16.1	11.1	70	2.031	96.25	2	
11	21	1996	16.1	10.6	30	1.015	98.05	2	
11	22	1996	17.8	9.4	88	3.046	90.15	4	
11	23	1996	15.6	8.9	55	3.046	87.9	1	
11	24	1996	17.2	9.4	54	1.015	88.8	1	
11	25	1996	17.8	7.8	114	1.015	76.35	4	
11	26	1996	18.3	10.6	130	0	48.2	6	
11	27	1996	16.7	2.8	117	0	72.45	2	
11	28	1996	15	5	96	0	73.65	3	
11	29	1996	15	2.8	123	0	57.55	4	
11	30	1996	14.4	0	111	0	72.8	3	
12	1	1996	15.6	3.9	113	1.015	79.1	4	
12	2	1996	12.8	-0.6	119	0	65.85	2	
12	3	1996	12.8	-0.6	105	0	81.75	1	
12	4	1996	10.6	2.8	33	1.015	88	4	
12	5	1996	15.6	10	40	5.076	83.85	5	
12	6	1996	14.4	7.8	64	1.015	82.95	3	
12	7	1996	14.4	7.8	53	0	91.05	4	
12	8	1996	15	11.7	46	0	90	3	
12	9	1996	13.3	11.1	22	13.95	95.55	7	
12	10	1996	14.4	11.1	55	20.05	97.6	8	
12	11	1996	17.2	11.1	64	2.031	90.95	6	
12	12	1996	17.8	10.6	82	1.015	83.45	4	
12	13	1996	15.6	8.9	112	2.031	74.95	4	
12	14	1996	16.1	8.9	120	0	41.85	8	
12	15	1996	15	1.1	110	0	63.1	1	
12	16	1996	16.1	1.1	110	0	70.15	1	
12	17	1996	17.2	1.7	112	0	63.95	6	
12	18	1996	11.7	-2.2	105	0	80.25	1	
12	19	1996	7.8	-1.1	91	0	90.9	2	
12	20	1996	6.1	2.8	10	0	98.9	3	
12	21	1996	8.3	4.4	12	38.07	98.75	4	
12	22	1996	12.2	5	67	8.122	85.9	4	
12	23	1996	15.6	4.4	105	0	84.6	2	
12	24	1996	12.8	1.7	95	1.015	84.5	2	
12	25	1996	11.1	0	91	0	90.45	1	
12	26	1996	8.9	5.6	17	10.91	99.05	4	
12	27	1996	14.4	8.9	69	11.92	94.35	6	
12	28	1996	12.8	10	28	3.046	95.55	4	
12	29	1996	12.2	11.1	19	3.046	93.75	7	
12	30	1996	14.4	11.1	15	4.061	99	7	
12	31	1996	16.7	13.9	29	1.015	94.1	8	
1	1	1997	17.2	15.6	24	3.046	97.4	8	
1	2	1997	16.7	12.2	34	1.015	93.05	4	
1	3	1997	15	4.4	115	2.031	72.65	2	
1	4	1997	8.9	2.2	46	23.09	83.25	1	
1	5	1997	12.2	0.6	124	12.94	71.7	4	
1	6	1997	12.2	3.9	126	0	53.95	5	
1	7	1997	15	1.7	121	0	68.3	3	
1	8	1997	12.8	-1.1	104	0	81.45	1	
1	9	1997	12.2	0	105	0	90.4	1	
1	10	1997	11.7	0	73	1.015	92.4	1	
1	11	1997	6.7	3.3	22	0	99.25	2	
1	12	1997	8.9	1.1	37	3.046	73.1	4	
1	13	1997	5	-1.7	133	0	47.75	6	
1	14	1997	7.2	-5	109	0	54.95	2	
1	15	1997	6.1	2.2	24	2.031	77.5	3	
1	16	1997	11.1	6.1	54	0	90.7	1	
1	17	1997	12.8	6.7	74	0	91.8	2	
1	18	1997	10	5.6	25	0	94.1	1	
1	19	1997	10	5	46	0	90.7	1	
1	20	1997	13.3	6.7	53	12.94	88.55	3	
1	21	1997	11.7	7.2	44	3.046	97.35	5	
1	22	1997	10.6	5	6	65.99	92.1	5	
1	23	1997	11.7	2.2	129	0	78.95	2	
1	24	1997	8.9	5	36	13.95	88.9	2	
1	25	1997	17.8	6.1	78	23.85	87.25	5	
1	26	1997	17.2	8.3	90	17	86.8	4	
1	27	1997	15	7.2	68	0	87.05	1	
1	28	1997	17.2	9.4	101	1.015	87.55	2	
1	29	1997	15.6	6.1	135	0	88.6	2	
1	30	1997	12.2	6.1	44	0	95.2	1	
1	31	1997	12.2	9.4	28	0	97	2	
2	1	1997	15	6.7	85	0	89.3	1	
2	2	1997	14.4	2.8	132	0	87.95	1	
2	3	1997	11.1	5	63	1.015	95.7	1	
2	4	1997	12.8	6.1	77	5.076	92.75	2	
2	5	1997	16.1	4.4	166	0	72.45	4	
2	6	1997	15	0.6	133	1.015	73.6	1	
2	7	1997	14.4	3.9	98	0	83.75	2	
2	8	1997	15.6	2.8	168	0	74.15	2	
2	9	1997	12.2	1.1	94	0	91.55	2	
2	10	1997	18.9	2.8	168	0	70.35	2	
2	11	1997	16.1	2.8	148	0	81.35	1	
2	12	1997	16.1	6.1	152	0	72.55	4	
2	13	1997	19.4	6.7	180	0	54.45	6	
2	14	1997	21.7	3.3	163	0	73.8	2	
2	15	1997	17.2	2.2	128	0	77.6	1	
2	16	1997	18.3	4.4	131	0	72.75	3	
2	17	1997	16.7	7.2	135	0	74.9	4	
2	18	1997	19.4	8.3	186	0	60.6	4	
2	19	1997	18.3	7.8	90	0	82.2	3	
2	20	1997	16.1	6.1	198	0	67.4	4	
2	21	1997	17.8	4.4	172	0	65.3	1	
2	22	1997	17.8	5.6	197	0	62.9	4	
2	23	1997	16.7	4.4	205	0	48.45	5	
2	24	1997	17.8	2.8	207	0	46.25	4	
2	25	1997	22.8	6.1	187	0	61.85	3	
2	26	1997	20.6	3.3	180	0	70.8	3	
2	27	1997	17.8	5.6	182	0	63.35	3	
2	28	1997	16.1	2.8	217	0	52.8	4	
3	1	1997	17.8	1.7	177	0	69.65	4	
3	2	1997	15.6	6.1	218	1.015	69.2	6	
3	3	1997	15	1.7	200	0	60.45	3	
3	4	1997	16.1	1.7	226	0	60.8	3	
3	5	1997	17.8	-2.2	175	0	66.6	1	
3	6	1997	19.4	1.1	207	0	69.1	1	
3	7	1997	20.6	2.8	220	0	67.35	1	
3	8	1997	21.7	3.3	229	0	66.85	2	
3	9	1997	24.4	3.3	226	0	63.6	2	
3	10	1997	25	2.8	234	0	65.45	1	
3	11	1997	23.3	5.6	183	0	61.85	1	
3	12	1997	19.4	3.3	232	0	51.9	2	
3	13	1997	20	3.9	237	0	46.2	3	
3	14	1997	24.4	3.3	222	0	61.45	1	
3	15	1997	22.8	6.1	182	0	65.55	2	
3	16	1997	12.8	10	36	9.899	84.55	3	
3	17	1997	20	8.9	200	0	80.45	2	
3	18	1997	23.3	6.1	234	0	77.55	2	
3	19	1997	22.8	7.2	188	0	76.9	1	
3	20	1997	22.8	9.4	197	0	84.55	2	
3	21	1997	24.4	12.8	175	0	72.5	3	
3	22	1997	23.3	7.8	186	0	79.4	1	
3	23	1997	24.4	7.8	240	0	73.25	2	
3	24	1997	25.6	12.2	254	0	54.2	5	
3	25	1997	27.2	8.3	238	0	61.75	2	
3	26	1997	27.8	8.9	260	0	66.45	2	
3	27	1997	22.2	7.2	266	0	58.3	3	
3	28	1997	21.7	4.4	274	0	60.9	5	
3	29	1997	24.4	10	278	0	42.85	4	
3	30	1997	19.4	6.1	227	0	59.45	3	
3	31	1997	16.7	1.7	263	0	59.05	2	
4	1	1997	16.7	5.6	293	0	38.85	5	
4	2	1997	21.1	5.6	296	0	34.4	6	
4	3	1997	25	6.1	295	0	36.15	4	
4	4	1997	22.2	12.2	304	1.015	29.6	5	
4	5	1997	20.6	5.6	301	0	48.55	4	
4	6	1997	20	0	204	0	69.1	2	
4	7	1997	21.1	2.8	263	0	67.9	1	
4	8	1997	22.2	5.6	276	0	59.75	3	
4	9	1997	19.4	2.8	302	0	45.8	3	
4	10	1997	21.1	6.1	300	0	46.05	4	
4	11	1997	21.7	7.8	298	0	41.1	4	
4	12	1997	22.8	5	235	0	56.9	2	
4	13	1997	23.9	4.4	266	0	69.8	2	
4	14	1997	25	8.9	280	0	61.4	2	
4	15	1997	29.4	6.7	295	0	58.5	2	
4	16	1997	27.8	8.9	275	0	56.95	2	
4	17	1997	27.2	12.8	277	0	60.45	2	
4	18	1997	19.4	8.9	92	1.015	81.65	4	
4	19	1997	21.1	12.2	143	0	80.35	3	
4	20	1997	25	13.3	196	0	75.9	3	
4	21	1997	23.3	11.1	198	0	77.8	4	
4	22	1997	21.7	7.8	144	0	78.9	2	
4	23	1997	22.8	5.6	318	0	62	2	
4	24	1997	22.8	7.8	323	1.015	51.7	4	
4	25	1997	27.8	12.8	315	0	45.7	4	
4	26	1997	30	7.8	312	0	60.85	2	
4	27	1997	24.4	11.7	288	0	67.15	2	
4	28	1997	21.1	9.4	155	0	76.5	1	
4	29	1997	23.3	7.2	286	0	69.3	1	
4	30	1997	25	7.8	284	0	61.9	2	
5	1	1997	23.3	4.4	322	0	48.65	3	
5	2	1997	26.1	6.1	286	0	53.6	2	
5	3	1997	27.2	8.3	321	0	58.7	3	
5	4	1997	27.8	4.4	327	0	63.25	2	
5	5	1997	28.9	6.7	319	0	60.2	2	
5	6	1997	28.3	10.6	327	0	59.35	2	
5	7	1997	31.1	10.6	333	0	52.5	3	
5	8	1997	30.6	7.8	325	0	64.3	2	
5	9	1997	31.1	8.9	329	0	64.6	1	
5	10	1997	32.2	9.4	330	0	64.55	1	
5	11	1997	32.8	9.4	313	0	66.45	1	
5	12	1997	33.3	10	330	0	62.45	2	
5	13	1997	32.8	10	319	0	61.3	2	
5	14	1997	30.6	11.7	326	0	68.8	2	
5	15	1997	31.7	16.7	333	1.015	52.15	3	
5	16	1997	33.9	13.3	318	0	63.45	1	
5	17	1997	33.9	16.1	338	0	52.55	2	
5	18	1997	35	15.6	341	0	49.6	2	
5	19	1997	32.8	12.8	349	0	57.45	2	
5	20	1997	28.9	10	339	0	68.55	2	
5	21	1997	29.4	7.8	326	0	62	2	
5	22	1997	26.7	11.7	269	0	51.25	3	
5	23	1997	21.1	12.8	178	8.122	76.35	2	
5	24	1997	25	10	328	0	66.45	2	
5	25	1997	25.6	8.3	339	0	65.15	2	
5	26	1997	26.1	8.9	236	0	71.05	2	
5	27	1997	28.9	14.4	323	0	74.75	1	
5	28	1997	31.1	16.1	283	0	68.4	1	
5	29	1997	31.7	18.9	306	0	60.35	2	
5	30	1997	33.3	13.3	349	0	61.45	2	
5	31	1997	27.2	15.6	290	0	63.85	3	
6	1	1997	27.2	14.4	284	0	63.55	2	
6	2	1997	28.9	11.7	279	0	67.95	2	
6	3	1997	21.7	16.1	95	4.061	76.75	2	
6	4	1997	25	13.9	293	0	75.25	1	
6	5	1997	28.3	10	354	0	64.15	2	
6	6	1997	31.7	18.3	361	0	36.6	4	
6	7	1997	32.8	15.6	352	0	57.25	2	
6	8	1997	31.1	13.3	344	0	69.3	2	
6	9	1997	30	14.4	334	0	70.6	2	
6	10	1997	30	14.4	348	0	64.2	2	
6	11	1997	31.1	11.7	304	1.015	65.95	2	
6	12	1997	27.2	11.1	346	0	68.05	2	
6	13	1997	24.4	13.3	323	0	67.75	3	
6	14	1997	31.7	13.9	349	0	69.8	2	
6	15	1997	32.2	13.9	346	0	71.55	2	
6	16	1997	32.8	13.9	345	0	70.65	1	
6	17	1997	32.8	14.4	329	0	64.4	2	
6	18	1997	32.8	13.9	352	0	70.3	1	
6	19	1997	33.9	15.6	350	0	61.5	2	
6	20	1997	30	13.9	356	0	65.5	2	
6	21	1997	27.8	11.1	357	0	68.05	2	
6	22	1997	27.2	9.4	355	0	69.7	2	
6	23	1997	28.3	12.8	366	0	54.8	2	
6	24	1997	35	12.8	360	0	49.8	2	
6	25	1997	34.4	13.3	356	0	53.35	2	
6	26	1997	30.6	10	331	0	59.6	2	
6	27	1997	27.8	9.4	351	0	69.15	2	
6	28	1997	27.2	8.9	351	0	63.75	2	
6	29	1997	26.1	8.3	339	0	67.05	3	
6	30	1997	25	13.9	316	0	60.75	3	
7	1	1997	27.8	11.1	354	0	59.5	2	
7	2	1997	28.3	11.7	357	0	59.8	2	
7	3	1997	34.4	13.9	355	0	59.2	1	
7	4	1997	31.7	12.2	353	0	62.55	2	
7	5	1997	31.7	10.6	347	0	71.6	2	
7	6	1997	33.9	13.3	349	0	64.45	1	
7	7	1997	37.8	13.9	346	0	62.75	1	
7	8	1997	37.8	17.8	335	0	58.35	2	
7	9	1997	35.6	17.2	339	0	57.65	3	
7	10	1997	31.7	14.4	328	0	62.5	2	
7	11	1997	31.7	12.8	340	0	65.6	2	
7	12	1997	34.4	11.7	347	0	59.7	1	
7	13	1997	33.3	12.2	337	0	65.8	2	
7	14	1997	32.8	12.2	337	0	68.65	2	
7	15	1997	34.4	13.3	341	0	61.7	2	
7	16	1997	29.4	12.8	243	0	72.75	2	
7	17	1997	33.3	12.8	365	0	61.45	4	
7	18	1997	33.3	11.7	363	0	65.85	1	
7	19	1997	36.7	14.4	359	0	60.75	1	
7	20	1997	33.3	13.9	348	0	68.05	2	
7	21	1997	35.6	13.3	350	0	59.7	2	
7	22	1997	32.8	11.7	355	0	65.35	2	
7	23	1997	27.2	13.3	218	0	72.7	2	
7	24	1997	31.1	16.7	247	0	69.1	1	
7	25	1997	35.6	14.4	338	0	64.1	2	
7	26	1997	34.4	14.4	342	0	57.65	2	
7	27	1997	32.2	11.7	344	0	69.55	2	
7	28	1997	32.8	12.8	322	0	62.85	2	
7	29	1997	33.3	12.8	339	0	63.65	1	
7	30	1997	29.4	12.2	336	0	73.8	2	
7	31	1997	31.1	11.7	340	0	66.9	2	
8	1	1997	32.2	12.8	331	0	62.3	2	
8	2	1997	33.9	11.1	338	0	62.8	1	
8	3	1997	35.6	11.1	339	0	59.85	1	
8	4	1997	37.2	12.8	340	0	54.85	1	
8	5	1997	38.9	16.1	337	0	48.95	1	
8	6	1997	38.9	15.6	322	0	55.45	1	
8	7	1997	40	18.3	308	0	50.85	1	
8	8	1997	39.4	16.7	313	0	49.55	2	
8	9	1997	26.1	14.4	324	0	69.95	4	
8	10	1997	26.1	15.6	281	0	64.05	3	
8	11	1997	30.6	11.1	316	0	64.9	1	
8	12	1997	32.8	12.8	312	0	62.95	2	
8	13	1997	35.6	11.1	318	0	56.8	2	
8	14	1997	35	12.2	306	0	62.65	2	
8	15	1997	32.2	13.9	304	0	68.25	2	
8	16	1997	31.1	11.7	310	0	65.35	2	
8	17	1997	29.4	11.1	304	0	67.75	2	
8	18	1997	31.1	10	305	0	67.8	1	
8	19	1997	27.2	15	140	0	67	2	
8	20	1997	27.8	17.2	268	4.061	77.9	2	
8	21	1997	32.2	14.4	304	0	70.55	1	
8	22	1997	32.2	15.6	305	0	57.35	2	
8	23	1997	29.4	13.3	216	0	73.45	2	
8	24	1997	30.6	15.6	304	0	62.15	2	
8	25	1997	30.6	11.1	303	0	66.1	1	
8	26	1997	31.1	10.6	299	0	65.25	2	
8	27	1997	31.1	13.3	298	0	58	2	
8	28	1997	30.6	10	292	0	66.2	1	
8	29	1997	32.2	12.2	290	0	65.3	1	
8	30	1997	31.7	11.7	273	0	66.15	2	
8	31	1997	32.2	13.3	300	0	62.5	1	
9	1	1997	32.8	12.2	267	0	65.5	1	
9	2	1997	30	12.8	252	0	63.2	2	
9	3	1997	35	13.3	277	0	61.1	1	
9	4	1997	35.6	15.6	274	0	55.4	1	
9	5	1997	36.7	17.2	274	0	45.3	2	
9	6	1997	33.9	8.9	282	0	56.7	2	
9	7	1997	31.7	8.9	271	0	66.2	1	
9	8	1997	33.3	15.6	252	0	53.85	1	
9	9	1997	33.9	13.9	243	0	48.75	2	
9	10	1997	29.4	15.6	268	0	56.8	3	
9	11	1997	28.3	12.8	246	0	72.65	1	
9	12	1997	31.1	12.2	247	0	66.25	1	
9	13	1997	30.6	11.1	252	0	59.4	2	
9	14	1997	26.7	12.2	182	1.015	72.5	3	
9	15	1997	25	9.4	236	0	74.1	1	
9	16	1997	27.2	9.4	252	0	60.7	2	
9	17	1997	30.6	11.7	240	0	57.5	3	
9	18	1997	27.8	12.2	248	0	61.5	2	
9	19	1997	28.3	10.6	246	0	61.55	3	
9	20	1997	31.1	17.8	250	0	37.4	3	
9	21	1997	32.8	11.7	247	0	42.55	1	
9	22	1997	33.3	10.6	242	0	56.6	1	
9	23	1997	35	13.3	237	0	43.25	1	
9	24	1997	36.7	13.9	234	0	41.5	1	
9	25	1997	35	17.8	222	0	48.6	3	
9	26	1997	29.4	14.4	229	0	62.6	2	
9	27	1997	30	18.3	234	0	31.7	6	
9	28	1997	32.2	13.9	224	0	37.9	2	
9	29	1997	35	12.8	221	0	39.15	1	
9	30	1997	33.9	10.6	223	0	42.45	3	
10	1	1997	28.3	14.4	194	0	58.8	4	
10	2	1997	25.6	11.7	222	0	56.55	1	
10	3	1997	29.4	8.3	218	0	58.9	1	
10	4	1997	26.7	10	216	0	71.4	2	
10	5	1997	25	8.9	221	0	50.3	3	
10	6	1997	22.2	8.9	184	0	52.9	3	
10	7	1997	21.7	8.3	215	0	49.3	3	
10	8	1997	19.4	7.2	83	1.015	73.45	4	
10	9	1997	21.1	8.9	191	8.883	71.55	3	
10	10	1997	20	5.6	152	1.015	69	2	
10	11	1997	20.6	3.9	212	0	62.2	2	
10	12	1997	22.8	9.4	207	0	47.7	4	
10	13	1997	25.6	6.7	207	0	60.3	1	
10	14	1997	27.8	5.6	204	0	53.7	1	
10	15	1997	29.4	6.7	201	0	54.9	1	
10	16	1997	31.7	8.9	200	0	50.65	1	
10	17	1997	30	10	194	0	49.1	1	
10	18	1997	30	9.4	183	0	49.45	1	
10	19	1997	25	5	172	0	68.5	1	
10	20	1997	26.1	5	170	0	65.35	1	
10	21	1997	29.4	6.1	174	0	58	1	
10	22	1997	25	6.1	163	0	70.45	1	
10	23	1997	23.3	7.2	153	0	66.55	2	
10	24	1997	21.1	12.8	172	0	32.8	7	
10	25	1997	22.8	6.1	179	0	30.25	3	
10	26	1997	22.8	2.8	164	0	46.25	1	
10	27	1997	24.4	7.2	167	0	47.85	1	
10	28	1997	23.3	3.3	139	0	47.5	1	
10	29	1997	23.3	6.7	124	0	63.15	1	
10	30	1997	25.6	8.3	161	0	72.9	2	
10	31	1997	26.7	10	157	0	75	1	
11	1	1997	28.3	12.2	165	0	57.85	3	
11	2	1997	27.2	7.2	160	0	58.45	1	
11	3	1997	27.8	10	123	0	53.9	1	
11	4	1997	26.7	12.2	136	0	54.4	1	
11	5	1997	25.6	5.6	147	0	57.35	1	
11	6	1997	22.8	7.8	85	0	70.1	2	
11	7	1997	16.7	3.9	147	0	88.6	1	
11	8	1997	18.3	3.9	116	0	73.35	1	
11	9	1997	17.2	2.2	93	0	70.95	1	
11	10	1997	12.8	8.9	32	7.107	86.5	1	
11	11	1997	14.4	8.3	44	2.031	93.1	1	
11	12	1997	16.7	6.7	66	0	84.25	1	
11	13	1997	17.8	8.3	75	4.061	83	2	
11	14	1997	15.6	6.7	93	6.091	88.65	2	
11	15	1997	12.8	6.7	52	2.031	96.2	4	
11	16	1997	15.6	8.9	90	1.015	92.35	4	
11	17	1997	15.6	9.4	75	0	91.6	1	
11	18	1997	12.8	7.2	29	3.046	95.9	3	
11	19	1997	16.1	7.8	69	2.031	88	4	
11	20	1997	16.1	3.9	130	0	82.6	2	
11	21	1997	14.4	7.8	61	0	88.4	1	
11	22	1997	13.9	5.6	55	1.015	89.7	2	
11	23	1997	20	8.9	109	7.107	83.1	3	
11	24	1997	17.8	7.8	91	0	88.65	3	
11	25	1997	15.6	4.4	118	22.08	90.65	2	
11	26	1997	14.4	10	41	29.94	87.3	5	
11	27	1997	15.6	7.2	69	1.015	85.7	1	
11	28	1997	15	3.9	118	0	87.45	1	
11	29	1997	11.7	3.9	35	4.061	97.4	2	
11	30	1997	15.6	7.8	79	20.3	83.3	4	
12	1	1997	16.7	5	123	0	77.05	3	
12	2	1997	10	3.9	28	0	97.1	1	
12	3	1997	10.6	3.3	37	0	95.05	2	
12	4	1997	14.4	7.8	61	1.015	90.2	2	
12	5	1997	11.1	9.4	12	8.883	97.15	3	
12	6	1997	11.1	8.9	18	3.046	100	3	
12	7	1997	13.9	8.3	46	20.05	85.15	4	
12	8	1997	13.3	3.3	81	0	73.95	2	
12	9	1997	12.8	3.3	120	0	69.95	4	
12	10	1997	13.9	3.9	114	0	68.5	4	
12	11	1997	15	1.1	115	0	76.45	3	
12	12	1997	10	0	70	0	90.8	1	
12	13	1997	7.2	-0.6	60	0	94.3	1	
12	14	1997	10.6	4.4	19	22.08	96.25	3	
12	15	1997	10.6	1.7	86	0	92.5	2	
12	16	1997	11.7	5	68	0	92.5	2	
12	17	1997	8.9	6.1	21	0	96.85	2	
12	18	1997	13.9	7.2	106	1.015	69.4	7	
12	19	1997	15	3.9	115	0	61.5	6	
12	20	1997	11.1	-0.6	76	0	88.85	2	
12	21	1997	11.7	1.7	114	0	71.1	6	
12	22	1997	11.1	3.9	111	0	47.6	7	
12	23	1997	13.9	-2.8	111	0	72.9	3	
12	24	1997	13.9	2.8	115	0	59.45	5	
12	25	1997	12.8	1.7	118	0	55.75	5	
12	26	1997	10.6	-3.3	106	0	78.45	1	
12	27	1997	12.2	-2.2	105	0	75.8	2	
12	28	1997	14.4	0.6	106	0	65.15	2	
12	29	1997	15	-0.6	100	0	80.25	1	
12	30	1997	13.3	0	73	0	88.8	1	
12	31	1997	13.3	1.7	63	0	89.7	1	
1	1	1998	13.3	1.1	38	1.015	90.5	2	
1	2	1998	13.3	8.3	30	6.091	97.35	5	
1	3	1998	13.9	8.3	85	6.091	87.9	6	
1	4	1998	12.8	0	75	8.122	82.55	3	
1	5	1998	10.6	-1.7	117	1.015	86.45	2	
1	6	1998	6.7	-0.6	24	6.091	97.85	1	
1	7	1998	7.8	3.9	39	1.015	96.35	3	
1	8	1998	10.6	5	58	0	90.85	1	
1	9	1998	9.4	6.7	18	8.122	98.95	2	
1	10	1998	12.8	8.9	29	2.031	97.6	4	
1	11	1998	13.3	9.4	44	8.122	96.8	5	
1	12	1998	13.9	8.9	30	12.94	91.1	5	
1	13	1998	13.3	6.1	56	1.015	90.85	3	
1	14	1998	10	8.9	15	13.95	97.85	4	
1	15	1998	11.1	8.3	31	8.122	99.7	3	
1	16	1998	15.6	9.4	37	0	94.6	4	
1	17	1998	19.4	10.6	77	0	91.15	4	
1	18	1998	12.8	7.2	21	15.99	89.6	4	
1	19	1998	10.6	3.9	58	0	92.05	3	
1	20	1998	10.6	2.2	74	0	92.05	1	
1	21	1998	12.2	0.6	118	0	86.5	1	
1	22	1998	12.2	3.3	78	1.015	92.2	1	
1	23	1998	8.9	4.4	38	0	97.05	3	
1	24	1998	14.4	4.4	106	0	91.05	2	
1	25	1998	9.4	3.9	43	0	97.1	2	
1	26	1998	10	7.8	30	4.061	99	3	
1	27	1998	14.4	8.3	78	0	91.5	2	
1	28	1998	12.8	10	28	0	97.8	2	
1	29	1998	16.1	6.7	111	12.94	85.2	4	
1	30	1998	12.2	2.2	82	0	90.8	1	
1	31	1998	14.4	3.9	49	7.107	93.65	2	
2	1	1998	11.7	8.9	42	35.02	97.2	5	
2	2	1998	14.4	9.4	9	44.92	96	4	
2	3	1998	13.3	5.6	25	35.02	97.15	4	
2	4	1998	13.3	5.6	81	1.015	91.95	4	
2	5	1998	11.7	8.9	25	9.899	90.75	5	
2	6	1998	12.8	8.3	27	25.88	86.2	5	
2	7	1998	10.6	8.9	20	32.99	95.2	8	
2	8	1998	11.7	5.6	68	3.046	92.85	3	
2	9	1998	12.8	1.1	163	0	78.2	1	
2	10	1998	9.4	6.7	28	6.091	93.65	4	
2	11	1998	11.7	5.6	100	0	92.95	2	
2	12	1998	10.6	7.2	27	10.91	98.4	4	
2	13	1998	13.3	8.3	97	1.015	91.4	2	
2	14	1998	15	5.6	105	25.88	83.05	6	
2	15	1998	14.4	2.8	172	0	80.95	1	
2	16	1998	8.3	2.8	20	13.95	97.05	4	
2	17	1998	12.8	4.4	87	0	88.45	2	
2	18	1998	14.4	3.3	134	1.015	86.85	2	
2	19	1998	11.1	5	41	22.08	92.65	5	
2	20	1998	10	0.6	102	0	92.3	3	
2	21	1998	11.1	6.1	46	19.03	91.9	7	
2	22	1998	13.9	3.9	150	0	84.95	3	
2	23	1998	12.8	5	64	9.899	88.7	3	
2	24	1998	14.4	1.7	185	0	80.2	2	
2	25	1998	13.3	4.4	130	0	77.05	2	
2	26	1998	13.9	5	143	0	81	2	
2	27	1998	16.1	3.3	184	0	86.6	1	
2	28	1998	15.6	5	156	0	88.75	1	
3	1	1998	17.8	3.9	178	0	80.1	1	
3	2	1998	18.9	5	175	0	81.65	3	
3	3	1998	15	4.4	216	0	66.85	3	
3	4	1998	15	2.2	217	0	63.2	3	
3	5	1998	9.4	1.1	54	10.91	83.85	2	
3	6	1998	14.4	-0.6	223	1.015	70.1	3	
3	7	1998	11.1	0.6	97	4.061	77.05	2	
3	8	1998	12.8	4.4	176	0	86.25	2	
3	9	1998	18.3	1.7	223	0	76.15	2	
3	10	1998	20	2.8	217	0	78.45	1	
3	11	1998	21.7	9.4	210	0	70.4	2	
3	12	1998	18.3	7.8	107	5.076	88.25	2	
3	13	1998	16.7	10.6	141	3.046	85.95	3	
3	14	1998	24.4	7.8	229	0	72.2	3	
3	15	1998	20.6	7.8	200	0	84.8	1	
3	16	1998	21.7	10	191	0	81.95	2	
3	17	1998	20.6	6.1	234	0	74.7	2	
3	18	1998	22.2	6.7	247	0	63.55	3	
3	19	1998	22.2	5.6	233	0	73.75	1	
3	20	1998	20.6	8.3	179	0	82.85	2	
3	21	1998	17.2	9.4	84	4.061	87.2	3	
3	22	1998	21.7	12.2	134	1.015	78.85	3	
3	23	1998	17.8	11.7	60	8.883	91.1	4	
3	24	1998	19.4	7.2	223	2.031	77.85	2	
3	25	1998	18.3	8.3	176	1.015	81.25	1	
3	26	1998	18.3	6.7	183	0	75.55	2	
3	27	1998	16.7	4.4	202	0	68.1	3	
3	28	1998	13.9	0.6	204	0	72.35	2	
3	29	1998	16.7	1.1	261	0	65.9	3	
3	30	1998	18.3	0.6	255	0	63.5	3	
3	31	1998	10	5	63	6.091	91.5	4	
4	1	1998	16.1	3.9	247	0	81.9	2	
4	2	1998	15	7.2	164	1.015	76.8	3	
4	3	1998	13.3	7.2	117	6.091	89.05	3	
4	4	1998	14.4	7.2	159	3.046	84.15	1	
4	5	1998	16.7	5.6	196	0	78.5	2	
4	6	1998	16.1	7.2	220	0	74.1	3	
4	7	1998	17.2	4.4	259	0	78.5	2	
4	8	1998	17.2	3.9	228	0	68.05	2	
4	9	1998	17.2	8.9	179	1.015	79.4	3	
4	10	1998	17.2	8.3	176	0	78.1	3	
4	11	1998	16.7	6.1	158	0	77.6	2	
4	12	1998	15.6	3.3	231	7.107	73.15	3	
4	13	1998	14.4	3.9	226	2.031	77.15	3	
4	14	1998	15	1.7	231	6.091	75.5	2	
4	15	1998	17.8	1.1	293	0	72.7	1	
4	16	1998	20	2.8	299	0	69.1	2	
4	17	1998	22.2	2.8	293	0	69.4	1	
4	18	1998	22.8	3.9	269	0	74.8	1	
4	19	1998	25.6	8.3	285	0	73.05	2	
4	20	1998	27.8	7.8	297	0	71.65	1	
4	21	1998	27.8	9.4	292	0	73.2	1	
4	22	1998	25.6	11.1	232	0	70.65	2	
4	23	1998	15.6	10	75	6.091	88.95	3	
4	24	1998	20	6.7	230	0	83.15	2	
4	25	1998	21.7	8.9	289	0	60.4	4	
4	26	1998	26.1	11.1	291	0	52.4	4	
4	27	1998	27.8	7.8	300	0	65.95	1	
4	28	1998	28.9	10	295	0	68.05	1	
4	29	1998	29.4	9.4	296	0	72.65	1	
4	30	1998	26.1	9.4	296	0	69.3	2	
5	1	1998	21.7	11.1	146	3.046	79.35	3	
5	2	1998	20	11.7	165	1.015	83.8	1	
5	3	1998	21.7	12.8	200	1.015	79.3	1	
5	4	1998	22.2	11.1	222	1.015	79.4	2	
5	5	1998	20	10	234	2.031	80.8	2	
5	6	1998	18.9	12.2	102	0	88	1	
5	7	1998	22.8	12.2	200	0	80.95	2	
5	8	1998	18.9	8.9	140	0	88.35	3	
5	9	1998	17.8	6.7	190	2.031	76.65	2	
5	10	1998	19.4	6.7	261	0	78.5	2	
5	11	1998	15	7.8	130	2.031	82.85	3	
5	12	1998	13.9	7.8	89	8.122	89.7	2	
5	13	1998	16.7	7.8	169	1.015	88.4	2	
5	14	1998	18.3	7.2	254	1.015	81	3	
5	15	1998	21.1	5.6	313	0	75.05	2	
5	16	1998	18.9	5.6	260	0	70.35	3	
5	17	1998	19.4	2.8	342	0	69.9	2	
5	18	1998	25	10.6	342	0	55.4	2	
5	19	1998	23.3	7.2	303	0	67.25	3	
5	20	1998	21.7	4.4	333	0	64.85	1	
5	21	1998	22.8	7.8	316	0	68.5	1	
5	22	1998	25.6	7.2	328	0	70.1	1	
5	23	1998	25	11.1	254	0	73.4	2	
5	24	1998	23.3	10.6	219	0	75.25	3	
5	25	1998	21.1	7.2	322	0	63.6	3	
5	26	1998	19.4	4.4	293	0	67.15	3	
5	27	1998	15	8.9	120	5.076	88.05	1	
5	28	1998	12.8	8.9	41	25.88	96.85	3	
5	29	1998	17.2	9.4	154	5.076	89.45	4	
5	30	1998	24.4	7.2	348	1.015	74.55	2	
5	31	1998	26.1	10	299	0	72.9	1	
6	1	1998	28.9	10	340	0	71.45	2	
6	2	1998	24.4	11.1	321	0	74.4	2	
6	3	1998	21.1	11.1	155	0	81.8	2	
6	4	1998	25	8.9	287	0	74.95	1	
6	5	1998	26.1	10.6	269	0	75.45	1	
6	6	1998	26.1	12.8	247	1.015	79.4	2	
6	7	1998	20.6	12.8	195	0	85.45	3	
6	8	1998	25.6	12.8	313	0	77.3	2	
6	9	1998	29.4	12.2	332	0	75.05	2	
6	10	1998	24.4	13.3	227	0	81.85	2	
6	11	1998	21.1	12.8	138	1.015	83.75	1	
6	12	1998	26.1	13.9	272	0	79.2	2	
6	13	1998	26.1	12.2	343	0	77.6	2	
6	14	1998	30.6	16.7	358	0	65.05	2	
6	15	1998	34.4	16.7	344	0	57.2	2	
6	16	1998	26.7	16.7	369	0	55.85	5	
6	17	1998	31.7	15	366	0	52.05	3	
6	18	1998	31.7	11.1	360	0	63.25	2	
6	19	1998	30	10	360	0	70.8	2	
6	20	1998	28.3	8.9	359	0	67	1	
6	21	1998	27.2	8.9	359	0	70.35	2	
6	22	1998	27.2	8.3	358	0	69.95	2	
6	23	1998	25	11.1	308	0	80	2	
6	24	1998	26.7	11.1	318	0	78.4	2	
6	25	1998	27.8	12.2	347	0	71.7	2	
6	26	1998	26.7	10	357	0	74.05	1	
6	27	1998	30.6	11.7	359	0	64.75	2	
6	28	1998	29.4	12.2	357	0	67	2	
6	29	1998	28.9	10	355	0	73.8	2	
6	30	1998	29.4	10.6	353	0	75.1	2	
7	1	1998	29.4	10.6	352	0	72.45	2	
7	2	1998	27.2	11.1	334	0	76.7	2	
7	3	1998	30	12.2	339	0	73.95	2	
7	4	1998	31.1	13.3	340	0	72.35	2	
7	5	1998	32.2	14.4	346	0	66.5	1	
7	6	1998	34.4	13.9	348	0	65.4	2	
7	7	1998	35	15	346	0	60.75	1	
7	8	1998	33.3	11.7	348	0	69.55	2	
7	9	1998	30	9.4	350	0	72.85	2	
7	10	1998	28.9	10.6	324	0	74.7	2	
7	11	1998	30.6	10.6	350	0	67	1	
7	12	1998	35.6	14.4	345	0	66.55	2	
7	13	1998	33.3	15	342	0	69.35	2	
7	14	1998	34.4	12.8	343	0	68.7	1	
7	15	1998	38.3	16.1	355	0	55.3	2	
7	16	1998	33.9	14.4	343	0	70.9	2	
7	17	1998	37.2	16.1	342	0	68.15	1	
7	18	1998	40	18.3	342	0	64.7	1	
7	19	1998	38.9	18.3	337	0	61.8	2	
7	20	1998	30.6	15	352	0	65.7	3	
7	21	1998	31.1	11.7	338	0	74.7	2	
7	22	1998	28.3	13.9	306	0	79.75	1	
7	23	1998	31.7	15.6	330	0	70.9	2	
7	24	1998	31.1	13.3	324	0	72.65	1	
7	25	1998	35	15	334	0	68.8	1	
7	26	1998	37.2	16.7	329	0	66.7	1	
7	27	1998	36.1	16.7	337	0	59.8	2	
7	28	1998	35	12.8	338	0	62.65	2	
7	29	1998	30.6	11.7	335	0	69.65	2	
7	30	1998	26.1	11.7	313	0	77.8	2	
7	31	1998	30	10.6	323	0	72.45	1	
8	1	1998	35	17.2	333	0	65.5	1	
8	2	1998	37.2	16.1	332	0	68.2	1	
8	3	1998	30.6	18.9	331	0	73.3	1	
8	4	1998	40.6	18.3	329	0	56.8	1	
8	5	1998	38.9	18.9	317	0	59.55	1	
8	6	1998	36.1	17.2	322	0	58.25	2	
8	7	1998	32.8	13.3	324	0	67.8	2	
8	8	1998	31.1	11.7	322	0	72.5	2	
8	9	1998	32.8	12.2	322	0	71.25	1	
8	10	1998	35.6	13.3	324	0	63.15	1	
8	11	1998	36.7	15.6	309	0	60.9	1	
8	12	1998	38.9	18.3	306	0	59.3	1	
8	13	1998	37.2	17.2	293	0	70.05	2	
8	14	1998	38.3	17.2	292	0	65.7	2	
8	15	1998	33.3	14.4	305	0	70.3	2	
8	16	1998	32.2	12.8	308	0	70.8	2	
8	17	1998	29.4	12.8	298	0	73.35	2	
8	18	1998	27.2	11.7	271	0	76.55	2	
8	19	1998	28.3	11.1	299	0	70.95	2	
8	20	1998	28.3	10	289	0	72.6	1	
8	21	1998	30	10	301	0	68.25	1	
8	22	1998	32.8	12.2	301	0	60.25	2	
8	23	1998	32.2	10.6	306	0	65.95	1	
8	24	1998	34.4	10.6	302	0	51.1	2	
8	25	1998	31.1	10	296	0	62.95	2	
8	26	1998	31.1	10	282	0	63	1	
8	27	1998	35	11.1	296	0	47.7	1	
8	28	1998	36.7	15	285	0	49.6	1	
8	29	1998	38.3	13.9	286	0	55	1	
8	30	1998	37.2	14.4	284	0	63.75	1	
8	31	1998	38.9	15	282	0	58.85	1	
9	1	1998	38.9	15.6	267	0	61.15	1	
9	2	1998	30.6	16.7	264	0	71.75	1	
9	3	1998	38.3	17.2	240	0	58.4	2	
9	4	1998	37.8	19.4	250	0	53.6	2	
9	5	1998	30.6	21.1	221	0	64.45	2	
9	6	1998	34.4	20	240	0	65.4	1	
9	7	1998	37.2	20	242	0	56.35	2	
9	8	1998	35.6	16.7	236	1.015	51.35	3	
9	9	1998	25	12.2	253	0	69.8	3	
9	10	1998	28.3	8.9	249	0	71.65	1	
9	11	1998	32.8	15.6	247	0	50	2	
9	12	1998	35.6	15	244	0	57.35	1	
9	13	1998	36.1	15.6	244	0	57.25	1	
9	14	1998	36.7	16.1	235	0	59.55	1	
9	15	1998	35	14.4	243	0	62.75	2	
9	16	1998	34.4	11.7	245	0	60.85	2	
9	17	1998	30.6	10.6	249	0	62	3	
9	18	1998	26.7	9.4	247	0	67.7	2	
9	19	1998	28.9	15	243	0	45.9	3	
9	20	1998	30	14.4	241	0	50.7	3	
9	21	1998	28.3	9.4	234	0	68.95	2	
9	22	1998	26.7	10	227	0	70.95	2	
9	23	1998	25	12.8	143	0	70.8	2	
9	24	1998	26.7	10.6	216	1.015	69.4	2	
9	25	1998	22.8	10.6	160	0	76.55	2	
9	26	1998	19.4	11.7	105	3.046	80.9	2	
9	27	1998	18.9	12.8	94	6.091	87.6	2	
9	28	1998	26.1	9.4	227	1.015	71.35	2	
9	29	1998	26.1	12.8	225	0	72.3	3	
9	30	1998	26.1	10.6	215	0	76.45	2	
10	1	1998	22.2	11.1	132	0	80.15	4	
10	2	1998	20.6	8.3	181	0	82.15	2	
10	3	1998	21.7	5.6	232	0	69.8	1	
10	4	1998	24.4	7.8	233	0	54.6	3	
10	5	1998	28.3	11.1	231	0	39.55	4	
10	6	1998	27.8	7.8	195	0	53.5	1	
10	7	1998	28.3	5.6	224	0	55.6	3	
10	8	1998	20.6	9.4	222	0	80.95	2	
10	9	1998	23.9	7.2	217	0	65.05	1	
10	10	1998	23.3	7.8	220	0	51.7	2	
10	11	1998	23.9	3.9	209	0	54.15	1	
10	12	1998	23.9	5.6	152	0	56.35	2	
10	13	1998	25	12.2	201	0	65.75	2	
10	14	1998	23.3	10.6	186	0	56.6	2	
10	15	1998	22.8	12.8	204	0	36.3	5	
10	16	1998	22.8	11.7	207	0	35.35	6	
10	17	1998	24.4	6.7	202	0	31.25	2	
10	18	1998	26.7	4.4	195	0	41.4	2	
10	19	1998	29.4	5.6	196	0	43.7	3	
10	20	1998	29.4	13.3	195	0	26.85	4	
10	21	1998	29.4	8.3	186	0	34.55	1	
10	22	1998	26.7	7.2	176	0	49.1	1	
10	23	1998	25	5.6	165	0	58.1	1	
10	24	1998	16.1	10	66	15.99	79.75	4	
10	25	1998	20.6	11.1	187	0	74.8	4	
10	26	1998	25	10	187	0	69.9	3	
10	27	1998	20.6	7.2	161	0	81.1	2	
10	28	1998	18.3	10	91	0	83	2	
10	29	1998	21.1	7.2	179	0	67.85	2	
10	30	1998	22.2	7.2	185	0	39.35	4	
10	31	1998	19.4	2.2	103	1.015	64.2	1	
11	1	1998	17.2	7.2	135	0	84.95	1	
11	2	1998	19.4	3.9	162	0	73.95	1	
11	3	1998	18.9	6.7	125	0	80.05	1	
11	4	1998	20	7.8	156	0	77.45	1	
11	5	1998	18.9	4.4	152	0	67.15	2	
11	6	1998	14.4	5	72	1.015	83.65	2	
11	7	1998	16.7	6.7	108	13.95	78.25	6	
11	8	1998	12.2	5.6	60	0	90.85	1	
11	9	1998	15	2.8	158	2.031	76.4	2	
11	10	1998	11.7	8.3	46	0	91.4	4	
11	11	1998	15	7.2	118	1.015	84.05	3	
11	12	1998	16.7	2.2	153	0	76.9	1	
11	13	1998	17.2	3.3	135	0	78.95	1	
11	14	1998	17.2	2.2	142	0	84.7	1	
11	15	1998	18.3	8.3	84	0	88.35	2	
11	16	1998	14.4	6.1	71	0	91.1	2	
11	17	1998	18.9	5.6	146	1.015	74.4	3	
11	18	1998	16.7	5	140	0	75.2	2	
11	19	1998	18.3	4.4	141	0	68.45	2	
11	20	1998	16.7	1.1	125	0	77.9	1	
11	21	1998	17.8	8.9	59	5.076	85.4	4	
11	22	1998	16.7	10	67	0	87.55	3	
11	23	1998	15	9.4	29	13.95	91.2	7	
11	24	1998	15.6	7.2	99	0	81.8	3	
11	25	1998	15.6	6.7	108	0	84.7	2	
11	26	1998	17.2	4.4	85	1.015	89.85	3	
11	27	1998	12.8	10	31	3.046	96.3	2	
11	28	1998	15.6	5	124	1.015	76.55	2	
11	29	1998	12.2	7.8	20	6.091	92.95	6	
11	30	1998	13.3	8.9	20	12.94	90.65	7	
12	1	1998	13.3	2.8	87	0	91.85	2	
12	2	1998	15.6	9.4	69	0	94.35	5	
12	3	1998	13.9	0.6	67	5.076	80.35	4	
12	4	1998	10	0	111	0	82.8	3	
12	5	1998	8.3	2.2	57	5.076	80	4	
12	6	1998	9.4	-1.1	125	1.015	84.3	2	
12	7	1998	7.8	-2.2	83	1.015	90	1	
12	8	1998	8.3	4.4	51	1.015	91.8	3	
12	9	1998	13.3	3.9	125	0	64.35	6	
12	10	1998	11.1	-1.7	90	0	87.3	1	
12	11	1998	11.1	0	71	0	84.8	1	
12	12	1998	14.4	1.7	99	0	76.45	1	
12	13	1998	13.9	3.3	57	2.031	89.5	2	
12	14	1998	15	4.4	119	1.015	75.6	4	
12	15	1998	20	7.2	115	0	55.95	4	
12	16	1998	21.1	1.7	120	0	76.6	2	
12	17	1998	17.8	1.7	110	0	81.4	1	
12	18	1998	17.8	-1.1	121	0	80.1	1	
12	19	1998	9.4	0	123	0	68.1	4	
12	20	1998	7.8	-0.6	100	0	57.6	6	
12	21	1998	5.6	-6.7	123	0	56.15	4	
12	22	1998	8.3	-5.6	123	0	49.05	5	
12	23	1998	5.6	-8.3	121	0	70.15	1	
12	24	1998	6.1	-6.7	75	0	71.9	1	
12	25	1998	10.6	-5	108	0	67.3	1	
12	26	1998	12.2	-1.1	98	0	63.55	1	
12	27	1998	11.7	-2.8	102	0	79.25	1	
12	28	1998	13.3	-1.1	103	0	80.75	2	
12	29	1998	13.9	-3.3	113	0	78.95	1	
12	30	1998	12.2	-1.1	86	0	87.6	1	
12	31	1998	13.3	0.6	99	0	78.95	3	
1	1	1999	12.2	-1.1	123	0	73	2	
1	2	1999	15.6	-1.7	113	0	72.95	1	
1	3	1999	11.1	-3.9	106	1.015	83.55	1	
1	4	1999	8.9	-1.1	83	0	91.65	1	
1	5	1999	3.3	-1.1	40	0	100	1	
1	6	1999	6.7	1.1	87	0	94.05	2	
1	7	1999	2.8	0.6	27	0	100	1	
1	8	1999	15.6	-1.1	124	0	71.8	3	
1	9	1999	3.3	-2.2	36	0	100	2	
1	10	1999	2.8	0.6	32	0	100	1	
1	11	1999	3.3	-0.6	42	1.015	100	1	
1	12	1999	14.4	-0.6	115	0	80.95	2	
1	13	1999	15	2.2	111	0	79.1	2	
1	14	1999	12.2	1.7	66	1.015	88.3	1	
1	15	1999	12.8	7.8	51	4.061	95.05	3	
1	16	1999	15.6	9.4	59	0	84.5	4	
1	17	1999	15	8.9	56	2.031	95.9	4	
1	18	1999	15	12.2	46	5.076	96.95	5	
1	19	1999	15	10	46	11.92	95.4	4	
1	20	1999	15	8.3	47	0	88.85	4	
1	21	1999	15	4.4	106	0	80.35	2	
1	22	1999	12.8	7.8	31	1.015	88.4	6	
1	23	1999	13.3	-0.6	59	0	79.3	3	
1	24	1999	13.9	-0.6	143	0	70.65	5	
1	25	1999	13.3	5	138	0	64.85	7	
1	26	1999	10.6	2.8	73	1.015	85.05	4	
1	27	1999	14.4	1.7	149	0	55.9	5	
1	28	1999	11.1	-1.7	116	0	81.75	1	
1	29	1999	11.1	-3.3	124	0	83.65	1	
1	30	1999	7.8	-2.2	46	0	92.8	1	
1	31	1999	12.2	2.2	86	17	87.5	2	
2	1	1999	12.8	1.7	161	0	78.75	2	
2	2	1999	13.3	-1.7	150	0	80.9	1	
2	3	1999	15.6	-0.6	156	0	78.25	2	
2	4	1999	15	0.6	134	0	72.1	3	
2	5	1999	16.1	-1.1	132	0	67	2	
2	6	1999	9.4	6.7	21	19.03	91.5	7	
2	7	1999	17.2	8.9	109	22.08	81	6	
2	8	1999	13.3	9.4	39	5.076	93.05	5	
2	9	1999	13.3	1.1	132	9.899	74.5	6	
2	10	1999	10.6	-3.3	177	0	71.25	1	
2	11	1999	10.6	-1.1	161	0	73.75	2	
2	12	1999	12.2	0.6	112	0	73.1	1	
2	13	1999	13.3	1.7	97	3.046	76.6	2	
2	14	1999	12.8	1.1	90	0	81.8	1	
2	15	1999	13.9	0	142	1.015	80.7	2	
2	16	1999	10.6	6.7	18	18.02	100	4	
2	17	1999	14.4	8.3	98	0	92.45	3	
2	18	1999	13.3	2.8	64	1.015	88.7	4	
2	19	1999	15.6	1.7	185	1.015	75	4	
2	20	1999	9.4	1.7	32	14.97	93.6	3	
2	21	1999	13.3	2.8	148	0	75.65	3	
2	22	1999	15.6	7.8	144	0	81.8	3	
2	23	1999	17.8	5	187	0	81.55	2	
2	24	1999	15.6	5.6	122	3.046	81.45	4	
2	25	1999	14.4	2.2	177	3.046	76.95	3	
2	26	1999	12.8	0	126	0	79.85	1	
2	27	1999	16.7	7.8	140	0	74.8	2	
2	28	1999	18.3	10.6	90	3.046	87.95	4	
3	1	1999	17.8	3.9	212	0	74.25	2	
3	2	1999	18.9	1.1	200	0	71.25	4	
3	3	1999	16.1	3.9	192	0	68	3	
3	4	1999	14.4	1.1	211	0	67.1	2	
3	5	1999	15	1.1	200	0	63.15	2	
3	6	1999	15	1.7	199	0	70.2	1	
3	7	1999	16.1	1.1	228	0	66	2	
3	8	1999	11.1	7.2	62	7.107	86.4	5	
3	9	1999	13.9	0.6	202	2.031	72.25	3	
3	10	1999	12.8	0.6	170	0	73.95	1	
3	11	1999	16.7	2.8	234	0	65.45	3	
3	12	1999	18.3	1.1	224	0	70.25	1	
3	13	1999	17.8	1.1	185	0	77.1	2	
3	14	1999	12.2	6.7	55	0	89.15	2	
3	15	1999	21.1	3.9	237	0	71.75	2	
3	16	1999	17.8	5	197	0	80.7	2	
3	17	1999	18.3	8.3	208	0	74.6	2	
3	18	1999	15.6	4.4	133	0	82.35	2	
3	19	1999	17.8	7.8	134	3.046	78.55	3	
3	20	1999	15.6	6.1	166	1.015	77.75	1	
3	21	1999	17.2	5.6	183	0	79.1	2	
3	22	1999	15.6	1.1	166	1.015	76.6	2	
3	23	1999	16.1	8.3	182	2.031	78.3	3	
3	24	1999	14.4	9.4	57	18.02	83.5	3	
3	25	1999	18.9	8.3	187	4.061	83.5	2	
3	26	1999	21.1	5	258	0	76.7	2	
3	27	1999	17.8	2.2	268	0	61.35	2	
3	28	1999	18.3	0.6	265	0	71.7	2	
3	29	1999	17.8	1.1	216	0	76.7	3	
3	30	1999	13.9	2.8	247	1.015	70.3	4	
3	31	1999	14.4	2.2	252	0	67.7	2	
4	1	1999	17.2	1.1	281	0	65.5	4	
4	2	1999	18.9	6.1	281	0	52.5	4	
4	3	1999	16.1	3.3	281	0	55.45	6	
4	4	1999	18.3	5.6	292	0	46.8	5	
4	5	1999	10.6	4.4	137	15.99	77.55	4	
4	6	1999	14.4	3.3	210	1.015	76.6	1	
4	7	1999	15.6	1.1	264	0	84.7	4	
4	8	1999	11.1	0	182	7.107	80.1	4	
4	9	1999	13.9	-1.7	302	0	68.4	2	
4	10	1999	11.7	5	116	4.061	84.85	3	
4	11	1999	16.7	6.7	245	2.031	83	4	
4	12	1999	26.7	3.9	302	0	62.75	3	
4	13	1999	24.4	5	290	0	74.25	2	
4	14	1999	27.8	13.9	304	0	37.1	6	
4	15	1999	28.3	12.2	293	0	52.4	3	
4	16	1999	27.8	10	250	0	62.4	1	
4	17	1999	28.3	10.6	292	0	66.45	1	
4	18	1999	27.8	5.6	291	0	67.8	2	
4	19	1999	27.2	8.3	280	0	70.4	2	
4	20	1999	26.7	9.4	326	0	62.75	2	
4	21	1999	25	3.9	315	0	66.55	1	
4	22	1999	23.3	5.6	323	0	59.8	6	
4	23	1999	26.7	11.1	323	0	43.5	5	
4	24	1999	24.4	11.1	322	0	64.35	3	
4	25	1999	21.7	6.1	302	0	79.3	2	
4	26	1999	22.2	8.9	206	0	70.3	3	
4	27	1999	19.4	0	329	0	63.65	2	
4	28	1999	19.4	1.1	335	0	56.9	5	
4	29	1999	23.9	11.1	327	0	46.6	5	
4	30	1999	27.2	11.7	306	0	55.45	3	
5	1	1999	26.7	5.6	323	0	65.05	3	
5	2	1999	16.7	5.6	140	1.015	77.15	3	
5	3	1999	18.9	3.9	315	0	64.85	4	
5	4	1999	20.6	2.8	339	0	70.4	1	
5	5	1999	28.9	5.6	338	0	56.85	3	
5	6	1999	30	6.7	312	0	60.2	3	
5	7	1999	26.1	8.3	348	0	42.6	3	
5	8	1999	24.4	8.3	343	0	36.05	4	
5	9	1999	23.3	9.4	344	0	36.25	4	
5	10	1999	26.1	4.4	302	0	55.5	2	
5	11	1999	30	9.4	333	0	61.45	2	
5	12	1999	27.8	10.6	337	0	60.6	2	
5	13	1999	22.8	3.3	349	0	59.8	2	
5	14	1999	21.7	5.6	319	0	64.25	2	
5	15	1999	23.3	4.4	356	0	51.35	2	
5	16	1999	26.1	3.9	345	0	60.25	2	
5	17	1999	28.3	6.1	327	0	63.05	2	
5	18	1999	26.1	10	344	0	64.85	2	
5	19	1999	25.6	6.7	337	0	71.7	2	
5	20	1999	23.9	7.8	330	0	73.15	2	
5	21	1999	31.7	7.2	337	0	60.5	3	
5	22	1999	33.9	15	344	0	44.5	6	
5	23	1999	30.6	10	339	0	64.85	2	
5	24	1999	27.8	11.1	330	0	70.45	2	
5	25	1999	31.1	10	333	0	70.05	2	
5	26	1999	32.2	13.9	334	0	66.4	2	
5	27	1999	31.1	10.6	344	0	69.85	2	
5	28	1999	28.9	10	342	0	69.85	2	
5	29	1999	24.4	9.4	317	0	73.05	2	
5	30	1999	27.8	8.9	334	0	72.8	2	
5	31	1999	27.2	8.9	333	0	68.2	2	
6	1	1999	20.6	8.3	314	0	79.55	3	
6	2	1999	18.9	9.4	260	0	75.95	4	
6	3	1999	17.8	8.9	204	0	77.85	1	
6	4	1999	25.6	7.8	324	0	71.65	1	
6	5	1999	27.8	10	317	0	69.6	2	
6	6	1999	23.9	8.9	338	0	68.4	2	
6	7	1999	23.3	5.6	349	0	61.8	2	
6	8	1999	24.4	5.6	352	0	66.3	1	
6	9	1999	27.2	7.2	337	0	63.75	2	
6	10	1999	30	17.2	246	0	63.5	2	
6	11	1999	30.6	9.4	333	0	62.15	2	
6	12	1999	30.6	8.9	356	0	61.25	2	
6	13	1999	30	8.3	337	0	64.3	2	
6	14	1999	31.1	12.8	349	0	70.75	2	
6	15	1999	30	13.9	388	0	68.25	2	
6	16	1999	30.6	10	348	0	70.9	1	
6	17	1999	29.4	12.2	331	0	70.65	2	
6	18	1999	32.2	12.8	297	0	64.2	2	
6	19	1999	30	11.1	342	0	70.2	1	
6	20	1999	31.7	10.6	303	0	71.35	2	
6	21	1999	31.1	13.9	334	0	68.95	1	
6	22	1999	36.7	17.2	340	0	62.1	2	
6	23	1999	33.3	15	327	0	60.1	3	
6	24	1999	33.3	10.6	339	0	65.7	3	
6	25	1999	29.4	10	344	0	67.6	2	
6	26	1999	31.7	11.7	341	0	65.85	2	
6	27	1999	33.3	13.9	345	0	58.95	2	
6	28	1999	35.6	15.6	342	0	58.3	1	
6	29	1999	37.2	15	335	0	59.15	1	
6	30	1999	37.8	17.8	313	0	65.5	1	
7	1	1999	37.8	17.8	337	0	61.45	2	
7	2	1999	31.7	14.4	335	0	59.5	3	
7	3	1999	28.3	11.1	337	0	57.05	3	
7	4	1999	28.3	10	343	0	62.45	2	
7	5	1999	32.8	9.4	341	0	57.3	2	
7	6	1999	33.3	10	340	0	56.65	2	
7	7	1999	31.1	10	342	0	62.15	2	
7	8	1999	34.4	13.9	339	0	39.5	2	
7	9	1999	33.3	10.6	337	0	60.9	1	
7	10	1999	35.6	13.3	321	0	63.15	2	
7	11	1999	38.3	18.3	316	0	60.15	2	
7	12	1999	40.6	21.7	306	0	58.3	2	
7	13	1999	36.7	18.9	293	0	59.75	2	
7	14	1999	32.2	16.1	312	0	61.5	2	
7	15	1999	28.3	12.2	316	0	77.1	2	
7	16	1999	28.9	10.6	325	0	73.1	2	
7	17	1999	28.3	9.4	321	0	71.25	2	
7	18	1999	30	8.3	328	0	63.4	2	
7	19	1999	25	9.4	316	0	73.6	2	
7	20	1999	25.6	8.3	319	0	74.15	2	
7	21	1999	27.2	9.4	319	0	70.4	2	
7	22	1999	31.1	9.4	317	0	67.75	2	
7	23	1999	27.8	12.2	323	0	62.4	4	
7	24	1999	27.8	9.4	316	0	73.65	2	
7	25	1999	31.1	11.1	321	0	69.8	2	
7	26	1999	31.1	9.4	314	0	67.2	2	
7	27	1999	29.4	9.4	265	0	72.35	2	
7	28	1999	26.7	10.6	304	0	71.15	2	
7	29	1999	29.4	7.8	310	0	68.15	2	
7	30	1999	31.1	10	303	0	66.05	2	
7	31	1999	31.1	11.1	300	0	68.45	2	
8	1	1999	30	10.6	297	0	70.8	2	
8	2	1999	31.7	11.7	296	0	72	2	
8	3	1999	32.2	12.8	297	0	70.15	2	
8	4	1999	32.8	13.3	293	0	71.85	2	
8	5	1999	26.7	10.6	215	0	76.2	2	
8	6	1999	23.3	13.3	226	0	80.55	3	
8	7	1999	26.7	10.6	283	0	73.2	2	
8	8	1999	27.8	11.1	284	0	73.45	2	
8	9	1999	28.9	11.1	242	0	70.6	2	
8	10	1999	24.4	12.8	143	1.015	77.85	2	
8	11	1999	26.7	11.1	268	0	77.1	2	
8	12	1999	29.4	11.1	275	0	74.4	2	
8	13	1999	28.3	9.4	287	0	70.9	2	
8	14	1999	28.9	11.1	284	0	72.05	2	
8	15	1999	31.7	11.1	288	0	64.4	1	
8	16	1999	33.3	10.6	284	0	63.55	1	
8	17	1999	33.9	11.7	286	0	66.2	2	
8	18	1999	28.9	9.4	283	0	69.85	2	
8	19	1999	32.8	10.6	281	0	66.25	1	
8	20	1999	32.8	11.1	279	0	63.6	2	
8	21	1999	34.4	13.3	272	0	64.8	1	
8	22	1999	37.2	14.4	269	0	61.3	1	
8	23	1999	33.9	17.8	265	0	57.1	2	
8	24	1999	36.7	14.4	271	0	59.55	1	
8	25	1999	37.8	15.6	259	0	55.15	1	
8	26	1999	34.4	18.3	139	0	50.05	2	
8	27	1999	35	18.9	245	0	64.8	2	
8	28	1999	35.6	14.4	236	0	67.95	1	
8	29	1999	33.3	15	256	0	63.7	2	
8	30	1999	27.2	17.2	255	0	54.1	3	
8	31	1999	27.2	13.9	252	0	44.25	4	
9	1	1999	26.7	7.8	194	0	59.25	1	
9	2	1999	28.9	7.2	244	0	64.6	1	
9	3	1999	29.4	17.8	234	0	63.3	1	
9	4	1999	32.2	10.6	262	0	57.45	1	
9	5	1999	34.4	10	264	0	57.9	1	
9	6	1999	29.4	11.7	230	0	65.4	1	
9	7	1999	34.4	11.1	249	0	60	1	
9	8	1999	33.9	10	239	0	61.55	1	
9	9	1999	33.3	15.6	190	0	60.85	2	
9	10	1999	30.6	11.1	241	0	69.8	1	
9	11	1999	32.2	11.1	228	0	68.45	1	
9	12	1999	31.7	11.7	228	0	71.95	1	
9	13	1999	31.7	9.4	237	0	66	1	
9	14	1999	32.8	11.1	235	0	62.85	1	
9	15	1999	32.2	10	223	0	66.35	1	
9	16	1999	31.7	10	214	0	68.1	1	
9	17	1999	31.7	9.4	228	0	64.9	1	
9	18	1999	28.3	9.4	158	0	70.75	2	
9	19	1999	28.3	13.3	205	0	68.25	2	
9	20	1999	29.4	11.7	215	0	72.05	1	
9	21	1999	33.3	10.6	220	0	66.35	1	
9	22	1999	32.2	15.6	203	0	61.35	2	
9	23	1999	31.7	14.4	204	0	64.2	2	
9	24	1999	31.1	12.8	210	0	66	1	
9	25	1999	33.9	13.3	212	0	58.9	1	
9	26	1999	33.3	15.6	222	0	40.75	5	
9	27	1999	30.6	20.6	230	0	16.9	7	
9	28	1999	31.7	15.6	219	0	23.1	4	
9	29	1999	33.3	9.4	210	0	37.95	1	
9	30	1999	33.9	12.8	196	0	40.65	1	
10	1	1999	31.7	11.1	190	0	52.65	1	
10	2	1999	27.2	8.9	185	0	64.8	1	
10	3	1999	27.8	7.2	183	0	71.35	1	
10	4	1999	23.3	6.7	147	0	72.2	2	
10	5	1999	22.8	15.6	160	0	63.9	3	
10	6	1999	23.9	13.3	184	0	68.2	2	
10	7	1999	30.6	13.3	202	0	41.4	4	
10	8	1999	32.2	7.2	200	0	56.65	1	
10	9	1999	31.7	11.1	188	0	52.85	1	
10	10	1999	31.7	10.6	185	0	57.95	1	
10	11	1999	31.1	10.6	180	0	57.9	1	
10	12	1999	26.7	7.8	184	0	61.45	2	
10	13	1999	32.2	9.4	160	0	42	1	
10	14	1999	31.7	11.1	163	0	51.65	1	
10	15	1999	27.8	16.1	176	0	22.05	6	
10	16	1999	26.7	17.2	165	0	14.7	7	
10	17	1999	25.6	6.7	112	0	27.7	3	
10	18	1999	27.8	3.9	143	0	42.35	1	
10	19	1999	26.7	5.6	143	0	51.2	1	
10	20	1999	28.3	6.7	152	0	44.8	1	
10	21	1999	29.4	5	149	0	48.05	1	
10	22	1999	28.3	6.1	141	0	45.4	1	
10	23	1999	26.1	5	154	0	57.95	1	
10	24	1999	25.6	4.4	156	0	61.4	1	
10	25	1999	26.1	3.3	149	0	59.8	1	
10	26	1999	25.6	5	124	0	65.9	2	
10	27	1999	21.1	8.3	52	4.822	84.6	4	
10	28	1999	20.6	11.1	148	0	67.05	3	
10	29	1999	23.3	7.8	160	0	56	3	
10	30	1999	25	3.9	154	0	66.25	1	
10	31	1999	26.1	5	153	0	63.9	2	
11	1	1999	26.1	6.1	155	0	60.05	1	
11	2	1999	27.2	5	149	0	64.9	1	
11	3	1999	24.4	5	141	0	71.15	1	
11	4	1999	24.4	5	139	0	71.75	1	
11	5	1999	25.6	5.6	139	0	74.85	1	
11	6	1999	21.7	4.4	129	0	77.2	1	
11	7	1999	19.4	4.4	76	8.376	78.2	4	
11	8	1999	18.3	7.2	140	2.538	76.85	3	
11	9	1999	16.7	5	94	0	81.95	2	
11	10	1999	15.6	9.4	34	0.508	89.65	2	
11	11	1999	21.1	8.9	111	0	82.3	1	
11	12	1999	21.7	7.8	123	0	80.9	1	
11	13	1999	22.8	6.1	128	0	73.85	1	
11	14	1999	19.4	6.7	75	0.508	80.4	1	
11	15	1999	20	7.8	109	0.508	83.85	2	
11	16	1999	19.4	6.7	86	10.4	83.45	3	
11	17	1999	16.1	6.1	113	0	80.5	2	
11	18	1999	15	2.2	123	0	82.85	1	
11	19	1999	11.1	4.4	25	10.91	100	4	
11	20	1999	16.7	9.4	66	0	91.95	3	
11	21	1999	15	5	131	0	74.15	3	
11	22	1999	14.4	1.7	118	0	70.7	3	
11	23	1999	13.3	-1.1	102	0	78.6	1	
11	24	1999	15.6	0.6	117	0	79.15	1	
11	25	1999	17.2	1.7	118	0	78.25	1	
11	26	1999	10.6	2.8	44	0	99.75	1	
11	27	1999	13.9	3.3	49	0.254	94.25	1	
11	28	1999	13.9	5	63	0	93.65	1	
11	29	1999	12.2	10.6	19	1.015	98.8	4	
11	30	1999	14.4	7.2	64	1.269	85.1	4	
12	1	1999	13.3	3.3	112	0	88.25	2	
12	2	1999	16.1	4.4	93	0.508	80.05	3	
12	3	1999	14.4	4.4	116	0	59.6	6	
12	4	1999	14.4	-1.7	113	0	77.2	1	
12	5	1999	13.3	0.6	88	0	79.35	1	
12	6	1999	12.2	-0.6	64	0	87.2	2	
12	7	1999	14.4	-1.1	115	0	79.5	2	
12	8	1999	11.7	0	82	0	71.75	2	
12	9	1999	12.2	5	60	1.269	88.45	3	
12	10	1999	12.8	1.7	115	0	75.3	4	
12	11	1999	17.8	2.8	112	0	71.35	4	
12	12	1999	12.8	-0.6	82	0	81.65	2	
12	13	1999	13.3	6.7	98	0	64.3	4	
12	14	1999	14.4	0.6	102	0	58.25	3	
12	15	1999	13.9	-3.3	111	0	69.45	1	
12	16	1999	13.9	-3.9	113	0	75.35	1	
12	17	1999	15	0	108	0	74.05	1	
12	18	1999	13.9	-0.6	81	0	73.85	3	
12	19	1999	21.7	11.7	109	0	40.85	8	
12	20	1999	22.8	2.2	115	0	63.9	5	
12	21	1999	21.7	0	113	0	61.25	4	
12	22	1999	20	2.2	115	0	48.85	3	
12	23	1999	16.7	-1.1	101	0	72.15	1	
12	24	1999	18.3	-1.7	109	0	67.25	1	
12	25	1999	17.2	-2.8	111	0	70.15	1	
12	26	1999	16.7	-2.2	105	0	72.55	1	
12	27	1999	19.4	-2.2	110	0	62.7	2	
12	28	1999	19.4	-0.6	114	0	55.95	1	
12	29	1999	15.6	-1.1	110	0	69.35	1	
12	30	1999	16.1	-3.9	109	0	70.85	1	
12	31	1999	15	-2.2	111	0	71.8	1	
1	1	2000	12.8	0.6	67	0	81.2	2	
1	2	2000	13.3	-3.9	108	0	72.7	2	
1	3	2000	15.6	-0.6	113	0	68.85	3	
1	4	2000	12.8	1.7	77	1.269	89.65	2	
1	5	2000	15	3.3	120	0	63.15	6	
1	6	2000	11.1	-2.2	80	0	62.3	2	
1	7	2000	17.2	0.6	156	0	63.35	2	
1	8	2000	8.9	0	43	0	93.95	1	
1	9	2000	10	2.2	49	0	93.7	1	
1	10	2000	17.2	3.3	82	0	83.65	4	
1	11	2000	13.9	6.7	27	3.807	89.3	6	
1	12	2000	10.6	4.4	56	0	83.25	2	
1	13	2000	16.7	3.9	94	0	86.95	4	
1	14	2000	17.8	6.7	73	0	87.5	3	
1	15	2000	13.9	9.4	27	3.553	91.1	2	
1	16	2000	14.4	3.9	84	4.569	84.05	4	
1	17	2000	11.1	3.9	47	1.269	89.9	2	
1	18	2000	13.3	7.8	63	11.92	96.2	2	
1	19	2000	15.6	11.1	51	3.046	94.25	3	
1	20	2000	15.6	6.1	85	0	81.15	2	
1	21	2000	15.6	5	82	0	88.45	3	
1	22	2000	12.2	3.9	76	0.761	95.15	2	
1	23	2000	11.1	8.9	12	14.46	99.85	4	
1	24	2000	11.7	10	24	28.17	100	1	
1	25	2000	15.6	6.1	82	19.28	88.15	2	
1	26	2000	15	6.1	127	3.807	85.4	2	
1	27	2000	15	3.3	144	0	78.05	2	
1	28	2000	13.3	1.7	130	0	69.5	2	
1	29	2000	14.4	2.8	124	0	74.65	2	
1	30	2000	13.9	7.2	71	14.46	85.5	4	
1	31	2000	11.1	7.2	50	1.777	91.8	2	
2	1	2000	13.9	8.3	111	0	92.45	3	
2	2	2000	16.7	4.4	143	0	89.85	2	
2	3	2000	12.2	6.1	31	6.091	95.95	2	
2	4	2000	13.3	5.6	60	0	95.2	1	
2	5	2000	14.4	5	65	1.523	96.05	3	
2	6	2000	16.7	4.4	136	0	87.45	3	
2	7	2000	16.7	3.3	108	0	87.15	1	
2	8	2000	18.9	5.6	91	0	80.65	1	
2	9	2000	15.6	9.4	68	0	90	1	
2	10	2000	13.3	8.3	58	14.21	97.1	3	
2	11	2000	11.1	7.2	26	25.12	99.65	4	
2	12	2000	11.1	6.7	60	2.538	96.55	5	
2	13	2000	13.3	9.4	45	31.47	100	8	
2	14	2000	15.6	7.8	152	20.55	84.85	6	
2	15	2000	13.9	3.3	135	0	89.1	2	
2	16	2000	11.1	7.2	44	10.4	96.4	1	
2	17	2000	14.4	4.4	135	0	85.85	1	
2	18	2000	16.1	2.8	184	0	80.85	2	
2	19	2000	16.1	5	155	0	75.5	3	
2	20	2000	16.1	9.4	71	12.94	86.8	3	
2	21	2000	16.7	6.1	176	1.015	80.4	2	
2	22	2000	12.2	7.2	29	33.5	95.1	6	
2	23	2000	12.8	1.7	150	3.3	84.1	2	
2	24	2000	10	0	75	2.031	90.2	1	
2	25	2000	12.8	6.1	117	0.254	86.15	1	
2	26	2000	13.9	10	46	9.137	94.75	5	
2	27	2000	15	6.1	137	5.584	84	4	
2	28	2000	14.4	0.6	158	0	87.5	2	
2	29	2000	15	5.6	156	6.091	83.35	3	
3	1	2000	16.7	3.9	203	0	76.2	2	
3	2	2000	11.1	6.7	60	2.284	92.9	2	
3	3	2000	17.8	2.8	213	0	87.45	2	
3	4	2000	16.7	2.8	142	11.92	89.15	3	
3	5	2000	11.1	7.2	45	8.376	96.7	3	
3	6	2000	11.7	4.4	77	0.508	91.35	2	
3	7	2000	11.7	6.7	72	5.076	91.15	4	
3	8	2000	11.7	2.2	120	8.376	85.65	3	
3	9	2000	14.4	4.4	156	2.538	87.9	4	
3	10	2000	15.6	0.6	126	0.254	87.65	2	
3	11	2000	16.7	7.2	172	0	87.25	2	
3	12	2000	20.6	4.4	223	0	73.75	2	
3	13	2000	21.1	5	226	0	81.35	1	
3	14	2000	22.2	7.2	217	0	71.4	3	
3	15	2000	24.4	5.6	237	0	60.5	3	
3	16	2000	22.2	9.4	234	0	66.5	2	
3	17	2000	21.7	7.2	246	0	53.5	4	
3	18	2000	25.6	6.1	242	0	68.05	2	
3	19	2000	20.6	10.6	218	0	64.5	4	
3	20	2000	18.3	7.8	252	0	39.55	8	
3	21	2000	23.9	10	256	0	40.2	7	
3	22	2000	21.7	2.8	231	0	72.4	2	
3	23	2000	20	3.9	229	0	77.75	2	
3	24	2000	20	2.2	252	0	74.9	2	
3	25	2000	20	2.2	251	0	76.1	2	
3	26	2000	22.8	3.3	248	0	74.65	2	
3	27	2000	18.9	5.6	244	0	79.6	2	
3	28	2000	19.4	5.6	238	0	74.85	2	
3	29	2000	22.8	2.8	261	0.254	66.6	2	
3	30	2000	24.4	7.2	275	0	51.85	6	
3	31	2000	27.2	11.1	275	0	30.1	5	
4	1	2000	30	11.1	258	0	39.9	4	
4	2	2000	32.2	12.8	246	0	-1	-1	
4	3	2000	31.1	7.2	272	0	64.35	2	
4	4	2000	25.6	6.7	274	0	68	2	
4	5	2000	23.9	5.6	267	0	74.9	2	
4	6	2000	26.1	3.3	269	0	67.25	1	
4	7	2000	27.2	5	273	0	68.95	2	
4	8	2000	22.8	3.9	278	0	67.05	3	
4	9	2000	22.2	5	277	0	75.2	2	
4	10	2000	27.8	6.7	278	0	63	2	
4	11	2000	25.6	5.6	252	0	73.9	1	
4	12	2000	25.6	12.8	173	3.046	66.4	2	
4	13	2000	19.4	8.9	246	3.553	81.35	4	
4	14	2000	19.4	10	256	0	77.6	2	
4	15	2000	17.8	8.9	165	0	79.5	3	
4	16	2000	17.8	10.6	143	5.584	85.9	3	
4	17	2000	12.8	6.1	85	14.46	92.25	4	
4	18	2000	18.9	3.9	204	5.076	78.65	2	
4	19	2000	20	5	244	0	79.5	1	
4	20	2000	23.9	9.4	301	0	69.35	1	
4	21	2000	26.7	6.7	300	0	72.75	2	
4	22	2000	21.1	6.7	289	0	75.45	3	
4	23	2000	21.7	4.4	296	0	73.35	1	
4	24	2000	24.4	6.1	301	0	69.3	2	
4	25	2000	26.1	7.8	290	0	71.4	1	
4	26	2000	28.9	7.8	302	0	65.05	1	
4	27	2000	21.7	7.8	268	0	70.4	5	
4	28	2000	16.1	2.2	341	0	72.95	1	
4	29	2000	26.1	6.7	342	0	58.25	2	
4	30	2000	26.7	5	339	0	71.2	0	
5	1	2000	26.1	5.6	302	0	69.9	1	
5	2	2000	26.1	8.9	338	0	76.65	0	
5	3	2000	27.8	7.8	337	0	72.15	2	
5	4	2000	26.1	12.2	278	0	69.7	2	
5	5	2000	24.4	8.3	308	0	65.45	2	
5	6	2000	20.6	8.9	145	0	67.55	3	
5	7	2000	14.4	8.9	82	2.284	99.4	2	
5	8	2000	22.8	11.7	268	1.015	76.55	3	
5	9	2000	23.3	9.4	326	0	73.15	4	
5	10	2000	17.8	3.9	352	0	61.95	4	
5	11	2000	22.2	2.8	361	0	57.55	2	
5	12	2000	22.8	5	300	0	61.45	1	
5	13	2000	23.3	8.3	229	0	64	2	
5	14	2000	16.7	6.7	123	3.807	84.25	3	
5	15	2000	17.8	8.3	144	4.061	84.5	2	
5	16	2000	20	9.4	321	0.508	83.2	2	
5	17	2000	24.4	11.7	343	0	72.75	2	
5	18	2000	29.4	14.4	359	0	58.75	3	
5	19	2000	32.2	11.7	353	0	65.75	2	
5	20	2000	34.4	15.6	350	0	62.15	2	
5	21	2000	36.7	15	357	0	58.8	1	
5	22	2000	36.1	18.9	333	0	67.15	1	
5	23	2000	36.1	20	284	0	61.8	3	
5	24	2000	31.1	16.7	329	0	70.7	2	
5	25	2000	28.3	13.9	335	0	68.05	2	
5	26	2000	31.1	12.8	355	0	64.85	2	
5	27	2000	31.7	11.1	362	0	68.05	2	
5	28	2000	30.6	12.2	362	0	63.7	2	
5	29	2000	26.7	8.9	369	0	68.6	2	
5	30	2000	25.6	7.8	370	0	62.85	2	
5	31	2000	27.8	15	378	0	36.05	4	
6	1	2000	30	9.4	370	0	50.75	2	
6	2	2000	29.4	10	366	0	61.2	2	
6	3	2000	30.6	6.1	370	0	66.95	1	
6	4	2000	30	7.8	357	0	61.7	2	
6	5	2000	27.2	7.8	356	0	74.55	2	
6	6	2000	28.3	8.9	359	0	72.95	2	
6	7	2000	25	9.4	299	0	74.05	4	
6	8	2000	22.2	12.2	230	0	80.5	2	
6	9	2000	25	8.9	327	0	74.05	2	
6	10	2000	24.4	8.3	345	0	76	2	
6	11	2000	27.2	9.4	313	0	73.85	1	
6	12	2000	30.6	13.3	302	0	71.15	2	
6	13	2000	36.1	21.1	367	0	46.65	6	
6	14	2000	40	26.1	372	0	36.85	4	
6	15	2000	38.3	18.9	364	0	46.85	3	
6	16	2000	35.6	26.1	367	0	28.6	5	
6	17	2000	33.9	17.2	358	0	56.95	3	
6	18	2000	28.3	13.9	350	0	75.25	2	
6	19	2000	29.4	11.7	333	0	69.65	1	
6	20	2000	34.4	15.6	363	0	60.2	1	
6	21	2000	35.6	13.9	354	0	62.25	2	
6	22	2000	32.2	13.3	353	0	72.55	2	
6	23	2000	30.6	11.7	349	0	74.8	2	
6	24	2000	31.7	11.7	352	0	71.65	2	
6	25	2000	32.8	11.1	350	0	67.75	2	
6	26	2000	33.9	15	341	0	70.8	2	
6	27	2000	35	16.1	340	0	70.15	2	
6	28	2000	35	14.4	339	0	71.15	2	
6	29	2000	32.8	13.9	343	0	75.8	2	
6	30	2000	30	11.7	350	0	74.75	2	
7	1	2000	27.8	11.1	334	0	73.3	2	
7	2	2000	26.1	10.6	341	0	75.1	2	
7	3	2000	25.6	11.1	311	0	79.55	2	
7	4	2000	28.3	10	341	0	69.35	2	
7	5	2000	26.7	9.4	318	0	73.55	2	
7	6	2000	26.1	8.3	294	0	78.95	2	
7	7	2000	26.7	10	337	0	68.9	2	
7	8	2000	23.3	10	332	0	85.6	1	
7	9	2000	30.6	10.6	344	0	70.85	2	
7	10	2000	31.1	11.1	339	0	70.05	2	
7	11	2000	32.2	9.4	340	0	65.95	2	
7	12	2000	31.7	11.7	335	0	72.45	2	
7	13	2000	31.7	10.6	335	0	66.55	2	
7	14	2000	32.8	8.9	339	0	64.35	2	
7	15	2000	33.3	9.4	324	0	62.55	2	
7	16	2000	28.9	12.8	286	0	73.45	2	
7	17	2000	27.8	10	293	0	72.35	2	
7	18	2000	32.2	10	333	0	66.15	1	
7	19	2000	33.9	11.7	332	0	62.95	2	
7	20	2000	35	12.8	326	0	68	2	
7	21	2000	30	11.1	324	0	74.25	2	
7	22	2000	31.7	10.6	330	0	73.05	2	
7	23	2000	33.9	11.7	334	0	65.65	1	
7	24	2000	35.6	12.8	324	0	61.9	1	
7	25	2000	35	15.6	324	0	63.9	2	
7	26	2000	32.8	12.8	323	0	64.55	2	
7	27	2000	31.7	11.7	325	0	66.4	2	
7	28	2000	34.4	11.7	323	0	64.3	1	
7	29	2000	35	14.4	320	0	64.9	2	
7	30	2000	36.7	15.6	258	0	63	1	
7	31	2000	38.9	16.1	304	0	61.65	1	
8	1	2000	37.8	18.9	252	0	65.05	1	
8	2	2000	37.2	18.3	288	0	67.1	2	
8	3	2000	33.9	15	285	0	64.6	2	
8	4	2000	33.9	13.9	303	0	65.15	2	
8	5	2000	31.7	12.2	297	0	73.95	2	
8	6	2000	34.4	13.3	308	0	66.5	2	
8	7	2000	29.4	12.2	297	0	75.7	2	
8	8	2000	30	11.1	278	0	73.4	2	
8	9	2000	30	10.6	302	0	66.3	2	
8	10	2000	28.9	10	300	0	71.15	1	
8	11	2000	34.4	11.1	301	0	64.3	1	
8	12	2000	35	13.3	299	0	59.65	2	
8	13	2000	33.9	9.4	300	0	63.35	1	
8	14	2000	34.4	13.9	299	0	62	1	
8	15	2000	35.6	11.1	299	0	59.5	1	
8	16	2000	32.2	13.3	288	0	68.1	1	
8	17	2000	34.4	13.3	291	0	62.2	1	
8	18	2000	31.1	8.3	291	0	64.5	2	
8	19	2000	30.6	9.4	282	0	68.85	2	
8	20	2000	31.1	10.6	281	0	66.1	1	
8	21	2000	32.8	12.2	278	0	58.9	1	
8	22	2000	33.3	10.6	277	0	62.9	1	
8	23	2000	31.1	10.6	275	0	64.05	2	
8	24	2000	32.2	10	278	0	66.85	1	
8	25	2000	35	11.7	275	0	57.75	1	
8	26	2000	33.9	9.4	273	0	57.35	2	
8	27	2000	33.9	9.4	269	0	62.55	1	
8	28	2000	33.9	12.8	261	0	62.4	2	
8	29	2000	20.6	13.9	62	0	81.45	2	
8	30	2000	21.7	15	69	0	78.3	2	
8	31	2000	27.2	13.3	225	0	74.4	2	
9	1	2000	19.4	12.8	82	2.792	87.7	3	
9	2	2000	21.1	11.7	161	0	79.7	2	
9	3	2000	24.4	10	236	0	70.35	2	
9	4	2000	24.4	6.7	252	0	70.85	2	
9	5	2000	26.7	11.1	260	0	58.95	3	
9	6	2000	30	16.7	258	0	40.1	4	
9	7	2000	32.8	10.6	261	0	51.8	1	
9	8	2000	31.7	8.3	246	0	60.15	2	
9	9	2000	30	10	245	0	64.3	1	
9	10	2000	32.8	8.3	247	0	61.4	1	
9	11	2000	33.3	8.9	246	0	62.3	1	
9	12	2000	32.8	10.6	201	0	63.95	1	
9	13	2000	32.8	19.4	156	0	52.6	2	
9	14	2000	30	16.7	197	0	66.8	3	
9	15	2000	29.4	12.8	235	0	73.15	2	
9	16	2000	30	11.7	230	0	70.7	1	
9	17	2000	35	14.4	234	0	56.15	2	
9	18	2000	38.3	13.9	231	0	53.05	2	
9	19	2000	38.3	15.6	225	0	51.5	2	
9	20	2000	37.2	17.2	218	0	49.8	2	
9	21	2000	25.6	14.4	217	0	73.4	3	
9	22	2000	23.3	13.9	135	0.254	78.25	3	
9	23	2000	26.7	8.3	222	0	64.05	2	
9	24	2000	28.3	6.1	218	0	59.95	1	
9	25	2000	31.7	10.6	215	0	59.85	2	
9	26	2000	31.7	11.7	212	0	50.35	1	
9	27	2000	30	11.1	202	0	58.5	2	
9	28	2000	27.2	11.1	191	0	72.25	2	
9	29	2000	35	8.3	199	0	60.1	2	
9	30	2000	33.3	10.6	197	0	60.3	1	
10	1	2000	35.6	12.8	196	0	58.65	2	
10	2	2000	29.4	11.1	193	0	70.05	2	
10	3	2000	30	7.2	194	0	65.3	1	
10	4	2000	30	7.2	192	0	68.25	1	
10	5	2000	30.6	7.2	186	0	65.9	1	
10	6	2000	32.8	9.4	175	0	58.95	1	
10	7	2000	28.9	10	177	0	68.5	1	
10	8	2000	25	8.9	181	0	79.85	1	
10	9	2000	22.2	8.3	90	0	75.75	3	
10	10	2000	17.8	8.9	81	15.22	88.1	2	
10	11	2000	15.6	8.3	73	4.061	96.2	2	
10	12	2000	19.4	8.3	139	0.254	79.7	1	
10	13	2000	22.2	6.1	169	0	75.2	1	
10	14	2000	25.6	7.8	170	0	70.65	1	
10	15	2000	24.4	6.7	165	0	75.3	1	
10	16	2000	27.8	8.3	166	0	71.7	1	
10	17	2000	28.3	6.7	162	0	69.05	1	
10	18	2000	28.3	9.4	148	0	65.95	1	
10	19	2000	27.8	7.2	157	0	65.15	1	
10	20	2000	25.6	8.3	106	0	74.2	2	
10	21	2000	21.1	11.1	156	0	57.55	7	
10	22	2000	22.2	11.1	162	0	31.8	7	
10	23	2000	25	9.4	154	0	37.15	3	
10	24	2000	25	4.4	142	0	57.45	2	
10	25	2000	16.1	9.4	41	1.269	87.5	3	
10	26	2000	13.9	8.9	39	10.15	95.15	2	
10	27	2000	20.6	7.2	147	0	81.7	2	
10	28	2000	13.3	10	31	13.45	93.2	4	
10	29	2000	16.7	8.3	114	6.345	81.15	3	
10	30	2000	12.8	6.7	45	2.284	96.8	3	
10	31	2000	18.9	6.1	152	0	73.05	3	
11	1	2000	16.1	3.3	105	0	84.2	1	
11	2	2000	22.8	5.6	144	0	75.95	2	
11	3	2000	23.3	11.7	146	0	60.5	4	
11	4	2000	20.6	4.4	126	0	80.35	1	
11	5	2000	21.7	6.7	113	0	73.8	1	
11	6	2000	18.9	6.7	138	0	68.2	5	
11	7	2000	20.6	6.7	136	0	53.9	4	
11	8	2000	22.2	2.8	126	0	73.95	2	
11	9	2000	15	-0.6	121	0	69.05	1	
11	10	2000	12.8	4.4	108	0	78.45	2	
11	11	2000	13.3	0	131	0	72.05	2	
11	12	2000	15	-1.7	133	0	68.1	1	
11	13	2000	8.3	-3.9	44	6.091	89.7	1	
11	14	2000	8.9	1.7	84	0	92.1	1	
11	15	2000	9.4	-1.1	99	0	89.45	1	
11	16	2000	14.4	1.7	127	0	71.3	2	
11	17	2000	16.1	-0.6	128	0	61.85	1	
11	18	2000	14.4	-3.3	124	0	74.55	1	
11	19	2000	16.1	0.6	116	0	70.3	1	
11	20	2000	16.1	-2.2	112	0	74.6	1	
11	21	2000	8.3	1.1	26	6.091	95.4	1	
11	22	2000	12.8	2.2	103	0	90.4	1	
11	23	2000	8.9	1.7	35	0.254	100	1	
11	24	2000	15.6	5.6	116	0	83.05	2	
11	25	2000	7.8	3.3	28	0.254	100	1	
11	26	2000	12.2	6.1	76	0	94.35	1	
11	27	2000	9.4	6.7	31	0.254	97.6	1	
11	28	2000	10.6	7.2	25	0	99.35	2	
11	29	2000	16.7	6.1	94	4.569	81.65	4	
11	30	2000	15.6	2.2	115	0	84.85	2	
12	1	2000	15	1.1	96	0	80.55	2	
12	2	2000	16.7	0.6	116	0	76.75	1	
12	3	2000	15.6	1.7	88	0.254	84.25	2	
12	4	2000	14.4	1.1	80	0.254	85.5	1	
12	5	2000	9.4	0.6	63	0.254	99.7	1	
12	6	2000	7.2	3.3	34	0	100	1	
12	7	2000	13.3	6.1	61	0	87.75	1	
12	8	2000	18.3	5	107	0	79.55	1	
12	9	2000	14.4	3.9	68	0	91.3	1	
12	10	2000	12.8	5	31	0	94.7	1	
12	11	2000	11.7	5	30	6.091	95.35	2	
12	12	2000	12.2	2.2	78	0.254	90.15	1	
12	13	2000	11.1	6.7	32	1.015	97.1	4	
12	14	2000	11.1	8.9	21	0.761	99.7	4	
12	15	2000	14.4	7.8	64	0	91.15	2	
12	16	2000	15	6.1	108	0	83.5	3	
12	17	2000	15	6.1	114	0	65.55	7	
12	18	2000	13.9	-0.6	108	0	67.15	2	
12	19	2000	15	1.1	99	0	71.05	1	
12	20	2000	16.1	2.2	83	0	71.5	1	
12	21	2000	15	-1.7	56	0.254	89.4	3	
12	22	2000	15	4.4	79	0	86.35	1	
12	23	2000	11.1	1.1	53	0	93.05	1	
12	24	2000	15	1.1	96	0	70.7	4	
12	25	2000	13.3	-1.1	69	0	67.25	4	
12	26	2000	14.4	-2.8	109	0	76.95	1	
12	27	2000	15.6	-0.6	104	0	70.4	1	
12	28	2000	15.6	-1.1	113	0	70	1	
12	29	2000	14.4	-2.2	68	0	76.6	1	
12	30	2000	15	-2.8	114	0	76.2	1	
12	31	2000	13.9	-2.8	94	0	81.3	1	
1	1	2001	16.1	-1.7	112	0	76.3	1	
1	2	2001	15.6	-2.8	108	0	76.85	1	
1	3	2001	17.8	-1.1	116	0.254	71.05	1	
1	4	2001	16.7	-1.7	116	0	70.85	1	
1	5	2001	18.9	-3.3	118	0	69.4	1	
1	6	2001	16.1	-1.1	99	0	79.05	1	
1	7	2001	10.6	-1.7	48	2.538	90.3	1	
1	8	2001	12.2	3.3	45	13.95	98	2	
1	9	2001	10	-0.6	44	0.254	96.15	3	
1	10	2001	10	5	9	17	98.3	4	
1	11	2001	9.4	3.9	28	6.091	94.15	4	
1	12	2001	13.9	3.3	121	1.015	84.85	3	
1	13	2001	12.8	2.2	101	0	88.65	2	
1	14	2001	11.7	2.2	125	0	79.9	4	
1	15	2001	12.2	3.9	128	0	59.65	6	
1	16	2001	11.1	2.2	131	0	58.8	6	
1	17	2001	12.8	-1.1	134	0	65.15	3	
1	18	2001	10	-3.9	104	0	79.25	1	
1	19	2001	13.3	0	122	0	74.45	2	
1	20	2001	11.7	-1.1	82	0	86.7	1	
1	21	2001	13.3	1.7	74	0	79.2	2	
1	22	2001	16.7	0.6	131	0	72.9	1	
1	23	2001	10.6	3.3	31	5.076	92.65	3	
1	24	2001	12.8	2.8	115	0	85.8	2	
1	25	2001	8.3	2.8	16	17.76	94.25	4	
1	26	2001	7.8	3.9	53	0.508	94.9	3	
1	27	2001	13.3	3.3	143	0	73.75	6	
1	28	2001	12.2	-2.2	136	0	83.2	2	
1	29	2001	11.7	2.8	110	4.061	85.3	3	
1	30	2001	11.7	3.3	108	0	67.45	4	
1	31	2001	15.6	0	151	0	61.45	3	
2	1	2001	12.2	-2.2	126	0	81.35	1	
2	2	2001	14.4	3.3	78	0	75.4	1	
2	3	2001	18.3	2.8	145	0	75.4	2	
2	4	2001	19.4	3.3	151	0	83.75	1	
2	5	2001	19.4	2.8	160	0	72.1	2	
2	6	2001	13.9	3.9	114	0.508	73.9	3	
2	7	2001	12.2	3.9	167	0	43.85	7	
2	8	2001	14.4	2.8	148	0	51.15	4	
2	9	2001	8.9	5	26	21.57	92.1	5	
2	10	2001	11.1	5	143	7.36	89.05	5	
2	11	2001	11.1	4.4	120	10.4	84.9	4	
2	12	2001	7.2	0.6	41	15.22	98.2	3	
2	13	2001	15	3.3	142	0	69.35	7	
2	14	2001	15	1.1	172	0	76.7	1	
2	15	2001	12.8	0	109	0	88.95	1	
2	16	2001	15.6	3.9	155	0	78.15	2	
2	17	2001	10	3.3	26	4.315	96.5	1	
2	18	2001	12.8	7.8	58	2.284	93.7	1	
2	19	2001	13.9	6.7	92	11.16	90.45	4	
2	20	2001	12.8	8.3	75	7.107	93.45	4	
2	21	2001	14.4	5.6	119	4.822	89.4	4	
2	22	2001	13.3	5.6	149	15.99	81.3	4	
2	23	2001	13.3	5	178	7.614	79.35	2	
2	24	2001	8.3	5.6	28	13.95	95.45	5	
2	25	2001	15	7.2	168	0	84.6	3	
2	26	2001	18.3	6.7	173	0	74.85	4	
2	27	2001	19.4	7.2	208	0	56.3	6	
2	28	2001	16.7	1.7	207	0	58.15	4	
3	1	2001	14.4	0	128	1.777	81.15	2	
3	2	2001	12.8	2.2	115	20.05	95.1	3	
3	3	2001	10.6	1.1	92	5.076	93.6	1	
3	4	2001	13.3	7.8	30	26.65	89.1	6	
3	5	2001	15.6	8.9	82	2.792	91.2	3	
3	6	2001	19.4	8.3	170	0	84.7	3	
3	7	2001	19.4	6.1	206	0	88.4	2	
3	8	2001	17.2	6.1	142	0	90.2	2	
3	9	2001	16.7	7.2	220	0	71.3	4	
3	10	2001	18.3	6.1	224	0	69.7	4	
3	11	2001	20	2.8	211	0	66.95	3	
3	12	2001	21.7	5.6	230	0	67.5	3	
3	13	2001	21.1	3.3	228	0	76.95	1	
3	14	2001	21.7	3.9	232	0	67.4	2	
3	15	2001	18.9	3.3	134	0	79.05	1	
3	16	2001	19.4	5	233	0	65.55	2	
3	17	2001	22.8	5.6	188	0	73.4	1	
3	18	2001	26.7	6.1	230	0	73.7	1	
3	19	2001	25.6	8.3	216	0	74.9	1	
3	20	2001	27.8	10.6	203	0.254	77.7	1	
3	21	2001	26.7	12.2	219	0	77.85	2	
3	22	2001	23.3	8.3	226	0	83.95	1	
3	23	2001	22.8	6.7	236	0	80.65	1	
3	24	2001	21.7	8.9	192	1.015	84.75	3	
3	25	2001	20.6	7.8	228	0	68.3	2	
3	26	2001	23.3	3.9	254	0	62.45	2	
3	27	2001	25.6	7.2	235	0	58.4	2	
3	28	2001	26.7	8.9	236	0	72.8	2	
3	29	2001	26.1	8.3	262	0	62.75	4	
3	30	2001	27.8	13.9	262	0	41.8	4	
3	31	2001	28.9	8.3	265	0	64.8	2	
4	1	2001	24.4	7.2	245	0	60.8	2	
4	2	2001	16.1	2.8	215	0	59.9	2	
4	3	2001	15.6	-2.2	273	0	63.65	1	
4	4	2001	18.3	2.8	267	0	58.6	2	
4	5	2001	21.1	2.8	275	0	57.45	3	
4	6	2001	11.7	6.7	68	17.25	76.1	4	
4	7	2001	13.9	2.8	166	1.015	72.1	3	
4	8	2001	14.4	-1.7	234	0	77.35	2	
4	9	2001	18.3	3.3	284	0	66.1	4	
4	10	2001	20.6	5.6	277	0	57.25	3	
4	11	2001	19.4	3.9	253	0	72.4	3	
4	12	2001	19.4	0.6	270	0	67.3	2	
4	13	2001	17.8	4.4	256	0	75.05	2	
4	14	2001	19.4	1.7	272	0	73.65	1	
4	15	2001	21.7	1.1	282	0	66.8	2	
4	16	2001	21.1	4.4	281	0	69.8	3	
4	17	2001	21.1	7.8	282	0	76.2	2	
4	18	2001	22.2	7.8	187	0	76.9	3	
4	19	2001	17.8	6.1	198	0	74.85	2	
4	20	2001	11.1	4.4	86	8.122	92.8	3	
4	21	2001	20.6	2.8	300	0	72.45	2	
4	22	2001	22.2	3.9	287	0	77.8	1	
4	23	2001	25	5.6	295	0	71.65	1	
4	24	2001	28.3	8.3	301	0	70.15	1	
4	25	2001	30.6	9.4	297	0	73.05	1	
4	26	2001	30	7.2	295	0	74	1	
4	27	2001	26.7	4.4	301	0	69.15	3	
4	28	2001	18.9	7.8	265	0	71.9	2	
4	29	2001	26.7	6.1	303	0	60.75	1	
4	30	2001	28.3	6.7	308	0	71.55	1	
5	1	2001	26.7	13.3	321	0	45.25	4	
5	2	2001	23.9	11.7	324	0	30.35	7	
5	3	2001	26.7	8.3	326	0	40.1	4	
5	4	2001	30.6	6.7	308	0	47.55	1	
5	5	2001	30.6	9.4	321	0	51.55	2	
5	6	2001	32.8	10	321	0	49	2	
5	7	2001	36.1	11.7	324	0	48.15	2	
5	8	2001	35.6	12.8	316	0	59.3	1	
5	9	2001	35	14.4	317	0	59.4	1	
5	10	2001	36.1	13.3	321	0	55.4	2	
5	11	2001	34.4	11.7	319	0	60.1	2	
5	12	2001	30	12.8	293	0	61.95	3	
5	13	2001	25.6	11.1	304	0	72.4	2	
5	14	2001	27.8	7.8	263	0	64.8	2	
5	15	2001	26.7	15.6	194	0	69.25	3	
5	16	2001	27.8	11.1	288	0.254	63.65	2	
5	17	2001	32.2	10.6	357	0	60.95	2	
5	18	2001	26.7	12.8	359	0	65	3	
5	19	2001	34.4	17.2	366	0	40.55	4	
5	20	2001	35	25	365	0	32.15	5	
5	21	2001	35.6	19.4	370	0	43.35	4	
5	22	2001	35.6	13.3	356	0	65.4	1	
5	23	2001	33.3	11.7	357	0	61.8	1	
5	24	2001	35.6	12.2	349	0	58.4	2	
5	25	2001	32.8	12.2	306	0	58.8	2	
5	26	2001	28.9	9.4	363	0	66.4	2	
5	27	2001	28.3	7.2	330	0	67.45	2	
5	28	2001	27.2	9.4	355	0	69.2	2	
5	29	2001	32.2	11.7	366	0	58.95	2	
5	30	2001	36.1	22.8	364	0	35.3	4	
5	31	2001	37.8	18.3	366	0	46.1	2	
6	1	2001	32.2	15	311	0.254	57.2	3	
6	2	2001	26.7	9.4	360	0	72.6	2	
6	3	2001	26.7	10	375	0.508	57.65	3	
6	4	2001	28.9	15	364	0	33.45	4	
6	5	2001	28.3	11.7	364	0.254	55.6	2	
6	6	2001	25.6	9.4	360	0	71.75	1	
6	7	2001	35	13.3	361	0	62.05	2	
6	8	2001	33.9	12.2	368	0	50.15	3	
6	9	2001	30.6	10.6	364	0	66.45	2	
6	10	2001	30	8.3	354	0.254	67.6	2	
6	11	2001	29.4	12.2	306	0	66.8	2	
6	12	2001	28.3	12.2	366	0	60.85	2	
6	13	2001	29.4	17.8	373	0	34.95	4	
6	14	2001	33.3	12.8	367	0	51.5	2	
6	15	2001	33.9	12.2	363	0.254	59.15	2	
6	16	2001	35	12.8	367	0	57.9	2	
6	17	2001	34.4	13.3	361	0.254	59.4	1	
6	18	2001	35	18.9	364	0	43.35	2	
6	19	2001	36.1	17.8	361	0	48.55	2	
6	20	2001	37.8	17.2	365	0	51.05	2	
6	21	2001	37.8	16.7	352	0	60.8	1	
6	22	2001	34.4	15	361	0	64	2	
6	23	2001	32.8	10.6	314	0	60.45	2	
6	24	2001	29.4	10.6	327	0	59.05	3	
6	25	2001	23.3	13.9	140	2.792	78.35	2	
6	26	2001	24.4	12.8	255	0	75.3	3	
6	27	2001	21.7	13.9	116	0.254	81.5	2	
6	28	2001	28.3	10.6	355	0	73.55	1	
6	29	2001	32.8	12.2	355	4.061	67.35	1	
6	30	2001	35	15.6	356	0	64.15	2	
7	1	2001	31.1	13.9	362	0	73.1	1	
7	2	2001	39.4	15.6	356	0	60.2	2	
7	3	2001	39.4	20.6	291	0	55.85	1	
7	4	2001	32.8	20.6	158	0	71.8	1	
7	5	2001	33.3	12.8	322	0	59.6	3	
7	6	2001	30.6	13.3	349	0	65.05	3	
7	7	2001	32.8	13.3	332	0	61.4	1	
7	8	2001	37.2	14.4	354	0	57.95	2	
7	9	2001	33.9	13.3	338	0	61.65	2	
7	10	2001	32.2	14.4	333	0	64.55	2	
7	11	2001	31.1	12.2	344	0	65.15	2	
7	12	2001	30.6	10.6	348	0	68.2	2	
7	13	2001	33.9	11.1	354	0	64.5	2	
7	14	2001	31.7	12.2	346	0	69.2	2	
7	15	2001	30	10	341	0	70.4	3	
7	16	2001	26.1	11.1	339	0	72.4	2	
7	17	2001	28.9	8.9	336	0	70.55	2	
7	18	2001	32.2	11.7	340	0	66.45	2	
7	19	2001	28.9	12.2	347	0	71.4	3	
7	20	2001	27.8	10.6	344	0	75.05	2	
7	21	2001	28.9	11.1	330	0	72.3	2	
7	22	2001	32.8	11.1	347	0	63.65	1	
7	23	2001	35.6	13.3	339	0	64.3	2	
7	24	2001	34.4	13.9	337	0	68.85	2	
7	25	2001	33.3	13.9	330	0	72.2	2	
7	26	2001	32.8	13.3	337	0	70.2	2	
7	27	2001	33.3	11.1	343	0	68.1	2	
7	28	2001	33.9	11.7	339	0	69.05	2	
7	29	2001	31.1	13.3	334	0	72.7	2	
7	30	2001	25	15	327	0	80.45	2	
7	31	2001	32.2	11.7	325	0	70.55	1	
8	1	2001	32.2	12.8	330	0	66.4	2	
8	2	2001	33.9	11.7	330	0	64.05	2	
8	3	2001	31.7	12.8	336	0	71.85	3	
8	4	2001	30.6	13.3	331	0	73.6	3	
8	5	2001	32.2	12.2	332	0	67.35	2	
8	6	2001	35	12.2	334	0	65.45	2	
8	7	2001	33.9	15	316	0	66.15	1	
8	8	2001	38.3	17.8	319	0	55.35	1	
8	9	2001	35	15.6	320	0	57.2	2	
8	10	2001	32.8	12.8	327	0	67.85	2	
8	11	2001	35	10.6	324	0	60.85	1	
8	12	2001	33.3	11.1	319	0	61.3	2	
8	13	2001	32.2	10	323	0	65.75	2	
8	14	2001	35	9.4	324	0	58.4	1	
8	15	2001	35	11.1	319	0	58.65	1	
8	16	2001	36.1	12.2	319	0	57.75	1	
8	17	2001	38.3	13.9	314	0	51.2	2	
8	18	2001	33.3	11.7	310	0	64.6	1	
8	19	2001	34.4	13.9	306	0	59.15	2	
8	20	2001	28.3	10.6	299	0	72.5	2	
8	21	2001	28.3	11.1	293	0	73.35	2	
8	22	2001	30.6	11.7	297	0	68.95	2	
8	23	2001	30	12.8	266	0	73	2	
8	24	2001	31.7	13.3	296	0	67.1	1	
8	25	2001	35.6	13.3	293	0	62.45	1	
8	26	2001	36.7	13.9	294	0	57.15	1	
8	27	2001	38.9	15	292	0	61	1	
8	28	2001	38.3	15.6	283	0	54.75	2	
8	29	2001	34.4	14.4	284	0	62.7	2	
8	30	2001	25.6	12.8	282	0	82.1	2	
8	31	2001	31.1	11.7	232	0	73.3	2	
9	1	2001	31.7	12.2	286	0	68.45	1	
9	2	2001	34.4	13.9	289	0	60.6	1	
9	3	2001	35.6	12.2	288	0	59	2	
9	4	2001	33.9	12.2	289	0	52.75	2	
9	5	2001	32.2	11.1	283	0	66.5	2	
9	6	2001	32.2	13.9	286	0	44.55	3	
9	7	2001	32.8	10.6	263	0	51.7	1	
9	8	2001	34.4	9.4	273	0	55.25	1	
9	9	2001	28.9	11.1	265	0	69.7	2	
9	10	2001	28.9	10	266	0	70.45	1	
9	11	2001	27.8	13.3	162	0	68.8	1	
9	12	2001	29.4	10.6	257	0	68.7	2	
9	13	2001	30.6	11.1	255	0	69.85	1	
9	14	2001	33.9	13.9	247	0	61.85	1	
9	15	2001	33.3	11.1	253	0	61.15	2	
9	16	2001	27.2	13.9	250	0	74.05	2	
9	17	2001	32.2	10.6	247	0	68.05	1	
9	18	2001	31.7	12.2	245	0	66.1	1	
9	19	2001	33.3	11.7	245	0	64.5	1	
9	20	2001	31.7	11.7	247	0	66	1	
9	21	2001	33.3	8.9	247	0	62.45	1	
9	22	2001	32.2	11.7	209	0	60.4	1	
9	23	2001	30.6	11.1	202	0	60.05	2	
									
