CAYUAAA5	BRWNSVLY.A	YUBA							
121.3	39.26666667								
MO	DA	YEAR	TMAX	TMIN	SOL	PRCP	RH	WIND	
1	1	1995	11.1	3.3	56	0	85.35	1	
1	2	1995	12.8	5.6	50	0	66.45	2	
1	3	1995	11.7	7.2	16	13.95	73.55	2	
1	4	1995	9.4	6.7	13	22.08	87.85	2	
1	5	1995	13.3	6.1	42	3.046	83.3	3	
1	6	1995	11.7	7.2	72	0	-1	-1	
1	7	1995	11.7	6.1	67	17.25	-1	-1	
1	8	1995	16.7	6.1	79	7.107	-1	-1	
1	9	1995	18.3	10.6	79	1.015	-1	7	
1	10	1995	16.7	10.6	77	0	90.6	5	
1	11	1995	15	10	59	0	72.85	4	
1	12	1995	13.3	9.4	12	0	83.75	3	
1	13	1995	16.1	11.7	77	19.03	87.55	6	
1	14	1995	13.9	9.4	32	17	91.65	4	
1	15	1995	12.2	6.1	82	0	81.5	3	
1	16	1995	7.8	2.2	25	5.076	88.95	1	
1	17	1995	9.4	0.6	77	0	81	1	
1	18	1995	12.8	3.9	106	0	79.45	1	
1	19	1995	11.7	3.9	87	0	77.3	1	
1	20	1995	14.4	3.9	77	1.015	71	2	
1	21	1995	13.9	7.8	78	1.015	72.3	2	
1	22	1995	13.3	8.3	38	19.03	76.65	4	
1	23	1995	14.4	8.9	39	9.899	78.45	2	
1	24	1995	15	9.4	45	8.883	76.25	3	
1	25	1995	13.3	8.3	61	4.061	81	2	
1	26	1995	10.6	7.8	13	22.08	87.55	3	
1	27	1995	11.1	8.3	22	18.02	90.3	2	
1	28	1995	15	10	50	3.046	91.95	1	
1	29	1995	16.7	8.9	90	0	86.35	2	
1	30	1995	16.1	11.7	36	8.122	88.15	2	
1	31	1995	21.1	13.9	107	3.046	82.2	2	
2	1	1995	20	11.7	79	0	86.45	1	
2	2	1995	20	8.9	126	0	77.15	1	
2	3	1995	15.6	8.9	110	0	-1	1	
2	4	1995	16.7	6.1	142	0	87.75	1	
2	5	1995	15.6	3.9	153	0	88.25	1	
2	6	1995	10.6	6.7	39	0	97.6	1	
2	7	1995	11.1	7.2	49	0	91.9	1	
2	8	1995	16.1	7.2	116	0	79.8	2	
2	9	1995	18.3	4.4	162	0	74.3	2	
2	10	1995	16.1	6.7	147	0	83.2	2	
2	11	1995	11.7	8.9	61	0	90.1	2	
2	12	1995	13.3	9.4	73	0	77.2	4	
2	13	1995	10.6	3.9	23	7.107	84.3	3	
2	14	1995	11.7	1.1	179	0	71.45	2	
2	15	1995	13.9	2.8	179	0	65.6	2	
2	16	1995	13.9	5	115	0	76.25	2	
2	17	1995	17.2	5.6	139	0	65.6	2	
2	18	1995	20.6	8.3	178	0	68.6	2	
2	19	1995	20.6	7.2	185	0	75.8	2	
2	20	1995	22.2	8.3	185	0.761	65.85	1	
2	21	1995	22.8	10	187	0	64	2	
2	22	1995	18.9	8.9	177	0	80.75	1	
2	23	1995	18.9	8.3	165	0.254	87	-1	
2	24	1995	17.2	6.7	166	0	86.15	1	
2	25	1995	16.7	9.4	160	0	84.9	1	
2	26	1995	16.7	8.3	139	0	85.3	1	
2	27	1995	14.4	10.6	101	0	87.1	1	
2	28	1995	16.1	11.1	100	0	81.85	1	
3	1	1995	16.7	10.6	82	3.046	81.1	1	
3	2	1995	13.3	11.1	22	35.02	90.2	3	
3	3	1995	13.9	6.7	128	9.899	75.45	3	
3	4	1995	15	5.6	168	3.046	79.25	2	
3	5	1995	12.8	5.6	58	6.091	91.5	1	
3	6	1995	16.7	2.8	216	0	67.15	2	
3	7	1995	16.1	6.1	166	0	69.9	2	
3	8	1995	16.7	11.1	36	14.97	72.1	4	
3	9	1995	16.7	12.2	25	55.07	82.75	6	
3	10	1995	16.1	11.1	20	30.96	85.3	6	
3	11	1995	13.3	9.4	46	19.03	89.45	3	
3	12	1995	15.6	9.4	145	2.031	78.35	3	
3	13	1995	15.6	9.4	23	36.04	86.3	3	
3	14	1995	18.9	10.6	64	18.02	78.1	3	
3	15	1995	17.2	6.1	236	0	76.95	2	
3	16	1995	20.6	9.4	235	0	69.15	1	
3	17	1995	20.6	9.4	200	0	64.65	2	
3	18	1995	16.1	10.6	53	20.05	86.15	3	
3	19	1995	16.1	8.3	122	1.015	76.15	2	
3	20	1995	12.8	8.3	39	21.06	85.3	4	
3	21	1995	11.7	5.6	135	6.091	82.1	4	
3	22	1995	8.9	5	23	9.899	86.35	6	
3	23	1995	7.2	3.3	63	0	87.1	4	
3	24	1995	12.8	1.7	223	1.015	77.2	2	
3	25	1995	15	0.6	260	0	58.2	3	
3	26	1995	16.1	4.4	260	0	41.3	2	
3	27	1995	21.1	6.7	265	0	33.25	2	
3	28	1995	21.1	6.1	264	0	38.2	2	
3	29	1995	19.4	5.6	266	0	41.75	3	
3	30	1995	21.1	8.3	254	0	48.25	2	
3	31	1995	20.6	9.4	225	0	49.1	2	
4	1	1995	18.9	10.6	225	0	61.45	2	
4	2	1995	22.2	11.1	280	0	41.5	3	
4	3	1995	23.3	8.3	278	0	55.5	2	
4	4	1995	23.9	11.7	275	0	55.3	2	
4	5	1995	22.2	10.6	211	0	62.05	2	
4	6	1995	17.8	11.7	115	8.883	82.7	3	
4	7	1995	15	9.4	68	17	86.95	3	
4	8	1995	12.8	3.3	147	1.015	79.25	3	
4	9	1995	17.2	1.1	290	0	62.1	2	
4	10	1995	20.6	4.4	269	0	54.5	2	
4	11	1995	21.1	9.4	261	0	66.3	2	
4	12	1995	20	9.4	116	9.899	75.95	3	
4	13	1995	16.7	5	196	9.899	73.35	3	
4	14	1995	16.7	2.8	301	0	62.55	2	
4	15	1995	11.7	3.9	149	2.031	76.1	2	
4	16	1995	17.8	2.8	201	0	71.2	2	
4	17	1995	13.9	6.7	102	0	77.15	3	
4	18	1995	16.7	4.4	222	2.031	67.65	2	
4	19	1995	17.2	2.2	283	1.015	61	2	
4	20	1995	16.1	6.1	285	8.122	64	3	
4	21	1995	20	5	311	0	47.75	3	
4	22	1995	23.3	8.3	309	0	52.7	2	
4	23	1995	27.2	9.4	313	0	45.6	2	
4	24	1995	26.1	13.9	308	0	47.8	3	
4	25	1995	23.9	9.4	313	0	59.85	2	
4	26	1995	21.1	9.4	258	0	62.1	2	
4	27	1995	18.9	9.4	152	4.061	77.55	3	
4	28	1995	15	12.2	61	6.091	88.3	3	
4	29	1995	19.4	14.4	98	0	84.85	4	
4	30	1995	21.1	13.3	171	17	82.2	2	
5	1	1995	20	12.8	129	19.03	78.1	3	
5	2	1995	21.1	9.4	284	0	74.8	2	
5	3	1995	20.6	9.4	256	0	70.45	2	
5	4	1995	20.6	8.9	262	9.391	78.2	2	
5	5	1995	15.6	8.3	158	0	83.45	2	
5	6	1995	18.9	6.7	239	0	75.8	1	
5	7	1995	21.1	10.6	291	0	72.6	2	
5	8	1995	20	9.4	309	0	71.05	2	
5	9	1995	16.1	9.4	147	2.031	77.7	1	
5	10	1995	21.1	8.3	292	0	72.95	2	
5	11	1995	20.6	8.3	226	0	70.05	3	
5	12	1995	15	5	139	13.95	73.05	2	
5	13	1995	16.1	8.9	170	21.06	82.35	2	
5	14	1995	17.8	10	154	0	75.45	2	
5	15	1995	18.9	10.6	186	6.091	79.65	2	
5	16	1995	22.8	8.9	337	0	68.7	2	
5	17	1995	25	11.7	328	0	67.4	2	
5	18	1995	26.7	12.8	335	0	68.1	2	
5	19	1995	27.8	15.6	341	0	54.45	2	
5	20	1995	27.8	12.8	331	0	66.7	2	
5	21	1995	20	9.4	263	0	78.7	2	
5	22	1995	21.7	10	160	0	80.2	1	
5	23	1995	27.2	10	334	0	66.2	2	
5	24	1995	23.9	12.2	248	0	70.05	2	
5	25	1995	26.7	10.6	335	0	70.55	2	
5	26	1995	25.6	11.1	308	0	76.85	1	
5	27	1995	27.2	12.2	331	0	68.45	2	
5	28	1995	31.1	13.3	342	0	52.4	2	
5	29	1995	31.1	18.3	345	0	43	2	
5	30	1995	31.7	19.4	306	0	44.8	2	
5	31	1995	32.2	19.4	344	0	37.3	2	
6	1	1995	32.8	13.9	327	0	50	2	
6	2	1995	20	10.6	254	0	77	2	
6	3	1995	27.2	10.6	331	0	72.65	1	
6	4	1995	26.1	12.2	338	0	66.4	3	
6	5	1995	21.7	8.3	312	0	57.5	3	
6	6	1995	21.7	5.6	346	0	56.05	3	
6	7	1995	24.4	12.2	330	0	34.95	2	
6	8	1995	26.1	11.1	344	0	38.1	3	
6	9	1995	26.1	9.4	341	0	54.7	2	
6	10	1995	27.8	13.9	351	0	45.95	3	
6	11	1995	27.8	12.8	352	0	42.6	2	
6	12	1995	29.4	9.4	359	0	50.75	2	
6	13	1995	29.4	15.6	319	0	35.75	3	
6	14	1995	20	12.8	59	15.99	66.55	2	
6	15	1995	15.6	10.6	63	11.92	86.4	3	
6	16	1995	18.9	9.4	328	5.076	72.15	2	
6	17	1995	22.2	13.3	226	1.015	70.75	2	
6	18	1995	21.1	13.3	153	0	67.35	3	
6	19	1995	23.3	7.8	359	0	62.2	2	
6	20	1995	26.1	8.9	356	0	58.25	3	
6	21	1995	28.9	12.2	351	0	49.7	2	
6	22	1995	32.8	16.7	350	0	48.2	2	
6	23	1995	36.7	19.4	355	0	43.65	2	
6	24	1995	39.4	21.1	347	0	42.85	2	
6	25	1995	38.3	24.4	343	0	40.45	2	
6	26	1995	38.3	23.9	340	0	44.45	2	
6	27	1995	33.3	18.3	344	0	58.05	2	
6	28	1995	35	17.8	348	1.015	51.45	2	
6	29	1995	32.8	16.7	329	0	63.95	2	
6	30	1995	30.6	13.9	321	0	63.7	1	
7	1	1995	30.6	14.4	338	0	63.75	2	
7	2	1995	32.2	13.9	340	0	63.4	2	
7	3	1995	30	13.9	343	0	64.7	2	
7	4	1995	34.4	16.1	345	0	60.9	1	
7	5	1995	34.4	19.4	340	0	50.25	2	
7	6	1995	31.1	17.8	342	0	48.6	3	
7	7	1995	32.2	19.4	330	0	47.15	2	
7	8	1995	33.3	20.6	269	0	48.8	2	
7	9	1995	28.9	17.2	326	0	52.6	2	
7	10	1995	27.2	13.3	355	0	55.45	2	
7	11	1995	26.1	11.7	317	0	50.45	3	
7	12	1995	24.4	13.9	289	0	58.2	3	
7	13	1995	31.1	12.8	346	0	50.65	2	
7	14	1995	35	17.2	349	0	39.75	2	
7	15	1995	37.8	22.2	346	0	34.7	2	
7	16	1995	39.4	23.9	344	0	31.4	3	
7	17	1995	30.6	20.6	223	0	44.4	2	
7	18	1995	33.3	17.8	333	0	52.45	2	
7	19	1995	33.3	18.3	326	0	51.95	2	
7	20	1995	31.1	16.1	331	0	66.15	2	
7	21	1995	30.6	14.4	340	0	62.3	2	
7	22	1995	29.4	13.9	341	0	61.8	2	
7	23	1995	31.1	13.3	344	0	59.75	1	
7	24	1995	31.7	13.9	343	0	57.25	2	
7	25	1995	31.1	12.8	342	0	59.15	2	
7	26	1995	34.4	16.7	346	0	36.15	2	
7	27	1995	37.8	22.2	331	0	32.05	2	
7	28	1995	37.8	21.7	297	0	34.15	2	
7	29	1995	32.8	13.9	338	0	45.9	2	
7	30	1995	35.6	18.3	336	0	34.5	2	
7	31	1995	37.8	21.1	333	0	32.45	2	
8	1	1995	38.9	24.4	327	0	30.7	2	
8	2	1995	39.4	21.7	321	0	30.6	2	
8	3	1995	38.9	21.1	326	0	25.55	2	
8	4	1995	36.1	18.9	320	0	43.8	2	
8	5	1995	34.4	17.8	316	0	53.9	2	
8	6	1995	33.9	16.7	323	0	51.95	2	
8	7	1995	32.2	17.2	321	0	44.75	2	
8	8	1995	34.4	13.3	327	0	42.45	2	
8	9	1995	36.1	21.1	315	0	33.8	2	
8	10	1995	30	16.7	319	0	37.7	3	
8	11	1995	30.6	10.6	320	0	50.65	2	
8	12	1995	34.4	16.7	319	0	35.05	2	
8	13	1995	36.1	18.9	301	0	24.7	2	
8	14	1995	36.7	19.4	312	0	29.6	2	
8	15	1995	35.6	22.2	304	0	29.3	3	
8	16	1995	30	16.7	299	1.523	38.75	4	
8	17	1995	26.7	12.2	320	1.015	50.15	2	
8	18	1995	32.8	13.3	320	0	37	2	
8	19	1995	36.7	17.2	313	0	32	2	
8	20	1995	37.8	21.7	303	0	29.1	2	
8	21	1995	36.7	20	293	0	37.85	2	
8	22	1995	36.7	20	228	0	42.5	2	
8	23	1995	36.7	25	296	0	37.2	3	
8	24	1995	33.3	18.3	296	0	35.9	2	
8	25	1995	31.7	14.4	303	0	40.85	2	
8	26	1995	31.1	11.7	306	0	45.7	2	
8	27	1995	31.1	15.6	303	0	38.55	2	
8	28	1995	30	13.9	303	0	37.6	2	
8	29	1995	30.6	12.8	298	0	40.45	2	
8	30	1995	32.2	16.7	297	0	33.95	2	
8	31	1995	33.9	15.6	292	0	37	2	
9	1	1995	32.8	15.6	286	0	45	2	
9	2	1995	32.2	13.9	280	0	48	2	
9	3	1995	30	13.3	290	0	47.7	2	
9	4	1995	30	12.8	288	0	40.55	2	
9	5	1995	33.3	15	286	0	29.4	2	
9	6	1995	35	18.9	280	0	27.05	2	
9	7	1995	33.3	20.6	272	0	27.2	3	
9	8	1995	33.9	19.4	263	0	33.05	2	
9	9	1995	30.6	15	260	0	46.9	2	
9	10	1995	29.4	12.2	258	0	58.3	2	
9	11	1995	31.1	16.1	253	0	51.35	2	
9	12	1995	33.3	17.2	253	0	50.35	2	
9	13	1995	33.3	15	248	0	53	2	
9	14	1995	34.4	15	246	0	54.3	1	
9	15	1995	31.7	15	242	0	57.45	2	
9	16	1995	29.4	13.3	248	0	55.9	2	
9	17	1995	31.1	11.1	243	0	53.25	2	
9	18	1995	35	17.8	237	0	40.05	2	
9	19	1995	35.6	18.9	233	0	36.15	2	
9	20	1995	35.6	21.1	230	0	35.8	2	
9	21	1995	33.3	17.2	221	0	44.85	1	
9	22	1995	30.6	16.1	213	0	49.15	2	
9	23	1995	28.9	11.7	237	0	60.25	2	
9	24	1995	28.9	15.6	169	0	47	2	
9	25	1995	25.6	13.9	215	0	58	2	
9	26	1995	27.2	13.9	217	0	51.45	2	
9	27	1995	27.2	12.8	220	0	53.1	2	
9	28	1995	23.3	11.1	208	0	60.85	2	
9	29	1995	26.1	11.1	219	0	51.1	3	
9	30	1995	27.2	12.8	209	0	39.35	2	
10	1	1995	28.9	12.8	216	0	38.7	2	
10	2	1995	31.7	13.9	213	0	27.5	2	
10	3	1995	31.1	16.7	207	0	33	2	
10	4	1995	29.4	15	218	0	15.7	4	
10	5	1995	28.9	13.9	197	0	22	2	
10	6	1995	27.8	15.6	199	0	25.95	2	
10	7	1995	27.2	10	201	0	35.8	2	
10	8	1995	27.8	13.3	191	0	32.3	2	
10	9	1995	27.8	12.2	196	0	36.1	2	
10	10	1995	29.4	15.6	194	0	33.4	2	
10	11	1995	26.7	12.2	176	0	43.6	3	
10	12	1995	25	6.7	193	0	46.35	2	
10	13	1995	28.9	10	191	0	31.35	2	
10	14	1995	31.7	17.8	190	0	25.15	2	
10	15	1995	25	12.2	180	0	56.25	2	
10	16	1995	22.2	8.3	178	0	70.1	2	
10	17	1995	26.7	9.4	177	0	56.45	2	
10	18	1995	30	15	176	0	47.8	2	
10	19	1995	30	15	177	0	37.4	2	
10	20	1995	30	15.6	169	0	38.25	2	
10	21	1995	24.4	11.7	171	0	37.7	2	
10	22	1995	27.2	11.1	176	0	15.35	3	
10	23	1995	23.3	12.8	166	0	27.5	2	
10	24	1995	23.9	11.7	168	0	30.35	2	
10	25	1995	23.3	10	161	0	33.45	2	
10	26	1995	28.3	6.1	154	0	-1	2	
10	27	1995	22.8	11.7	120	0	57.15	2	
10	28	1995	25.6	12.8	127	0	56.7	1	
10	29	1995	26.1	12.8	150	0	54.2	1	
10	30	1995	24.4	11.1	140	0	61.55	1	
10	31	1995	18.9	10.6	102	0	73.95	2	
11	1	1995	20.6	12.2	134	0	68.45	2	
11	2	1995	18.3	11.1	73	0	72.75	1	
11	3	1995	23.9	8.3	146	0	52.6	2	
11	4	1995	22.2	11.1	131	0	35.75	2	
11	5	1995	21.1	11.1	119	0	46.55	2	
11	6	1995	20.6	6.1	136	0	56.65	1	
11	7	1995	23.9	11.1	139	0	46.3	2	
11	8	1995	25	13.9	133	0	44.8	2	
11	9	1995	20.6	11.7	98	0	72	2	
11	10	1995	22.2	8.3	131	0	63.05	2	
11	11	1995	22.8	12.2	122	0	47.6	2	
11	12	1995	25	12.2	126	0	47.05	2	
11	13	1995	25	11.1	128	0	52.6	1	
11	14	1995	25	12.8	125	0	52.55	2	
11	15	1995	22.8	12.2	123	0	63.65	2	
11	16	1995	23.3	12.8	115	0	61.1	1	
11	17	1995	23.3	12.8	120	0	58.65	2	
11	18	1995	21.1	12.8	93	0	71.3	2	
11	19	1995	20.6	10	103	0	73.65	1	
11	20	1995	23.9	11.1	110	0	57.15	1	
11	21	1995	18.3	8.9	47	0	78.3	2	
11	22	1995	19.4	7.8	103	0	65.8	1	
11	23	1995	21.7	8.9	118	0	55.9	2	
11	24	1995	20	10	86	0	57.95	1	
11	25	1995	22.2	11.1	55	2.031	57.1	2	
11	26	1995	16.1	5.6	95	0	62.8	2	
11	27	1995	19.4	3.3	115	0	44.65	2	
11	28	1995	18.3	6.7	85	0	58.85	2	
11	29	1995	20.6	7.8	112	0	60.8	2	
11	30	1995	21.7	10	105	0	54.4	2	
12	1	1995	18.3	12.2	36	3.046	77.45	3	
12	2	1995	15.6	7.8	77	0	86.35	1	
12	3	1995	13.3	8.3	34	3.046	78.65	2	
12	4	1995	14.4	11.7	9	3.046	93.65	2	
12	5	1995	18.9	12.8	57	1.015	87.85	2	
12	6	1995	13.9	10	41	3.046	96.9	1	
12	7	1995	14.4	8.9	41	1.015	92.85	1	
12	8	1995	16.1	7.8	93	0	85.55	1	
12	9	1995	15.6	7.8	83	0	88.6	1	
12	10	1995	16.7	7.2	37	2.031	83.2	2	
12	11	1995	15	11.7	12	64.97	91.1	5	
12	12	1995	16.1	12.2	22	4.061	82.75	7	
12	13	1995	14.4	8.3	48	9.137	88.45	3	
12	14	1995	15.6	4.4	91	8.883	75.3	3	
12	15	1995	12.8	5	49	8.883	77.05	4	
12	16	1995	15	2.8	88	21.57	70.7	2	
12	17	1995	11.7	1.7	83	0	72.85	2	
12	18	1995	11.7	5.6	53	0	84.45	1	
12	19	1995	13.9	3.9	104	0	69.6	2	
12	20	1995	10.6	2.2	88	0	81.8	2	
12	21	1995	10.6	2.8	93	0	84.2	2	
12	22	1995	8.3	3.9	16	0	83.3	2	
12	23	1995	12.2	3.3	100	3.553	78.55	2	
12	24	1995	12.8	4.4	91	0	63.2	2	
12	25	1995	15	4.4	105	0	60.2	2	
12	26	1995	15.6	4.4	96	0	59.35	2	
12	27	1995	16.1	5.6	69	0	73.7	2	
12	28	1995	12.2	4.4	39	0	86.8	1	
12	29	1995	12.2	8.3	14	1.015	91.85	3	
12	30	1995	14.4	11.7	15	1.015	98.05	1	
12	31	1995	16.1	8.9	90	0	73.15	-1	
1	1	1996	20.6	7.8	100	0	43.15	3	
1	2	1996	18.3	7.2	103	0	66.8	1	
1	3	1996	15.6	6.7	49	0	80.7	2	
1	4	1996	13.3	6.1	79	0	85.8	1	
1	5	1996	15.6	7.2	84	0	83.45	1	
1	6	1996	16.1	5	105	0	82.8	1	
1	7	1996	15.6	5.6	87	0	84.6	1	
1	8	1996	16.1	5.6	79	0	85.4	1	
1	9	1996	13.3	6.7	22	0	96	2	
1	10	1996	18.9	5	114	0	72.55	2	
1	11	1996	16.7	3.9	110	0	85.4	1	
1	12	1996	10	1.7	64	0	98.05	1	
1	13	1996	10	1.7	74	0	94.9	1	
1	14	1996	6.1	1.1	34	0	100	1	
1	15	1996	14.4	5.6	19	0	90.85	2	
1	16	1996	15	5	23	1.015	88.3	4	
1	17	1996	11.1	3.3	85	0	-1	1	
1	18	1996	11.1	7.8	13	8.883	86.8	4	
1	19	1996	13.9	5	117	0	76	2	
1	20	1996	11.7	5.6	36	23.85	81.15	4	
1	21	1996	11.7	6.1	81	0	78.3	2	
1	22	1996	10	2.2	94	4.061	74.85	1	
1	23	1996	8.3	3.9	11	10.91	78.65	4	
1	24	1996	11.1	7.2	15	19.03	91.15	5	
1	25	1996	11.7	0.6	135	0	71.85	2	
1	26	1996	10	3.3	58	2.031	74.05	2	
1	27	1996	12.2	7.2	45	23.85	89.7	5	
1	28	1996	12.8	3.9	98	0	78.4	2	
1	29	1996	11.1	5	38	0	81.9	1	
1	30	1996	12.2	6.7	51	2.031	88.75	1	
1	31	1996	15	8.3	51	6.091	95.05	1	
2	1	1996	16.1	7.2	137	0	78.95	2	
2	2	1996	15	7.2	71	0	86.1	1	
2	3	1996	15.6	8.3	42	6.091	80.35	2	
2	4	1996	16.7	12.8	17	62.94	93.95	5	
2	5	1996	19.4	12.8	116	9.899	81.6	3	
2	6	1996	20.6	11.7	124	0	68.9	2	
2	7	1996	20	10	130	0	76.35	1	
2	8	1996	17.8	8.9	110	0	82.6	1	
2	9	1996	19.4	10	116	0	78.15	1	
2	10	1996	20	11.1	144	0	82.4	1	
2	11	1996	22.8	10	154	0	63.55	2	
2	12	1996	23.9	7.8	157	0	59.65	2	
2	13	1996	21.7	9.4	145	0	81.4	1	
2	14	1996	21.1	8.9	158	0	75.25	1	
2	15	1996	21.7	8.3	128	2.031	73.5	1	
2	16	1996	20	12.8	88	0	85.25	2	
2	17	1996	18.3	13.3	61	12.94	85.55	3	
2	18	1996	17.8	11.1	84	12.94	81.65	4	
2	19	1996	15	11.7	30	19.03	89.7	4	
2	20	1996	15	10.6	69	19.03	87.05	5	
2	21	1996	12.8	5	80	26.9	78.8	4	
2	22	1996	12.2	4.4	152	0	69.75	3	
2	23	1996	12.2	3.3	157	3.046	69.2	4	
2	24	1996	10	1.7	143	2.031	72.8	3	
2	25	1996	9.4	1.1	108	9.899	79.65	1	
2	26	1996	10	-0.6	188	5.076	68.8	2	
2	27	1996	5.6	2.8	47	1.015	73.1	3	
2	28	1996	10.6	5	48	4.061	77.3	4	
2	29	1996	13.9	7.2	67	0	73.4	3	
3	1	1996	18.3	5.6	194	0	66.85	2	
3	2	1996	18.9	6.1	197	0	60.4	2	
3	3	1996	15.6	8.3	49	3.046	79.5	2	
3	4	1996	12.8	7.8	28	29.94	92.15	4	
3	5	1996	12.2	3.9	87	6.091	80.1	3	
3	6	1996	15	2.2	190	0	66.95	2	
3	7	1996	18.9	8.9	173	0	69.1	2	
3	8	1996	22.8	7.8	199	0	60.25	1	
3	9	1996	23.3	11.1	178	0	60.15	2	
3	10	1996	16.7	10	63	6.091	78.65	2	
3	11	1996	16.1	10.6	87	17	82.55	3	
3	12	1996	12.8	7.2	65	15.99	89.2	2	
3	13	1996	20.6	6.1	225	0	55.75	3	
3	14	1996	22.2	6.1	222	0	60.25	2	
3	15	1996	21.1	10	219	0	70.25	2	
3	16	1996	25.6	8.3	227	0	52.15	2	
3	17	1996	26.1	10	227	0	49.35	2	
3	18	1996	26.1	10.6	226	0	68.05	1	
3	19	1996	24.4	12.8	221	0	73.4	1	
3	20	1996	23.9	8.9	232	0	68.05	2	
3	21	1996	22.8	11.1	234	0	63.75	2	
3	22	1996	16.1	3.9	129	0	59.3	2	
3	23	1996	15.6	1.7	242	0	64.35	2	
3	24	1996	17.8	6.1	217	0	59.55	3	
3	25	1996	19.4	6.7	184	0	51.9	2	
3	26	1996	18.3	4.4	244	0	44.9	2	
3	27	1996	16.7	8.3	85	2.031	71.8	3	
3	28	1996	15	5.6	247	1.015	66.15	3	
3	29	1996	17.2	5	237	0	43.2	2	
3	30	1996	18.9	6.7	243	0	53.2	2	
3	31	1996	21.7	8.3	201	0	58.55	2	
4	1	1996	15	7.2	20	68.02	82.95	3	
4	2	1996	17.2	8.9	201	0	76.35	2	
4	3	1996	19.4	6.1	248	0	71.1	2	
4	4	1996	23.3	7.2	256	0	-1	3	
4	5	1996	24.4	10.6	267	0	-1	2	
4	6	1996	25.6	13.3	261	0	-1	2	
4	7	1996	27.2	13.9	262	0	-1	2	
4	8	1996	24.4	11.7	258	0	-1	3	
4	9	1996	19.4	8.9	154	0	-1	2	
4	10	1996	18.9	6.7	246	0	54.15	2	
4	11	1996	19.4	8.3	265	0	-1	2	
4	12	1996	17.8	8.9	270	0	-1	2	
4	13	1996	20	5	264	0	-1	2	
4	14	1996	22.2	8.3	251	0	-1	2	
4	15	1996	18.3	11.1	259	8.883	-1	2	
4	16	1996	16.1	7.2	83	18.02	-1	-1	
4	17	1996	15	6.1	95	32.99	-1	3	
4	18	1996	16.1	5	252	19.79	-1	-1	
4	19	1996	12.2	6.7	84	7.868	75.2	3	
4	20	1996	15	3.9	193	0	71.05	2	
4	21	1996	17.8	6.1	239	0	62.25	2	
4	22	1996	20	8.9	205	0	70.75	2	
4	23	1996	21.7	11.7	187	0	55.9	2	
4	24	1996	22.2	13.3	176	1.015	65	3	
4	25	1996	26.1	10.6	297	0	57.7	2	
4	26	1996	26.7	12.2	300	0	47.9	2	
4	27	1996	23.3	8.9	301	0	36.6	3	
4	28	1996	26.7	8.3	296	0	28.65	3	
4	29	1996	31.1	13.3	308	0	41.9	2	
4	30	1996	31.7	15.6	309	0	38.7	2	
5	1	1996	30.6	14.4	306	0	38.45	2	
5	2	1996	27.2	11.7	235	0	41.4	1	
5	3	1996	23.9	9.4	300	0	42.75	2	
5	4	1996	23.3	7.2	292	0	44.4	2	
5	5	1996	23.9	8.3	277	0	34.85	2	
5	6	1996	23.9	10	272	0	42.25	2	
5	7	1996	23.3	8.3	303	0	50.9	2	
5	8	1996	22.8	7.2	304	0	49.05	2	
5	9	1996	25.6	6.7	311	0	48.3	2	
5	10	1996	27.2	12.2	312	0	39.25	2	
5	11	1996	32.2	13.9	308	0	38.65	1	
5	12	1996	37.2	16.7	314	0	43.75	2	
5	13	1996	30.6	17.8	268	0	45.15	2	
5	14	1996	22.8	15.6	127	2.031	70.4	3	
5	15	1996	19.4	13.9	91	53.04	80.8	2	
5	16	1996	16.7	14.4	51	30.96	92.5	-1	
5	17	1996	16.7	13.9	38	10.91	88.8	-1	
5	18	1996	18.3	12.2	127	2.031	76.7	3	
5	19	1996	20.6	8.9	307	0	63.15	2	
5	20	1996	22.8	8.9	294	0	52	2	
5	21	1996	16.1	8.9	52	27.91	68.4	3	
5	22	1996	21.1	10	278	1.015	64.35	2	
5	23	1996	22.8	6.1	330	0	53.3	3	
5	24	1996	25	9.4	324	0	38.15	3	
5	25	1996	27.2	15.6	322	0	47.3	3	
5	26	1996	24.4	12.2	305	0	62.85	3	
5	27	1996	24.4	11.1	262	0	67.25	2	
5	28	1996	24.4	12.2	299	0	67.75	2	
5	29	1996	23.3	8.9	306	0	74.95	2	
5	30	1996	25.6	10.6	311	0	65.7	2	
5	31	1996	27.2	10.6	315	0	59.85	2	
6	1	1996	31.7	14.4	322	0	53.45	1	
6	2	1996	35	18.9	325	0	47	2	
6	3	1996	37.2	21.1	324	0	40.85	2	
6	4	1996	34.4	20	324	0	47.2	2	
6	5	1996	35	18.9	321	0	46.9	1	
6	6	1996	35	19.4	323	0	48.9	2	
6	7	1996	35	20.6	318	0	52.65	2	
6	8	1996	35.6	16.1	327	0	56.15	1	
6	9	1996	33.3	18.9	328	0	42.7	2	
6	10	1996	31.7	14.4	326	0	52.2	1	
6	11	1996	32.2	13.3	325	0	54.55	1	
6	12	1996	31.7	16.1	319	0	58.2	2	
6	13	1996	28.9	12.8	328	0	62.05	1	
6	14	1996	31.1	12.2	331	0	54.55	1	
6	15	1996	30	14.4	326	0	56.15	1	
6	16	1996	27.2	12.2	329	0	57.45	2	
6	17	1996	27.2	8.9	321	0	63.7	2	
6	18	1996	28.9	13.3	325	0	48.3	2	
6	19	1996	31.1	15	315	0	37.8	2	
6	20	1996	27.2	13.3	317	0	50.15	2	
6	21	1996	27.2	12.2	322	0	59.35	2	
6	22	1996	31.1	11.7	323	0	56.45	2	
6	23	1996	30	16.1	290	0	42.8	2	
6	24	1996	23.3	13.9	271	0	50.6	3	
6	25	1996	23.3	10	262	0	61.1	2	
6	26	1996	21.7	13.9	175	2.031	73.55	3	
6	27	1996	22.8	11.1	283	0	65.55	2	
6	28	1996	27.2	12.2	325	0	56.6	2	
6	29	1996	33.3	16.1	327	0	48.55	2	
6	30	1996	37.2	20	328	0	42.2	2	
7	1	1996	37.8	23.3	328	0	32.2	2	
7	2	1996	36.7	23.3	324	0	28.55	3	
7	3	1996	33.9	16.1	327	0	40.45	2	
7	4	1996	31.1	16.7	336	0	44.6	2	
7	5	1996	33.9	15	335	0	36.7	1	
7	6	1996	36.1	20.6	332	0	33.5	2	
7	7	1996	36.1	18.9	323	0	44.4	2	
7	8	1996	34.4	16.7	308	0	52.9	2	
7	9	1996	36.1	18.3	318	0	46.5	2	
7	10	1996	36.7	20	318	0	39.55	2	
7	11	1996	35	20	311	0	40.1	2	
7	12	1996	35.6	17.8	311	0	39.35	2	
7	13	1996	37.2	20	306	0	49.7	2	
7	14	1996	36.1	19.4	306	0	53	1	
7	15	1996	32.2	15	314	0	58.55	2	
7	16	1996	30	12.8	310	0	61.45	2	
7	17	1996	28.9	13.9	287	0	59.85	3	
7	18	1996	29.4	12.8	306	0	57.05	2	
7	19	1996	31.7	14.4	310	0	35.25	2	
7	20	1996	36.7	16.7	311	0	34.65	2	
7	21	1996	37.8	21.1	305	0	31.6	2	
7	22	1996	37.2	21.7	279	0	35.15	2	
7	23	1996	34.4	18.3	277	0	47.75	2	
7	24	1996	36.7	17.8	313	0	49.9	1	
7	25	1996	38.9	18.9	316	0	47.45	1	
7	26	1996	35.6	19.4	310	0	47.65	2	
7	27	1996	33.3	20	268	0	47	2	
7	28	1996	36.7	22.8	271	0	40.2	2	
7	29	1996	38.3	24.4	306	0	36.9	2	
7	30	1996	38.9	25.6	305	0	33.5	2	
7	31	1996	38.3	25	312	0	29.45	2	
8	1	1996	36.1	21.7	317	0	32.4	2	
8	2	1996	35	17.2	316	0	31.5	2	
8	3	1996	30	16.1	300	0	44.45	2	
8	4	1996	33.3	16.7	307	0	41.6	2	
8	5	1996	30.6	14.4	303	0	43.95	3	
8	6	1996	30.6	10.6	303	0	59.85	1	
8	7	1996	33.9	17.2	299	0	47.3	2	
8	8	1996	37.8	18.3	298	0	43.7	1	
8	9	1996	40	21.1	300	0	27.7	2	
8	10	1996	40.6	25	290	0	21.75	2	
8	11	1996	40	27.2	272	0	27.25	3	
8	12	1996	40	26.1	314	0	31.7	2	
8	13	1996	40	25	263	0	32.15	2	
8	14	1996	39.4	25.6	283	0	30.1	2	
8	15	1996	36.1	23.9	291	0	26.05	2	
8	16	1996	36.7	19.4	296	0	29.95	2	
8	17	1996	32.8	17.8	286	0	37.45	2	
8	18	1996	29.4	15	220	0	50.35	1	
8	19	1996	28.3	12.8	266	0	47.7	2	
8	20	1996	29.4	9.4	282	0	55.55	1	
8	21	1996	32.8	15	284	0	36.2	2	
8	22	1996	35	17.2	268	0	40.6	1	
8	23	1996	36.7	18.9	265	0	38.25	2	
8	24	1996	35.6	19.4	237	0	44.05	1	
8	25	1996	31.7	12.2	266	0	56.15	1	
8	26	1996	27.8	11.7	275	0	55.25	2	
8	27	1996	28.3	10	271	0	63.85	1	
8	28	1996	33.9	14.4	274	0	40.3	1	
8	29	1996	36.1	19.4	261	0	39.05	2	
8	30	1996	38.3	21.1	269	0	31.15	2	
8	31	1996	34.4	18.9	273	0	35.45	2	
9	1	1996	32.8	16.1	269	0	38.1	1	
9	2	1996	31.7	15	266	0	39.6	1	
9	3	1996	30	13.3	266	0	39.95	2	
9	4	1996	26.7	11.1	234	0	49.35	2	
9	5	1996	27.2	9.4	262	0	52.35	2	
9	6	1996	30	13.3	257	0	32.75	2	
9	7	1996	31.1	15	259	0	27.45	2	
9	8	1996	32.8	15	257	0	25.8	2	
9	9	1996	33.3	19.4	256	0	24.8	2	
9	10	1996	33.9	19.4	248	0	27.3	2	
9	11	1996	27.2	12.2	244	0	56.15	2	
9	12	1996	23.9	9.4	233	0	61.05	2	
9	13	1996	20.6	14.4	92	0	72.55	2	
9	14	1996	25	11.1	233	0	63.35	2	
9	15	1996	24.4	12.2	145	1.015	62.25	3	
9	16	1996	23.9	9.4	234	0	59.1	2	
9	17	1996	25.6	11.1	202	0	38.95	2	
9	18	1996	26.7	13.3	236	0	31.6	2	
9	19	1996	29.4	15.6	230	0	32.45	2	
9	20	1996	31.1	15.6	228	0	38.6	2	
9	21	1996	31.1	17.2	222	0	37.75	3	
9	22	1996	28.3	12.2	223	0	57.15	1	
9	23	1996	29.4	13.9	222	0	45.35	2	
9	24	1996	28.3	12.8	217	0	56.1	1	
9	25	1996	29.4	14.4	203	0	47.15	1	
9	26	1996	30	12.8	215	0	46.15	2	
9	27	1996	30.6	13.9	213	0	35.05	2	
9	28	1996	31.1	15.6	209	0	40.3	2	
9	29	1996	31.7	15.6	202	0	43.45	2	
9	30	1996	28.9	12.8	199	0	54.4	2	
10	1	1996	24.4	9.4	195	0	65	1	
10	2	1996	27.2	11.7	194	0	62.75	1	
10	3	1996	28.9	13.3	196	0	62.1	1	
10	4	1996	31.1	12.2	213	0	-1	-1	
10	5	1996	31.1	15.6	200	0	42.9	1	
10	6	1996	32.8	17.2	201	0	35.9	2	
10	7	1996	33.3	20	194	0	34.35	2	
10	8	1996	33.9	20	189	0	30	2	
10	9	1996	33.3	20.6	183	0	30.9	3	
10	10	1996	26.1	11.1	187	0	54.15	1	
10	11	1996	28.3	11.1	185	0	49.3	2	
10	12	1996	25.6	16.1	159	0	53.7	3	
10	13	1996	24.4	13.3	179	0	59.15	2	
10	14	1996	25.6	10.6	179	0	43.25	2	
10	15	1996	25.6	10	176	0	35.9	2	
10	16	1996	20.6	6.1	166	0	46.05	2	
10	17	1996	23.9	8.3	173	0	34.9	2	
10	18	1996	17.2	8.9	167	8.883	58.25	3	
10	19	1996	15.6	4.4	175	0	61	2	
10	20	1996	17.8	2.8	170	0	41.85	2	
10	21	1996	20	7.8	171	0	35.25	2	
10	22	1996	20.6	8.3	158	0	47.8	2	
10	23	1996	21.1	8.9	146	0	51.3	2	
10	24	1996	16.7	6.1	21	0	69.1	4	
10	25	1996	9.4	3.3	146	0	-1	-1	
10	26	1996	20.6	8.3	154	0.254	-1	-1	
10	27	1996	22.8	8.3	145	0	-1	-1	
10	28	1996	20.6	4.4	144	0	-1	-1	
10	29	1996	12.2	8.9	137	7.614	-1	-1	
10	30	1996	14.4	7.2	104	8.122	79	1	
10	31	1996	16.1	7.2	109	0	78.65	2	
11	1	1996	17.8	5.6	146	0	75.25	1	
11	2	1996	17.8	6.7	139	0	74.95	2	
11	3	1996	16.1	7.2	127	0	78.9	1	
11	4	1996	13.9	5.6	44	0	82.35	1	
11	5	1996	15.6	3.9	135	0	61.6	2	
11	6	1996	17.2	2.2	141	0	51.1	2	
11	7	1996	18.9	5.6	134	0	58.1	1	
11	8	1996	22.2	7.8	134	0	60.75	1	
11	9	1996	21.1	10.6	104	0	62.1	1	
11	10	1996	25	11.1	121	0	53.1	1	
11	11	1996	24.4	10.6	126	0	55.2	1	
11	12	1996	22.8	12.2	90	0	57.4	1	
11	13	1996	20.6	9.4	119	0	64.75	1	
11	14	1996	15.6	6.7	96	0	69.95	1	
11	15	1996	14.4	3.3	123	0	68.15	2	
11	16	1996	12.8	6.7	54	2.031	76.85	2	
11	17	1996	15	7.8	9	7.107	95.35	4	
11	18	1996	18.3	15	56	2.031	82.4	4	
11	19	1996	15.6	13.3	12	2.031	83.25	4	
11	20	1996	16.7	13.3	43	0	85.8	2	
11	21	1996	17.2	12.2	24	1.015	90.25	2	
11	22	1996	14.4	10	38	0	91.65	3	
11	23	1996	15.6	10	58	1.015	87.3	1	
11	24	1996	17.2	8.3	58	0	86.65	1	
11	25	1996	16.1	6.1	104	0	78.1	1	
11	26	1996	20	5	120	0	45.45	2	
11	27	1996	15.6	3.3	105	0	63.4	2	
11	28	1996	13.3	3.9	61	0	69.1	2	
11	29	1996	13.9	2.2	111	0	56.5	2	
11	30	1996	13.3	2.8	88	0	62.6	2	
12	1	1996	13.3	3.9	77	1.015	67.4	3	
12	2	1996	11.7	1.1	102	0	66.95	2	
12	3	1996	13.3	3.3	103	0	64.6	2	
12	4	1996	11.7	4.4	28	21.06	79.25	3	
12	5	1996	11.7	9.4	15	11.92	93.05	4	
12	6	1996	12.8	8.9	62	0	82.75	3	
12	7	1996	14.4	8.3	15	1.015	66.2	3	
12	8	1996	15.6	11.7	26	0	71.4	2	
12	9	1996	13.9	11.1	12	20.05	82.7	5	
12	10	1996	12.2	10.6	24	32.99	91.4	5	
12	11	1996	15.6	11.7	34	17	90.35	4	
12	12	1996	15	11.7	45	3.046	83.55	3	
12	13	1996	16.1	3.3	105	1.015	73.8	2	
12	14	1996	21.1	2.8	109	0	37.1	2	
12	15	1996	14.4	1.7	94	0	74.15	1	
12	16	1996	16.1	4.4	95	0	72.45	1	
12	17	1996	20.6	2.8	105	0	51.65	2	
12	18	1996	11.1	0.6	102	0	87.1	1	
12	19	1996	9.4	0	105	0	80.1	1	
12	20	1996	5.6	1.1	8	13.95	-1	2	
12	21	1996	8.3	3.9	7	48.98	92.4	3	
12	22	1996	11.1	7.2	38	12.94	80.1	4	
12	23	1996	15	5	81	1.015	71.95	3	
12	24	1996	11.7	2.8	87	0	70.5	1	
12	25	1996	12.2	2.8	95	0	71.85	1	
12	26	1996	12.2	6.1	10	46.95	93	3	
12	27	1996	12.8	8.9	25	7.868	87.5	4	
12	28	1996	13.3	10.6	26	3.046	81.95	4	
12	29	1996	15.6	11.7	11	14.97	69.3	5	
12	30	1996	16.1	13.3	10	27.91	88.35	6	
12	31	1996	18.9	15.6	17	8.883	76.35	7	
1	1	1997	17.2	15.6	5	87.81	90.4	5	
1	2	1997	16.7	12.2	21	31.98	91.7	3	
1	3	1997	15	5.6	106	0	72.2	2	
1	4	1997	9.4	5	46	0	89	1	
1	5	1997	12.8	2.2	83	0	63.6	2	
1	6	1997	13.3	2.8	114	0	45.15	3	
1	7	1997	15.6	2.8	107	0	49.3	2	
1	8	1997	11.7	1.1	93	0	70.75	1	
1	9	1997	13.3	2.2	90	0	76.75	1	
1	10	1997	12.8	2.8	97	0	84.35	1	
1	11	1997	7.8	0	43	0	89.4	1	
1	12	1997	7.2	1.7	20	3.046	60.6	2	
1	13	1997	5	-5	82	0	45.7	2	
1	14	1997	9.4	-4.4	112	0	47.95	2	
1	15	1997	7.8	1.1	35	1.015	74.45	1	
1	16	1997	13.3	2.8	92	0	84.45	1	
1	17	1997	12.2	6.7	57	0	88.9	1	
1	18	1997	12.8	5.6	72	0	87	1	
1	19	1997	12.2	4.4	83	0	84.2	2	
1	20	1997	11.1	5	33	18.02	89	3	
1	21	1997	10.6	7.2	28	8.122	88.65	4	
1	22	1997	11.1	5.6	5	92.89	93.65	4	
1	23	1997	11.1	5.6	52	4.061	94.55	1	
1	24	1997	11.1	5.6	26	20.05	92.35	1	
1	25	1997	16.7	8.9	43	36.04	87.25	5	
1	26	1997	15.6	12.2	59	19.03	86.6	4	
1	27	1997	14.4	11.1	53	1.015	86.45	1	
1	28	1997	18.9	7.8	91	3.046	79.6	2	
1	29	1997	14.4	7.2	130	0	82.1	1	
1	30	1997	14.4	7.2	96	0	84.45	1	
1	31	1997	13.3	5.6	64	0	92.2	1	
2	1	1997	14.4	7.2	49	2.031	91.6	1	
2	2	1997	15	5.6	130	0	84.65	1	
2	3	1997	13.3	6.1	73	0	83.55	1	
2	4	1997	13.3	5	49	6.091	87.3	1	
2	5	1997	15.6	3.3	152	0	68.4	2	
2	6	1997	13.3	1.7	121	0	64.1	2	
2	7	1997	12.8	5	54	1.015	78.1	1	
2	8	1997	15.6	1.7	155	0	71.3	2	
2	9	1997	13.9	7.2	88	0	74.45	2	
2	10	1997	17.2	3.9	151	0	70.55	1	
2	11	1997	15.6	5	137	0	67.7	2	
2	12	1997	15	7.2	125	0	59.55	2	
2	13	1997	20	5.6	164	0	48.7	3	
2	14	1997	21.7	3.9	162	0	68.3	1	
2	15	1997	18.3	5.6	142	0	61.55	1	
2	16	1997	19.4	8.3	101	0	64.1	2	
2	17	1997	16.1	6.7	126	1.015	75.3	2	
2	18	1997	18.3	3.9	168	0	56.45	2	
2	19	1997	13.9	7.2	60	1.015	72.15	2	
2	20	1997	16.1	3.3	179	0	62.7	2	
2	21	1997	16.1	6.1	128	0	57.9	2	
2	22	1997	17.2	5.6	178	0	49.75	2	
2	23	1997	17.8	3.3	187	0	30.2	3	
2	24	1997	18.9	3.9	190	0	24.7	2	
2	25	1997	21.7	6.7	168	0	39.7	2	
2	26	1997	19.4	6.1	151	0	54.4	2	
2	27	1997	15.6	5	141	0	64.7	2	
2	28	1997	15	3.3	196	0	50.45	3	
3	1	1997	16.1	5.6	146	0	55.45	3	
3	2	1997	13.9	7.2	120	14.97	67.05	4	
3	3	1997	12.8	3.9	158	0	62.55	3	
3	4	1997	15.6	2.8	205	0	52.1	2	
3	5	1997	17.8	5.6	172	0	56.5	2	
3	6	1997	18.3	6.7	197	0	55.35	2	
3	7	1997	20	6.1	201	0	54.05	2	
3	8	1997	21.7	5.6	209	0	53.95	2	
3	9	1997	22.2	7.2	192	0	48.05	1	
3	10	1997	24.4	9.4	215	0	50.1	2	
3	11	1997	22.2	10	166	0	61.55	2	
3	12	1997	17.8	5	204	0	61.75	2	
3	13	1997	20.6	4.4	214	0	41.7	2	
3	14	1997	21.7	7.2	213	0	47.25	2	
3	15	1997	21.1	11.7	151	0	46.6	3	
3	16	1997	14.4	8.9	36	15.99	66.1	3	
3	17	1997	18.9	11.7	300	0	75.1	2	
3	18	1997	23.9	8.9	233	0	61.85	2	
3	19	1997	23.3	11.1	185	0	56.3	2	
3	20	1997	22.2	12.2	186	0	64.9	2	
3	21	1997	23.3	12.8	157	0	72.3	1	
3	22	1997	23.9	13.9	201	0	70.6	2	
3	23	1997	23.3	9.4	243	0	73.5	2	
3	24	1997	26.1	8.9	252	0	47.85	2	
3	25	1997	27.8	9.4	208	0	48.45	1	
3	26	1997	25.6	12.8	254	0	46.3	2	
3	27	1997	21.1	7.8	251	0	59.45	2	
3	28	1997	21.7	5	263	0	51.45	3	
3	29	1997	22.8	5	264	0	43.7	2	
3	30	1997	19.4	6.1	231	2.031	56.75	3	
3	31	1997	15	3.3	264	0	58.35	2	
4	1	1997	16.7	2.2	272	0	42.75	3	
4	2	1997	22.2	5	287	0	23.85	3	
4	3	1997	24.4	7.2	285	0	28.55	3	
4	4	1997	21.1	6.7	287	0	31.5	3	
4	5	1997	19.4	3.3	285	0	27.45	2	
4	6	1997	18.3	7.2	220	0	46.2	3	
4	7	1997	20.6	5.6	274	0	52.25	2	
4	8	1997	20.6	6.1	255	0	52.45	2	
4	9	1997	19.4	2.2	298	0	55.4	3	
4	10	1997	20	5.6	299	0	38.45	2	
4	11	1997	21.1	8.3	295	0	32.95	3	
4	12	1997	22.2	9.4	250	0	38.5	2	
4	13	1997	22.8	10.6	251	0	56	2	
4	14	1997	25	9.4	273	0	58.35	2	
4	15	1997	27.2	13.3	287	0	43.85	2	
4	16	1997	26.7	15.6	252	0	43.4	2	
4	17	1997	26.7	12.8	278	0	51.3	2	
4	18	1997	17.8	14.4	88	14.97	78.7	3	
4	19	1997	18.3	13.9	121	2.031	82.55	3	
4	20	1997	23.3	14.4	173	0	76.35	2	
4	21	1997	22.8	13.9	171	0	77.55	3	
4	22	1997	20.6	12.2	128	3.046	83.1	2	
4	23	1997	20	7.8	315	0	64	2	
4	24	1997	22.2	5.6	318	0	57.45	3	
4	25	1997	27.8	10	312	0	41.05	2	
4	26	1997	28.9	16.1	298	0	44.55	2	
4	27	1997	22.8	13.3	271	0	61.25	2	
4	28	1997	18.3	11.1	137	0	69.45	2	
4	29	1997	21.7	9.4	281	0	58.75	2	
4	30	1997	22.8	8.9	270	0	53.2	2	
5	1	1997	21.1	5	315	0	59.8	2	
5	2	1997	23.3	11.1	270	0	41.45	3	
5	3	1997	25.6	11.7	317	0	51.05	2	
5	4	1997	27.2	8.9	330	0	55.1	2	
5	5	1997	26.7	12.8	323	0	34.35	2	
5	6	1997	26.7	13.9	330	0	40.35	2	
5	7	1997	30	11.1	331	0	44.15	2	
5	8	1997	30	12.2	329	0	49.25	2	
5	9	1997	31.1	12.8	333	0	53.95	2	
5	10	1997	33.3	14.4	333	0	42.15	1	
5	11	1997	32.2	16.1	328	0	46.45	1	
5	12	1997	33.3	16.7	330	0	44.05	2	
5	13	1997	31.1	14.4	325	0	40.3	2	
5	14	1997	30	17.2	320	0	47.85	2	
5	15	1997	30.6	17.2	330	0	49.15	2	
5	16	1997	33.3	16.7	317	0	42.25	2	
5	17	1997	33.9	19.4	340	0	35.35	3	
5	18	1997	34.4	18.9	344	0	30.65	3	
5	19	1997	33.9	17.2	346	0	29.1	2	
5	20	1997	26.7	16.7	338	0	42.4	3	
5	21	1997	27.8	13.9	339	0	43.8	2	
5	22	1997	23.9	15.6	186	0	36.7	2	
5	23	1997	20.6	12.2	197	9.899	72.65	2	
5	24	1997	23.9	13.9	255	0	57	2	
5	25	1997	25	9.4	354	0	57.15	2	
5	26	1997	25.6	13.9	251	0	52.05	2	
5	27	1997	28.3	17.2	338	0	59.8	2	
5	28	1997	30	18.9	277	0	52.95	2	
5	29	1997	31.7	18.9	309	0	51.6	2	
5	30	1997	32.8	20	351	0	48.05	2	
5	31	1997	29.4	17.2	295	0	52.75	2	
6	1	1997	27.8	15.6	311	0	58.6	2	
6	2	1997	28.9	13.9	286	0	57.85	2	
6	3	1997	21.1	15.6	89	8.883	74.5	2	
6	4	1997	23.9	14.4	204	0	67.8	2	
6	5	1997	27.2	11.7	327	0	59.3	2	
6	6	1997	30.6	13.9	359	0	46.6	3	
6	7	1997	31.1	16.7	355	0	48.15	2	
6	8	1997	30	16.1	346	0	56.3	2	
6	9	1997	28.3	14.4	313	0	64.35	2	
6	10	1997	29.4	17.8	337	0	57.1	2	
6	11	1997	28.3	13.9	308	0	61.3	2	
6	12	1997	25.6	13.3	326	10.91	59.1	2	
6	13	1997	27.8	11.7	311	0	60.75	2	
6	14	1997	30	16.1	347	0	56.95	2	
6	15	1997	30	15.6	349	0	67.15	2	
6	16	1997	34.4	16.7	353	0	60.55	1	
6	17	1997	33.9	20	334	0	48.3	2	
6	18	1997	33.3	17.2	360	0	54.85	2	
6	19	1997	34.4	19.4	357	0	44.55	2	
6	20	1997	30	16.7	358	0	53.8	2	
6	21	1997	28.9	12.8	361	0	53.95	2	
6	22	1997	27.8	11.1	364	0	50.95	2	
6	23	1997	28.9	12.8	361	0	44.55	2	
6	24	1997	33.3	15.6	368	0	32.1	2	
6	25	1997	35	18.3	373	0	30.6	2	
6	26	1997	31.7	17.8	353	0	29.65	2	
6	27	1997	28.3	12.2	366	0	42.65	2	
6	28	1997	25.6	10	344	0	51.6	3	
6	29	1997	25.6	10.6	360	0	51.4	3	
6	30	1997	23.9	13.9	262	0	55.05	3	
7	1	1997	27.8	12.8	360	0	43.95	2	
7	2	1997	30.6	11.7	358	0	48.85	3	
7	3	1997	33.9	17.2	358	0	38.25	2	
7	4	1997	33.9	19.4	360	0	38.9	2	
7	5	1997	33.3	14.4	363	0	44.5	2	
7	6	1997	33.9	17.8	358	0	35.95	2	
7	7	1997	36.1	17.8	355	0	42.95	2	
7	8	1997	37.2	20	339	0	39.35	2	
7	9	1997	35	21.7	342	0	39.65	3	
7	10	1997	30	15.6	332	0	57.9	2	
7	11	1997	32.2	17.2	343	0	46.5	2	
7	12	1997	33.3	13.3	351	0	48.6	2	
7	13	1997	34.4	16.7	347	0	44.45	2	
7	14	1997	35.6	17.2	348	0	45.15	2	
7	15	1997	35.6	18.3	344	0	38.25	2	
7	16	1997	31.7	18.9	226	0	44.9	2	
7	17	1997	31.7	15	335	0	51.2	2	
7	18	1997	32.2	14.4	339	0	51.2	2	
7	19	1997	35.6	17.2	342	0	43.85	2	
7	20	1997	35.6	16.7	333	0	52.85	2	
7	21	1997	36.7	17.2	336	0	46.35	2	
7	22	1997	33.9	18.9	339	0	34.9	3	
7	23	1997	30.6	17.8	222	0	42.9	2	
7	24	1997	37.8	18.3	337	0	-1	-1	
7	25	1997	36.1	21.1	334	0	33.95	2	
7	26	1997	35	20.6	342	0	33.4	2	
7	27	1997	32.8	14.4	343	0	46.4	1	
7	28	1997	34.4	15	302	0	50.75	2	
7	29	1997	33.3	18.3	334	1.015	46.65	1	
7	30	1997	29.4	15.6	332	0	52.4	2	
7	31	1997	31.7	12.2	345	0	52.85	1	
8	1	1997	32.2	15.6	345	0	41.7	2	
8	2	1997	33.9	17.8	346	0	28.6	2	
8	3	1997	35	18.9	342	0	28.1	2	
8	4	1997	37.2	18.9	343	0	31.9	2	
8	5	1997	39.4	21.1	343	0	24.15	2	
8	6	1997	38.9	22.2	331	0	24.55	2	
8	7	1997	40	23.3	314	0	24.3	2	
8	8	1997	37.2	25	309	0	24.9	2	
8	9	1997	29.4	17.8	322	0	50.8	2	
8	10	1997	25.6	14.4	297	0	64.7	2	
8	11	1997	29.4	13.9	319	0	60.95	2	
8	12	1997	31.7	15	313	0	57.6	2	
8	13	1997	34.4	16.7	318	0	45.95	2	
8	14	1997	33.9	17.8	297	0	44.05	2	
8	15	1997	33.3	17.2	308	0	44.7	2	
8	16	1997	28.9	13.9	312	0	53.95	2	
8	17	1997	27.8	13.9	303	0	51.65	2	
8	18	1997	29.4	13.9	305	0	54.95	2	
8	19	1997	28.3	19.4	121	0	58.4	1	
8	20	1997	26.7	17.2	170	14.97	79.15	2	
8	21	1997	32.8	17.2	303	0	62.15	1	
8	22	1997	30.6	17.8	300	0	48.2	2	
8	23	1997	26.7	16.1	176	0	59.65	2	
8	24	1997	28.3	16.1	303	0	58.1	2	
8	25	1997	29.4	15	305	0	48.65	2	
8	26	1997	28.9	15.6	299	0	48.35	2	
8	27	1997	28.9	16.1	295	0	49.75	2	
8	28	1997	30	13.9	293	0	51.5	2	
8	29	1997	30	15.6	293	0	44.85	2	
8	30	1997	30	14.4	271	0	50.3	2	
8	31	1997	30	15	265	0	54.2	2	
9	1	1997	32.2	16.7	270	0	49.85	2	
9	2	1997	30	17.8	170	0	49.5	2	
9	3	1997	32.8	19.4	273	0	51.9	2	
9	4	1997	33.9	18.9	275	0	46.55	2	
9	5	1997	33.3	21.1	266	0	35.55	2	
9	6	1997	32.2	15.6	276	0	37	2	
9	7	1997	32.2	13.3	276	0	37.55	1	
9	8	1997	32.8	19.4	238	0	35.5	2	
9	9	1997	31.1	19.4	233	0	36.45	3	
9	10	1997	27.2	16.1	263	0	50.3	2	
9	11	1997	27.8	12.2	261	0	61.05	2	
9	12	1997	30	17.8	256	0	49.45	2	
9	13	1997	28.3	13.9	257	0	51.15	3	
9	14	1997	25.6	13.3	126	8.122	71.6	3	
9	15	1997	23.9	11.7	257	0	64.15	2	
9	16	1997	27.8	11.7	257	0	50.1	2	
9	17	1997	27.2	15.6	216	0	51.4	3	
9	18	1997	25.6	15	227	0	71.15	1	
9	19	1997	29.4	12.8	250	0	53.4	2	
9	20	1997	30.6	16.7	253	0	30.2	3	
9	21	1997	31.7	17.8	253	0	33.45	2	
9	22	1997	31.7	15	246	0	42.15	2	
9	23	1997	34.4	17.2	244	0	35.05	2	
9	24	1997	35.6	20.6	240	0	24	2	
9	25	1997	32.2	22.2	217	0	40.9	3	
9	26	1997	28.3	14.4	229	0	55.4	2	
9	27	1997	30.6	11.7	234	0	46.15	2	
9	28	1997	33.9	15	231	0	23.5	2	
9	29	1997	33.9	20.6	224	0	34.75	2	
9	30	1997	32.8	20	224	0	32.05	2	
10	1	1997	26.7	15	203	2.031	66.15	3	
10	2	1997	22.8	13.3	226	8.883	72	1	
10	3	1997	26.7	12.8	223	0	55.5	1	
10	4	1997	26.7	14.4	220	0	60.5	2	
10	5	1997	25	10.6	221	0	55.1	2	
10	6	1997	20.6	12.2	146	0	53.65	3	
10	7	1997	20	8.3	210	0	55.7	2	
10	8	1997	17.2	9.4	67	23.85	67.2	3	
10	9	1997	18.3	10.6	165	12.94	77.85	3	
10	10	1997	16.1	8.9	92	3.046	80.95	2	
10	11	1997	18.9	5.6	204	0	61.95	3	
10	12	1997	21.7	8.3	201	0	45.5	3	
10	13	1997	24.4	8.9	201	0	48.2	2	
10	14	1997	26.7	11.7	197	0	48.85	2	
10	15	1997	29.4	14.4	195	0	43.6	2	
10	16	1997	30.6	16.7	199	0	39.6	2	
10	17	1997	30	15	193	0	35.2	2	
10	18	1997	28.9	15.6	188	0	34.9	2	
10	19	1997	22.8	10.6	179	0	61.25	2	
10	20	1997	25	7.8	174	0	58.85	2	
10	21	1997	26.1	10.6	177	0	52.35	2	
10	22	1997	23.9	11.7	171	0	56.45	1	
10	23	1997	21.7	10	148	0	65.85	2	
10	24	1997	21.7	10	177	0	34	4	
10	25	1997	21.7	8.3	172	0	31.8	2	
10	26	1997	22.8	10.6	164	0	35	2	
10	27	1997	23.3	9.4	168	0	35.6	2	
10	28	1997	22.2	11.7	137	0	38.15	3	
10	29	1997	22.2	13.9	88	0	51.05	2	
10	30	1997	23.3	13.3	157	0	60.9	2	
10	31	1997	25.6	13.9	154	0	56.1	2	
11	1	1997	27.2	12.2	158	0	53.1	2	
11	2	1997	27.2	13.3	161	0	39.45	2	
11	3	1997	27.8	16.1	133	0	39.65	2	
11	4	1997	27.2	14.4	130	0	35.35	2	
11	5	1997	26.7	14.4	147	0	43.55	2	
11	6	1997	22.2	13.9	66	9.899	65.75	2	
11	7	1997	18.9	10	126	0	73.25	1	
11	8	1997	17.2	7.2	126	0	72.25	1	
11	9	1997	16.1	8.3	79	0	66.05	1	
11	10	1997	15.6	10	35	6.091	72.85	2	
11	11	1997	12.8	7.8	40	4.061	92.35	1	
11	12	1997	15.6	7.2	124	0	83.45	1	
11	13	1997	13.3	9.4	25	17	84.75	3	
11	14	1997	15	8.9	71	12.94	80.55	2	
11	15	1997	12.2	9.4	24	13.95	74	4	
11	16	1997	16.1	9.4	74	6.091	76.15	3	
11	17	1997	17.2	8.9	104	1.015	79.05	2	
11	18	1997	13.9	7.8	31	5.076	74.25	3	
11	19	1997	14.4	8.3	37	7.107	85.8	3	
11	20	1997	15	6.1	107	0	78.35	2	
11	21	1997	16.7	8.9	96	0	73.65	1	
11	22	1997	16.1	7.2	50	8.883	77.5	2	
11	23	1997	16.1	11.7	41	19.03	91.35	2	
11	24	1997	16.7	10	59	1.015	83.15	2	
11	25	1997	18.3	9.4	119	15.99	77.2	2	
11	26	1997	13.9	8.9	21	44.92	89	4	
11	27	1997	15	7.8	100	4.061	85.65	1	
11	28	1997	15.6	6.7	96	0	79.7	1	
11	29	1997	14.4	7.2	56	0	82.75	2	
11	30	1997	15.6	6.1	88	15.99	84.9	1	
12	1	1997	15.6	3.9	116	0	82.55	1	
12	2	1997	13.9	3.3	110	0	82.15	1	
12	3	1997	15.6	3.9	69	1.015	77.1	1	
12	4	1997	17.8	11.1	66	0	51.05	2	
12	5	1997	14.4	9.4	16	5.076	69.8	2	
12	6	1997	12.8	10	24	19.03	92.65	1	
12	7	1997	12.2	7.8	14	44.92	89.95	4	
12	8	1997	10.6	4.4	68	1.015	79.05	2	
12	9	1997	12.8	2.2	111	0	70.5	2	
12	10	1997	15.6	2.8	108	0	54.3	2	
12	11	1997	12.8	1.7	109	0	74.6	1	
12	12	1997	11.1	2.8	68	0	74.15	1	
12	13	1997	10.6	1.7	70	0	72.5	1	
12	14	1997	11.1	5.6	18	31.98	69.95	4	
12	15	1997	10.6	3.9	82	0	90.7	1	
12	16	1997	12.2	6.7	59	0	92	1	
12	17	1997	9.4	6.7	17	2.031	95	1	
12	18	1997	17.2	7.2	96	0	60.2	2	
12	19	1997	17.8	3.9	108	0	52.3	1	
12	20	1997	11.7	1.7	65	0	79.7	1	
12	21	1997	13.9	0	110	0	59.4	2	
12	22	1997	14.4	2.8	108	0	33.4	3	
12	23	1997	11.7	0	101	0	53.9	2	
12	24	1997	14.4	2.2	110	0	41.4	3	
12	25	1997	12.8	0.6	111	0	44	3	
12	26	1997	10.6	-0.6	103	0	66.15	1	
12	27	1997	12.2	0.6	99	0	66.9	1	
12	28	1997	12.8	1.1	98	0	73.6	1	
12	29	1997	16.1	2.8	102	0	72.45	0	
12	30	1997	13.3	8.9	77	0	74.8	1	
12	31	1997	17.2	5.6	66	0	74.05	1	
1	1	1998	14.4	7.2	30	4.061	76.2	2	
1	2	1998	12.8	9.4	36	24.87	86.7	2	
1	3	1998	11.7	9.4	41	21.06	84.95	1	
1	4	1998	10	3.9	53	19.03	85.15	2	
1	5	1998	10.6	1.7	111	0	79.65	1	
1	6	1998	8.9	3.3	30	1.015	72.25	2	
1	7	1998	8.9	5.6	44	4.061	95.35	1	
1	8	1998	9.4	2.8	54	0	95.55	1	
1	9	1998	11.7	7.2	28	7.107	92.45	1	
1	10	1998	12.8	10	15	15.99	92.25	4	
1	11	1998	12.2	10.6	7	29.94	94.45	4	
1	12	1998	13.9	8.9	10	34.01	91	5	
1	13	1998	13.3	7.2	64	1.015	85.35	2	
1	14	1998	11.7	8.9	13	25.88	85.95	2	
1	15	1998	12.2	10	19	37.05	97.4	1	
1	16	1998	15	10.6	12	10.91	95.85	3	
1	17	1998	17.8	12.2	41	5.076	84.8	3	
1	18	1998	13.9	8.3	16	24.87	86.7	3	
1	19	1998	10	5.6	46	1.015	83.85	3	
1	20	1998	12.2	3.3	76	0	77.4	2	
1	21	1998	11.7	1.1	114	0	78.05	2	
1	22	1998	12.2	4.4	77	0	85.6	1	
1	23	1998	11.1	3.9	55	3.046	87.5	2	
1	24	1998	16.1	7.2	115	0	77.8	2	
1	25	1998	13.9	4.4	110	4.061	77	1	
1	26	1998	15	8.9	54	14.97	83.1	2	
1	27	1998	16.7	7.2	117	0	85.45	2	
1	28	1998	16.1	6.1	87	1.015	79.05	2	
1	29	1998	16.7	8.9	82	24.87	74.35	4	
1	30	1998	13.3	6.1	102	0	74.9	2	
1	31	1998	14.4	5.6	58	1.015	71.85	2	
2	1	1998	12.2	9.4	31	15.99	79.55	4	
2	2	1998	17.2	10	15	28.93	79.8	4	
2	3	1998	13.9	7.2	20	54.06	88.9	3	
2	4	1998	12.2	6.7	46	0	77.7	4	
2	5	1998	14.4	8.3	23	9.899	74.55	4	
2	6	1998	16.7	7.8	14	37.05	69	5	
2	7	1998	11.1	8.3	20	19.03	81.7	6	
2	8	1998	12.2	6.7	66	2.031	81.7	2	
2	9	1998	12.8	4.4	126	1.015	83.35	1	
2	10	1998	10	6.1	19	7.107	86.65	2	
2	11	1998	13.9	7.2	77	0	86.05	2	
2	12	1998	11.1	8.3	20	18.02	88.15	2	
2	13	1998	14.4	9.4	97	0	88.5	2	
2	14	1998	12.2	5.6	41	35.02	86.9	4	
2	15	1998	13.3	5.6	141	0	73.7	2	
2	16	1998	11.1	5.6	30	6.091	72.45	4	
2	17	1998	12.8	5	94	0	79	2	
2	18	1998	14.4	6.1	136	1.015	76.2	2	
2	19	1998	11.7	6.1	21	25.88	85.25	4	
2	20	1998	10.6	2.8	110	0	85.05	2	
2	21	1998	10.6	7.2	18	32.99	78.5	6	
2	22	1998	12.8	5.6	109	1.015	78.05	3	
2	23	1998	11.1	6.7	18	19.03	81.5	3	
2	24	1998	13.9	2.8	185	0	77.7	1	
2	25	1998	12.8	6.1	88	0	66.95	0	
2	26	1998	13.9	5	159	0	70.75	0	
2	27	1998	15.6	7.2	173	0	74.15	0	
2	28	1998	16.1	5.6	139	0	83.35	0	
3	1	1998	16.1	7.2	129	0	82.45	0	
3	2	1998	17.8	7.2	169	0	77.7	2	
3	3	1998	15	3.9	186	0	65.1	2	
3	4	1998	14.4	1.1	210	0	55.7	2	
3	5	1998	11.1	1.7	53	22.08	74.55	2	
3	6	1998	13.9	2.8	217	0	69.45	2	
3	7	1998	11.7	1.7	120	1.015	65.4	2	
3	8	1998	13.9	4.4	183	1.015	84.2	2	
3	9	1998	18.3	3.3	221	0	70.95	1	
3	10	1998	20	6.1	213	0	64.95	1	
3	11	1998	21.1	10	201	0	64.4	1	
3	12	1998	19.4	11.1	126	0	71.5	2	
3	13	1998	16.1	9.4	121	4.061	86	2	
3	14	1998	22.2	8.3	225	0	72.15	2	
3	15	1998	20.6	10.6	199	0	76.75	1	
3	16	1998	20.6	12.2	194	0	78.4	2	
3	17	1998	20.6	9.4	231	0	76	2	
3	18	1998	22.8	7.8	241	0	57.55	2	
3	19	1998	22.8	10.6	235	0	53.95	2	
3	20	1998	21.1	10.6	215	0	74.5	2	
3	21	1998	17.2	12.2	89	5.076	85.05	2	
3	22	1998	18.9	13.3	57	7.107	86.1	1	
3	23	1998	17.2	12.8	30	27.91	86.9	3	
3	24	1998	18.9	10.6	196	8.122	72.85	2	
3	25	1998	18.3	8.9	150	4.061	79.95	1	
3	26	1998	17.2	7.2	184	0	75	2	
3	27	1998	15	6.7	171	4.061	68.2	3	
3	28	1998	11.7	2.8	150	1.015	72.35	2	
3	29	1998	16.7	3.3	230	0	60.6	2	
3	30	1998	16.1	3.3	251	0	56.9	3	
3	31	1998	10	4.4	43	12.94	88.4	2	
4	1	1998	13.3	4.4	105	0	82.8	2	
4	2	1998	12.2	7.8	50	9.899	83.5	3	
4	3	1998	10.6	5.6	70	12.94	87.55	2	
4	4	1998	14.4	6.1	176	8.883	79	2	
4	5	1998	15	7.2	168	8.883	76.9	2	
4	6	1998	14.4	7.8	157	5.076	74.85	3	
4	7	1998	15.6	7.8	167	1.015	76.75	2	
4	8	1998	15.6	6.7	225	0	61.65	3	
4	9	1998	17.2	8.9	173	1.015	74.35	2	
4	10	1998	16.7	8.3	156	0	71.2	2	
4	11	1998	13.3	6.7	109	5.076	78.95	2	
4	12	1998	13.3	2.2	186	12.94	69.7	2	
4	13	1998	13.9	6.1	214	5.076	74.8	3	
4	14	1998	11.1	3.9	108	15.99	77.9	2	
4	15	1998	15.6	3.3	275	0	64.8	2	
4	16	1998	18.9	4.4	298	0	58.4	2	
4	17	1998	21.7	8.3	300	0	56.65	2	
4	18	1998	21.7	6.7	268	0	64.7	2	
4	19	1998	24.4	8.9	293	0	58.75	2	
4	20	1998	26.7	9.4	303	0	63.2	2	
4	21	1998	29.4	13.3	302	0	56.7	2	
4	22	1998	26.1	15	225	0	60.65	2	
4	23	1998	16.1	11.7	64	10.91	78.85	3	
4	24	1998	18.3	10.6	218	0	74.95	2	
4	25	1998	20.6	7.8	286	0	60.5	3	
4	26	1998	25.6	11.1	297	0	44.4	3	
4	27	1998	26.7	12.2	299	0	59.9	2	
4	28	1998	28.9	14.4	299	0	51.45	2	
4	29	1998	29.4	16.1	306	0	48.4	2	
4	30	1998	26.1	12.2	287	0	57.45	2	
5	1	1998	23.3	11.1	147	10.91	72.35	3	
5	2	1998	18.9	10.6	127	10.91	80.1	1	
5	3	1998	20	11.7	192	2.031	79.1	1	
5	4	1998	21.7	12.8	171	2.031	74.45	2	
5	5	1998	20	10.6	216	6.091	78.05	2	
5	6	1998	17.8	12.2	123	1.015	81.75	1	
5	7	1998	20.6	13.3	197	0	83.95	1	
5	8	1998	16.7	12.8	58	0	87	3	
5	9	1998	16.1	9.4	106	1.015	75.9	2	
5	10	1998	20	8.9	314	0	64.2	2	
5	11	1998	15	8.3	123	8.122	77.55	3	
5	12	1998	15	8.3	145	6.091	76.7	2	
5	13	1998	16.1	8.3	166	7.107	82.25	2	
5	14	1998	17.8	10.6	200	0	73.85	3	
5	15	1998	18.9	9.4	298	0	72	2	
5	16	1998	15.6	8.3	128	10.91	75.2	3	
5	17	1998	18.3	5.6	339	0	69.25	2	
5	18	1998	23.3	6.1	336	0	54.6	2	
5	19	1998	21.1	8.3	313	0	61.85	3	
5	20	1998	20	7.8	338	0	62	2	
5	21	1998	20.6	9.4	297	0	63.05	2	
5	22	1998	23.9	10	334	0	55.75	2	
5	23	1998	23.3	12.8	249	0	67.7	2	
5	24	1998	22.2	13.3	228	4.061	75.25	2	
5	25	1998	18.3	10	236	3.046	71.35	3	
5	26	1998	16.1	8.3	152	2.031	65.1	3	
5	27	1998	16.7	7.2	318	0	81	1	
5	28	1998	16.1	7.8	35	38.07	84.25	3	
5	29	1998	16.1	8.9	149	9.899	79.1	3	
5	30	1998	23.3	7.2	361	0	72.45	2	
5	31	1998	25	13.9	316	0	70	2	
6	1	1998	26.1	14.4	348	0	67.05	2	
6	2	1998	22.8	11.7	313	0	76.1	3	
6	3	1998	20	12.2	165	0	71.9	3	
6	4	1998	22.8	12.2	315	0	75.9	1	
6	5	1998	23.9	14.4	247	0	72.9	2	
6	6	1998	25	14.4	279	5.076	77.9	2	
6	7	1998	17.8	13.9	84	0	85.2	2	
6	8	1998	22.8	13.9	190	0	81.05	1	
6	9	1998	26.1	12.8	338	0	76.3	2	
6	10	1998	21.7	14.4	160	0	80.6	2	
6	11	1998	18.9	13.3	109	5.076	88.95	1	
6	12	1998	22.8	15	158	0	78.5	2	
6	13	1998	25	14.4	322	0	77.05	2	
6	14	1998	30	15	348	0	66.4	2	
6	15	1998	32.8	16.7	335	0	47.5	2	
6	16	1998	28.3	15	369	0	48.2	3	
6	17	1998	30	13.3	363	0	49.2	2	
6	18	1998	30	17.8	361	0	49.2	2	
6	19	1998	29.4	13.3	368	0	52.7	2	
6	20	1998	27.8	11.1	359	0	65.25	1	
6	21	1998	27.2	12.2	349	0	69.05	2	
6	22	1998	26.7	12.2	352	0	68.4	2	
6	23	1998	26.7	11.7	345	0	72.5	1	
6	24	1998	27.2	12.2	342	0	71.2	2	
6	25	1998	25.6	14.4	285	0	63.75	3	
6	26	1998	27.2	8.9	362	0	62.15	1	
6	27	1998	32.2	14.4	364	0	39.95	2	
6	28	1998	30.6	17.2	357	0	42.1	2	
6	29	1998	29.4	11.7	357	0	60.7	1	
6	30	1998	29.4	11.1	356	0	64	2	
7	1	1998	29.4	11.7	355	0	65.25	1	
7	2	1998	27.2	11.7	348	0	72.55	1	
7	3	1998	30	13.3	339	0	69.45	1	
7	4	1998	31.7	15	340	0	66.45	1	
7	5	1998	32.2	18.3	344	0	50.15	2	
7	6	1998	33.3	18.9	333	0	49.65	1	
7	7	1998	35	22.2	342	0	42	2	
7	8	1998	33.3	19.4	351	0	41.15	2	
7	9	1998	31.7	15.6	341	0	52.5	2	
7	10	1998	28.3	11.7	347	0	67.6	2	
7	11	1998	31.7	12.2	351	0	59.05	1	
7	12	1998	35	17.2	348	0	47.75	2	
7	13	1998	33.9	21.1	345	0	46.8	2	
7	14	1998	34.4	16.1	347	0	50.35	2	
7	15	1998	36.1	21.1	352	0	36.45	3	
7	16	1998	38.9	20	341	0	36.35	2	
7	17	1998	38.3	21.7	338	0	42.9	2	
7	18	1998	40.6	22.2	340	0	38.25	2	
7	19	1998	40	24.4	339	0	35.95	2	
7	20	1998	35	21.7	336	0	45.95	2	
7	21	1998	31.7	15	330	0	62.8	1	
7	22	1998	28.9	17.2	146	0	63.2	1	
7	23	1998	32.2	16.1	321	0	62.95	1	
7	24	1998	31.7	15.6	319	0	59.85	1	
7	25	1998	34.4	18.3	325	0	56.6	2	
7	26	1998	37.2	22.2	325	0	46.45	2	
7	27	1998	37.2	22.2	329	0	37.45	2	
7	28	1998	34.4	19.4	332	0	43.7	2	
7	29	1998	30	13.9	332	0	61.4	2	
7	30	1998	27.2	12.8	328	0	70.25	2	
7	31	1998	30	12.8	323	0	67.3	1	
8	1	1998	35	18.3	330	0	48.65	2	
8	2	1998	37.2	20	331	0	42.8	2	
8	3	1998	40	23.3	329	0	39	2	
8	4	1998	41.1	24.4	325	0	33	2	
8	5	1998	41.1	25.6	323	0	31.9	2	
8	6	1998	38.3	24.4	321	0	33.75	2	
8	7	1998	33.3	18.3	330	0	44.8	2	
8	8	1998	32.2	13.3	324	0	51.6	1	
8	9	1998	33.9	13.3	328	0	48.6	1	
8	10	1998	37.8	18.3	324	0	32	2	
8	11	1998	36.7	21.1	316	0	31.1	2	
8	12	1998	38.9	22.8	310	0	32.65	2	
8	13	1998	38.9	22.8	302	0	40.35	2	
8	14	1998	37.8	22.8	297	0	46.55	2	
8	15	1998	35	20	312	0	45.75	2	
8	16	1998	32.2	15	318	0	56.95	2	
8	17	1998	28.3	13.3	310	0	58.5	2	
8	18	1998	26.7	11.7	306	0	67	2	
8	19	1998	27.8	11.7	304	0	65.75	2	
8	20	1998	28.3	13.3	303	0	61.15	2	
8	21	1998	30	12.8	304	0	57.15	1	
8	22	1998	32.2	16.1	306	0	36.75	2	
8	23	1998	31.7	14.4	308	0	43.4	2	
8	24	1998	33.9	18.3	306	0	33.65	2	
8	25	1998	30.6	18.3	295	0	39.6	2	
8	26	1998	31.1	10.6	301	0	57.7	1	
8	27	1998	34.4	16.7	296	0	39.5	1	
8	28	1998	36.1	18.9	231	0	38.25	1	
8	29	1998	37.8	19.4	293	0	37.15	2	
8	30	1998	37.8	22.2	285	0	31.1	2	
8	31	1998	38.3	21.1	288	0	35.85	2	
9	1	1998	37.8	22.8	281	0	33.5	2	
9	2	1998	37.8	21.1	277	0	37.75	2	
9	3	1998	37.8	26.1	250	0	37.2	2	
9	4	1998	35	22.8	238	0	42.7	3	
9	5	1998	31.1	22.2	230	2.031	69	2	
9	6	1998	33.3	22.2	260	0	69.6	2	
9	7	1998	35	23.9	259	0	44.7	2	
9	8	1998	33.3	20	233	3.046	58.6	3	
9	9	1998	23.3	12.2	256	0	72.5	2	
9	10	1998	27.2	11.1	263	0	65.1	2	
9	11	1998	31.7	15.6	258	0	45.45	2	
9	12	1998	33.3	18.9	256	0	43.75	3	
9	13	1998	33.9	20.6	258	0	41.65	2	
9	14	1998	35	19.4	253	0	41.7	2	
9	15	1998	33.9	18.9	251	0	53.55	2	
9	16	1998	33.9	16.7	250	0	52.45	2	
9	17	1998	28.9	15.6	256	0	43.9	3	
9	18	1998	25.6	12.8	257	0	56.4	2	
9	19	1998	27.8	11.7	247	0	49.8	1	
9	20	1998	28.3	14.4	246	0	49.65	2	
9	21	1998	26.7	10.6	243	0	62	2	
9	22	1998	25	12.8	234	0	63.95	2	
9	23	1998	23.9	13.9	178	0	66.45	2	
9	24	1998	24.4	12.8	176	0	68.05	2	
9	25	1998	20.6	11.7	170	0	76.95	2	
9	26	1998	20	13.3	147	5.076	75.35	2	
9	27	1998	17.8	11.7	82	8.883	88.95	1	
9	28	1998	23.9	10.6	225	0	72.2	1	
9	29	1998	23.9	13.9	192	0	72.75	2	
9	30	1998	25	11.1	188	0	75.45	1	
10	1	1998	22.8	12.2	203	0	77.45	2	
10	2	1998	20.6	8.9	179	0	77.3	2	
10	3	1998	20.6	8.9	197	0	70.6	2	
10	4	1998	22.8	9.4	213	0	50.1	3	
10	5	1998	26.7	11.7	216	0	34.85	2	
10	6	1998	27.8	8.3	197	0	37.85	2	
10	7	1998	26.1	15	208	0	38.05	3	
10	8	1998	23.3	12.2	209	0	61.6	2	
10	9	1998	22.2	10.6	187	0	66.35	1	
10	10	1998	21.7	9.4	205	0	55.45	2	
10	11	1998	24.4	9.4	201	0	45.85	2	
10	12	1998	23.3	11.7	148	0	46.95	2	
10	13	1998	23.3	13.3	184	0	65.2	2	
10	14	1998	21.7	9.4	175	0	63.75	2	
10	15	1998	21.7	6.1	196	0	55.2	3	
10	16	1998	22.2	10.6	199	0	27.2	3	
10	17	1998	23.3	8.3	193	0	32.05	2	
10	18	1998	25	10.6	190	0	35.6	2	
10	19	1998	29.4	11.1	189	0	26.65	2	
10	20	1998	30.6	17.2	190	0	20.8	2	
10	21	1998	27.8	13.9	181	0	28.55	2	
10	22	1998	26.7	14.4	173	0	38.4	2	
10	23	1998	26.7	13.3	163	0	40.15	2	
10	24	1998	17.8	11.7	35	21.06	70.3	3	
10	25	1998	20	8.3	175	0	70.6	2	
10	26	1998	25	9.4	173	0	59.35	2	
10	27	1998	21.7	11.7	155	0	64.45	2	
10	28	1998	17.2	10.6	57	0	83.65	2	
10	29	1998	18.9	10	125	0	70.55	1	
10	30	1998	21.7	8.3	170	0	47.3	3	
10	31	1998	19.4	6.7	117	2.031	65.4	2	
11	1	1998	15	8.3	54	3.046	90.8	1	
11	2	1998	17.2	5	154	1.015	75.15	2	
11	3	1998	18.3	9.4	104	0	69.95	2	
11	4	1998	17.8	9.4	109	0	71.3	2	
11	5	1998	17.2	7.2	152	0	62.5	2	
11	6	1998	11.7	7.8	47	3.046	73.25	3	
11	7	1998	12.8	9.4	37	12.94	89.65	5	
11	8	1998	11.1	5	57	1.015	87.25	1	
11	9	1998	14.4	2.2	144	0	69.3	2	
11	10	1998	13.9	7.8	49	17	73.15	2	
11	11	1998	14.4	5	116	5.076	80.1	2	
11	12	1998	16.1	3.9	140	0	72.2	2	
11	13	1998	17.2	6.7	120	0	73.75	1	
11	14	1998	18.3	6.7	130	0	70.3	1	
11	15	1998	18.9	7.8	94	0	75.75	2	
11	16	1998	12.8	5	58	1.015	84.2	2	
11	17	1998	15.6	7.8	92	5.076	77.7	4	
11	18	1998	15	5.6	129	0	71.65	2	
11	19	1998	16.1	4.4	130	0	60.45	2	
11	20	1998	17.2	6.1	109	0	62.45	2	
11	21	1998	16.1	9.4	46	18.02	80	3	
11	22	1998	16.1	10.6	70	0	84.9	2	
11	23	1998	14.4	9.4	13	27.91	84.75	5	
11	24	1998	13.9	8.3	77	0	75.75	3	
11	25	1998	17.2	7.8	122	0	63.55	2	
11	26	1998	18.3	8.9	92	8.883	77.25	2	
11	27	1998	12.8	8.9	18	26.9	94.4	2	
11	28	1998	13.9	8.3	93	3.046	85.7	2	
11	29	1998	12.8	6.1	9	15.99	86.4	4	
11	30	1998	16.7	10	14	26.9	84.3	6	
12	1	1998	15	7.8	101	1.015	81.95	2	
12	2	1998	13.3	9.4	18	2.031	83.15	3	
12	3	1998	12.8	2.2	16	30.96	93.6	3	
12	4	1998	10	-1.1	108	0	73.85	2	
12	5	1998	8.3	-1.7	57	13.95	69.2	3	
12	6	1998	8.9	-0.6	91	0	80	1	
12	7	1998	8.9	1.1	75	1.015	69.8	2	
12	8	1998	8.9	2.2	49	1.015	72.4	2	
12	9	1998	17.2	1.7	116	0	60.65	2	
12	10	1998	12.8	1.7	92	0	77.65	2	
12	11	1998	12.8	5	68	0	75.85	1	
12	12	1998	13.9	3.9	92	0	73.05	1	
12	13	1998	15	6.1	47	10.91	73.45	3	
12	14	1998	15	3.3	108	0	74.7	2	
12	15	1998	18.3	5.6	104	0	66.9	1	
12	16	1998	21.1	5	108	0	73.5	1	
12	17	1998	17.2	5	106	0	80.55	1	
12	18	1998	17.8	6.1	110	0	69.9	1	
12	19	1998	8.9	1.1	66	0	79.05	3	
12	20	1998	6.1	-2.2	77	1.015	67.1	3	
12	21	1998	5	-6.1	111	0	65.6	1	
12	22	1998	10.6	-5.6	112	0	52.7	2	
12	23	1998	5	-6.1	105	0	73.35	1	
12	24	1998	5.6	-3.3	60	0	76.95	1	
12	25	1998	10	-1.7	75	0	64.85	1	
12	26	1998	12.2	0	95	0	64.9	1	
12	27	1998	12.2	0.6	96	0	72.25	1	
12	28	1998	13.9	2.2	106	0	73.55	2	
12	29	1998	15	1.1	109	0	69.7	1	
12	30	1998	13.3	2.8	76	0	73.75	2	
12	31	1998	13.3	3.9	90	0	81.55	2	
1	1	1999	12.8	0.6	113	0	79.6	1	
1	2	1999	15	1.7	104	0	70.75	1	
1	3	1999	13.3	-0.6	85	0	70.7	1	
1	4	1999	10	-2.8	104	0	83.95	1	
1	5	1999	7.8	-2.8	79	1.015	93	1	
1	6	1999	7.2	-3.9	65	0	95.5	1	
1	7	1999	2.8	-0.6	37	0	100	1	
1	8	1999	14.4	-2.8	114	0	63.6	2	
1	9	1999	6.7	-2.2	76	0	94	1	
1	10	1999	5.6	-3.9	87	0	94.1	1	
1	11	1999	13.3	-2.8	94	1.015	85.5	1	
1	12	1999	11.7	-0.6	120	0	80.05	1	
1	13	1999	14.4	1.7	112	0	76.1	2	
1	14	1999	12.8	4.4	65	2.031	81.35	1	
1	15	1999	13.3	8.3	35	17	93.5	2	
1	16	1999	13.3	9.4	37	2.031	89.6	4	
1	17	1999	14.4	8.9	20	12.94	92.45	3	
1	18	1999	13.9	11.1	38	22.08	92.7	3	
1	19	1999	13.3	10.6	15	36.04	93.9	2	
1	20	1999	12.8	9.4	91	2.031	92.25	4	
1	21	1999	13.9	5	90	0	78.45	2	
1	22	1999	13.3	8.3	31	9.899	75.7	4	
1	23	1999	11.1	5	54	14.97	84.85	1	
1	24	1999	13.9	0.6	120	0	66.8	2	
1	25	1999	11.1	2.2	108	0	62.75	3	
1	26	1999	10.6	2.2	79	1.015	85.1	3	
1	27	1999	14.4	2.2	140	0	52.55	2	
1	28	1999	12.2	1.1	126	0	66.65	2	
1	29	1999	12.8	2.8	139	0	66.1	2	
1	30	1999	12.2	2.8	77	0	66.35	2	
1	31	1999	11.7	6.1	16	17	74.75	2	
2	1	1999	12.2	1.1	149	0	78.55	2	
2	2	1999	13.3	2.8	131	0	68.6	2	
2	3	1999	15.6	3.3	148	0	73.2	2	
2	4	1999	12.8	5	91	0	76.75	2	
2	5	1999	14.4	2.8	130	0	68.45	2	
2	6	1999	11.1	8.3	13	22.08	77	5	
2	7	1999	13.3	9.4	37	12.94	90.85	5	
2	8	1999	13.3	9.4	15	22.08	92.5	3	
2	9	1999	13.3	0	51	23.85	79.95	4	
2	10	1999	10	0	157	0	67.05	2	
2	11	1999	12.2	0	155	0	62.9	2	
2	12	1999	15.6	2.8	93	0	60.6	2	
2	13	1999	14.4	3.3	103	1.015	67.7	2	
2	14	1999	12.2	4.4	89	0	88.3	1	
2	15	1999	13.3	3.3	135	0	79.35	2	
2	16	1999	11.7	7.2	18	47.97	88.05	3	
2	17	1999	15	8.9	59	0	94.25	3	
2	18	1999	12.8	6.7	31	12.94	86.8	3	
2	19	1999	16.7	3.9	165	0	65.5	3	
2	20	1999	12.2	3.3	35	30.96	75.85	3	
2	21	1999	11.7	5.6	112	2.031	75.4	3	
2	22	1999	13.9	7.2	94	0	75.45	2	
2	23	1999	16.7	8.3	171	0	71.35	2	
2	24	1999	15	8.3	89	4.061	77.45	3	
2	25	1999	13.3	5	138	10.91	76.45	3	
2	26	1999	12.8	2.2	112	1.015	77.3	2	
2	27	1999	17.2	7.8	140	0	72.05	1	
2	28	1999	15	11.1	34	25.88	84.35	2	
3	1	1999	17.2	7.8	200	0	80.4	2	
3	2	1999	19.4	7.8	191	8.122	73.65	3	
3	3	1999	14.4	6.1	185	4.061	72.6	2	
3	4	1999	12.8	3.3	203	0	67.3	2	
3	5	1999	14.4	2.8	190	0	55.9	2	
3	6	1999	13.9	4.4	153	0	66.2	2	
3	7	1999	15	2.8	216	0	59.25	2	
3	8	1999	9.4	6.7	33	11.92	75.95	4	
3	9	1999	11.7	3.3	170	1.015	69.6	2	
3	10	1999	12.2	2.2	153	0	66.7	2	
3	11	1999	15.6	2.2	219	0	65.6	2	
3	12	1999	17.2	5	209	0	57.35	2	
3	13	1999	18.3	7.8	188	0	66.8	2	
3	14	1999	13.9	7.8	94	0	76.5	2	
3	15	1999	16.7	3.9	195	0	76.35	2	
3	16	1999	13.9	6.1	73	0	82.2	1	
3	17	1999	17.2	8.3	171	0	78.6	1	
3	18	1999	16.1	6.7	179	0	80.05	2	
3	19	1999	18.9	8.9	133	0	64.1	2	
3	20	1999	15.6	6.1	154	2.031	71.25	2	
3	21	1999	16.1	7.2	154	0	71.4	2	
3	22	1999	15	6.7	153	1.015	77.85	2	
3	23	1999	16.1	8.3	142	0	75.75	2	
3	24	1999	15.6	9.4	53	13.95	80.85	2	
3	25	1999	19.4	8.3	184	1.015	79.15	2	
3	26	1999	20	7.8	235	0	69.25	2	
3	27	1999	16.7	1.1	256	0	58.9	2	
3	28	1999	17.2	2.2	253	0	58.65	2	
3	29	1999	16.1	6.1	204	0	60.45	3	
3	30	1999	12.8	2.2	216	3.046	69.25	3	
3	31	1999	12.8	0.6	216	0	66.9	2	
4	1	1999	16.1	0.6	247	0	65.9	2	
4	2	1999	17.8	3.3	265	0	42.5	3	
4	3	1999	13.9	3.9	198	0	48	3	
4	4	1999	16.7	0.6	274	0	46	3	
4	5	1999	10.6	3.9	46	17	70.1	4	
4	6	1999	13.3	4.4	194	0	79.45	1	
4	7	1999	12.8	5.6	124	1.015	78.1	4	
4	8	1999	11.7	2.2	167	10.91	75.5	4	
4	9	1999	13.9	0	267	0	64.75	2	
4	10	1999	12.2	5	121	4.061	71.45	3	
4	11	1999	18.9	7.8	230	1.015	69.6	3	
4	12	1999	25	5.6	286	0	62.1	3	
4	13	1999	22.2	7.8	279	0	69.65	2	
4	14	1999	30.6	10.6	295	0	42.95	2	
4	15	1999	27.8	13.9	285	0	38.05	2	
4	16	1999	28.9	16.7	269	0	45.75	2	
4	17	1999	28.3	17.8	273	0	47.55	2	
4	18	1999	27.2	16.1	269	0	48.8	2	
4	19	1999	24.4	13.9	249	0	56.3	2	
4	20	1999	23.9	10.6	276	0	62.7	2	
4	21	1999	22.8	7.8	290	0	61.4	2	
4	22	1999	23.3	6.7	306	0	57.3	3	
4	23	1999	26.1	7.2	295	0	45	3	
4	24	1999	26.7	10.6	301	0	49.45	2	
4	25	1999	19.4	8.3	255	0	78.15	2	
4	26	1999	21.1	10.6	163	3.046	76.1	2	
4	27	1999	17.8	5.6	299	0	55.5	2	
4	28	1999	18.3	2.8	282	0	58.1	2	
4	29	1999	23.3	5.6	296	0	47.35	3	
4	30	1999	26.1	10	302	0	47.75	2	
5	1	1999	23.9	10	302	0	61.85	3	
5	2	1999	13.9	7.8	129	4.061	82.65	3	
5	3	1999	17.2	9.4	153	0	73.85	4	
5	4	1999	18.3	6.7	299	0	64.3	2	
5	5	1999	27.2	6.7	313	0	55.05	2	
5	6	1999	26.7	10.6	301	0	58.8	3	
5	7	1999	23.3	7.2	316	0	56	2	
5	8	1999	21.7	5	314	0	46.9	2	
5	9	1999	21.1	3.3	307	0	49.85	2	
5	10	1999	22.8	7.2	275	0	44.65	2	
5	11	1999	27.2	11.7	308	0	54.7	2	
5	12	1999	26.1	12.8	311	0	54.8	2	
5	13	1999	20.6	5	322	0	55.45	2	
5	14	1999	19.4	6.1	310	0	52	2	
5	15	1999	21.7	5.6	329	0	43.65	2	
5	16	1999	25	7.2	324	0	38.95	2	
5	17	1999	27.2	11.1	329	0	41.8	2	
5	18	1999	25	10	319	0	55.65	2	
5	19	1999	25	7.8	328	0	65.25	2	
5	20	1999	22.2	8.3	322	0	63.85	2	
5	21	1999	30.6	15	318	0	60.85	2	
5	22	1999	33.3	14.4	347	0	47.5	2	
5	23	1999	27.8	11.7	341	0	63.8	2	
5	24	1999	27.2	11.1	341	0	66	2	
5	25	1999	29.4	12.2	334	0	68.9	-1	
5	26	1999	31.7	17.2	337	0	60.75	2	
5	27	1999	30.6	13.9	342	0	62.8	1	
5	28	1999	27.8	11.1	349	0	65.75	2	
5	29	1999	23.3	9.4	341	0	68	1	
5	30	1999	25.6	11.7	341	0	66.95	2	
5	31	1999	27.2	10	343	0	66.85	2	
6	1	1999	21.7	10	274	0	69.35	3	
6	2	1999	18.9	8.9	197	1.015	66.9	4	
6	3	1999	15	7.2	150	1.015	79.8	1	
6	4	1999	22.2	7.8	296	0	71.9	2	
6	5	1999	27.2	12.2	339	0	63.65	2	
6	6	1999	26.1	12.8	344	0	50.5	2	
6	7	1999	23.3	8.9	351	0	44	2	
6	8	1999	24.4	7.2	358	0	49.6	2	
6	9	1999	26.1	9.4	332	0	40.95	2	
6	10	1999	27.8	10.6	336	0	45.05	2	
6	11	1999	29.4	13.3	342	0	46.25	2	
6	12	1999	29.4	11.7	343	0	55.35	2	
6	13	1999	31.1	11.7	353	0	52.25	2	
6	14	1999	31.7	15.6	355	0	50.15	2	
6	15	1999	27.8	11.7	316	0	61.6	2	
6	16	1999	31.7	10	356	0	58.65	1	
6	17	1999	32.8	16.1	355	0	41.85	2	
6	18	1999	31.1	14.4	294	0	53.5	2	
6	19	1999	31.1	13.9	347	0	50.9	2	
6	20	1999	32.8	16.1	324	0	42.4	2	
6	21	1999	32.2	16.7	335	0	51.35	1	
6	22	1999	35	18.3	339	0	51.45	2	
6	23	1999	35	20	343	0	47.45	2	
6	24	1999	31.1	13.9	344	0	54.95	3	
6	25	1999	29.4	13.3	349	0	59.05	2	
6	26	1999	31.7	15	352	0	42.05	2	
6	27	1999	32.8	17.2	349	0	33.85	2	
6	28	1999	35	18.9	345	0	36.25	2	
6	29	1999	37.2	20	347	0	39.45	2	
6	30	1999	37.8	22.2	345	0	35.65	2	
7	1	1999	37.2	22.8	345	0	38	2	
7	2	1999	31.1	17.2	338	0	52.3	2	
7	3	1999	26.7	15.6	348	0	34.9	4	
7	4	1999	27.2	8.9	350	0	53.45	2	
7	5	1999	33.9	15.6	357	0	34	2	
7	6	1999	32.8	17.2	350	0	35.55	2	
7	7	1999	32.2	11.7	354	0	44.4	2	
7	8	1999	35.6	17.2	354	0	29.45	2	
7	9	1999	35	17.8	354	0	31.25	2	
7	10	1999	35.6	17.8	337	0	39.45	2	
7	11	1999	37.8	21.7	326	0	40.75	2	
7	12	1999	40	24.4	321	0	37.7	2	
7	13	1999	36.7	24.4	309	0	35.05	2	
7	14	1999	33.3	21.7	329	0	37.65	3	
7	15	1999	31.1	16.7	341	0	42	2	
7	16	1999	30	11.7	342	0	48.1	2	
7	17	1999	28.3	10.6	341	0	55.4	2	
7	18	1999	30.6	14.4	337	0	42.8	2	
7	19	1999	26.7	12.8	328	0	50.25	2	
7	20	1999	25	11.1	336	0	55.15	2	
7	21	1999	28.3	10.6	335	0	59.1	2	
7	22	1999	30.6	15	335	0	43.8	2	
7	23	1999	28.3	14.4	325	0	51.7	3	
7	24	1999	27.8	9.4	329	0	58.45	2	
7	25	1999	30	15	326	0	48.5	-1	
7	26	1999	31.7	14.4	329	0	49.65	2	
7	27	1999	31.1	12.8	288	0	56.7	1	
7	28	1999	29.4	14.4	322	0	51.35	1	
7	29	1999	30.6	14.4	330	0	47.2	2	
7	30	1999	32.2	13.9	322	0	43.85	2	
7	31	1999	31.1	12.8	312	0	49.9	2	
8	1	1999	30	12.2	318	0	57.05	2	
8	2	1999	31.7	14.4	317	0	56	1	
8	3	1999	32.8	16.1	320	0	49.9	2	
8	4	1999	32.2	16.1	319	0	55.1	2	
8	5	1999	26.7	12.8	281	0	68.1	3	
8	6	1999	23.9	15	218	0	65.7	3	
8	7	1999	25.6	13.9	300	0	65.65	2	
8	8	1999	27.2	14.4	298	0	59.2	2	
8	9	1999	28.3	14.4	248	0	60.7	1	
8	10	1999	26.1	16.1	217	0	67.9	2	
8	11	1999	26.1	14.4	299	0	71.15	1	
8	12	1999	28.9	13.3	307	0	64.45	2	
8	13	1999	28.3	12.2	315	0	48.9	2	
8	14	1999	28.3	12.8	309	0	50.5	2	
8	15	1999	30.6	10.6	308	0	56.75	1	
8	16	1999	32.2	16.7	307	0	40.35	2	
8	17	1999	33.3	17.8	307	0	36.5	2	
8	18	1999	30	14.4	302	0	48.95	2	
8	19	1999	32.2	10.6	308	0	54.05	1	
8	20	1999	32.8	16.7	304	0	35.45	2	
8	21	1999	35.6	14.4	300	0	40.75	1	
8	22	1999	37.2	20	293	0	38.2	2	
8	23	1999	35	21.7	282	0	36.4	2	
8	24	1999	36.7	19.4	296	0	24.6	2	
8	25	1999	37.2	20	276	0	24.45	2	
8	26	1999	36.7	23.9	166	0	38.3	3	
8	27	1999	35	22.2	267	0	44.65	2	
8	28	1999	34.4	19.4	261	0	48.45	1	
8	29	1999	33.3	19.4	278	0	45.6	2	
8	30	1999	25.6	15	230	0	41.75	3	
8	31	1999	26.7	9.4	278	0	42.15	2	
9	1	1999	26.1	12.2	261	0	33.55	2	
9	2	1999	27.8	12.8	252	0	39.6	2	
9	3	1999	28.3	12.2	247	0	44.25	2	
9	4	1999	32.2	13.3	275	0	36.9	1	
9	5	1999	33.9	18.3	256	0	33.7	2	
9	6	1999	33.9	18.3	263	0	31	2	
9	7	1999	33.9	18.3	256	0	30.95	2	
9	8	1999	35.6	16.7	253	0	36.25	2	
9	9	1999	30.6	17.2	185	0	53.55	2	
9	10	1999	30	13.9	244	0	60.75	1	
9	11	1999	30	13.3	238	0	63.15	1	
9	12	1999	30.6	15	244	0	60.3	1	
9	13	1999	31.7	15	248	0	56.9	1	
9	14	1999	30.6	15.6	236	0	51.8	1	
9	15	1999	31.1	14.4	240	0	54.35	1	
9	16	1999	31.7	14.4	227	0	50.05	1	
9	17	1999	32.2	16.7	231	0	42.9	1	
9	18	1999	29.4	16.1	141	0	49.7	1	
9	19	1999	28.3	12.8	230	0	64.05	1	
9	20	1999	28.9	12.2	226	0	67.4	1	
9	21	1999	33.3	16.7	236	0	48.15	1	
9	22	1999	31.7	18.9	225	0	41.35	2	
9	23	1999	31.1	18.3	218	0	50.6	2	
9	24	1999	30.6	17.2	217	0	48.95	2	
9	25	1999	32.8	17.2	226	0	46.3	1	
9	26	1999	32.2	13.9	232	0	37.55	2	
9	27	1999	32.2	12.8	234	0	28.85	2	
9	28	1999	31.1	13.9	229	0	20.8	2	
9	29	1999	33.3	21.1	213	0	28.8	2	
9	30	1999	33.9	19.4	215	0	29.75	2	
10	1	1999	31.7	19.4	202	0	34.4	2	
10	2	1999	28.3	15.6	201	0	44.55	2	
10	3	1999	27.8	11.7	201	0	56.35	1	
10	4	1999	23.9	12.2	181	0	59.25	2	
10	5	1999	21.1	12.2	168	0	62.15	3	
10	6	1999	23.3	12.8	118	0	64.6	2	
10	7	1999	28.9	11.7	206	0	44.6	2	
10	8	1999	28.9	13.3	205	0	41.6	2	
10	9	1999	30.6	16.1	204	0	38.2	2	
10	10	1999	32.2	18.3	202	0	31.05	2	
10	11	1999	30.6	17.8	194	0	33.95	2	
10	12	1999	31.1	15.6	201	0	32.85	2	
10	13	1999	32.8	17.2	198	0	21.3	2	
10	14	1999	29.4	16.7	179	0	27.8	2	
10	15	1999	28.3	11.7	187	0	29.75	3	
10	16	1999	30	13.9	188	0	9.5	2	
10	17	1999	27.2	13.9	160	0	23.6	1	
10	18	1999	26.1	12.2	144	0	29	-1	
10	19	1999	27.2	12.2	151	0	31.95	1	
10	20	1999	28.3	13.3	166	0	31.95	1	
10	21	1999	28.3	13.9	168	0	31.9	1	
10	22	1999	28.9	15	156	0	32.25	2	
10	23	1999	25.6	13.3	170	0	35	2	
10	24	1999	23.3	8.9	172	0	45.95	1	
10	25	1999	25	11.1	171	0	40.05	2	
10	26	1999	24.4	11.7	144	0	48.3	2	
10	27	1999	20.6	11.7	61	34.01	76.1	3	
10	28	1999	18.9	10	132	0	74.7	3	
10	29	1999	20.6	6.1	165	0	64.15	1	
10	30	1999	23.9	10	160	0	55.05	2	
10	31	1999	25	11.1	162	0	51	2	
11	1	1999	25.6	10.6	162	0	50.2	2	
11	2	1999	25	12.2	160	0	49.1	1	
11	3	1999	22.8	10.6	155	0	59.85	1	
11	4	1999	24.4	12.2	150	0	54.85	2	
11	5	1999	25.6	14.4	150	0	55.85	2	
11	6	1999	21.1	10	142	0	71.8	2	
11	7	1999	19.4	8.9	77	13.95	70.85	4	
11	8	1999	16.7	10	90	12.94	81.15	3	
11	9	1999	16.7	9.4	96	0	76.25	2	
11	10	1999	15.6	11.1	33	3.046	85.75	2	
11	11	1999	21.1	11.1	136	0	70.6	2	
11	12	1999	22.8	10.6	126	0	66.3	1	
11	13	1999	24.4	11.7	122	0	59.85	1	
11	14	1999	21.1	13.3	94	0	60.05	1	
11	15	1999	21.1	11.7	125	2.031	77.35	2	
11	16	1999	19.4	10	74	14.97	81.65	2	
11	17	1999	15	6.7	120	8.122	76.8	2	
11	18	1999	16.1	5.6	118	0	69.65	2	
11	19	1999	13.9	8.9	13	18.02	80.1	4	
11	20	1999	15	9.4	57	2.031	88.9	3	
11	21	1999	13.9	4.4	133	0	69.65	2	
11	22	1999	13.3	1.7	125	0	62.8	2	
11	23	1999	14.4	3.3	119	0	65.7	2	
11	24	1999	14.4	3.9	109	0	68.7	1	
11	25	1999	16.7	5	121	0	72.35	1	
11	26	1999	16.1	6.7	111	0	77.4	1	
11	27	1999	15	6.7	83	0	87.45	1	
11	28	1999	16.7	7.8	83	0	78.65	1	
11	29	1999	16.7	10	18	0	62.5	2	
11	30	1999	12.8	8.9	47	5.076	89.5	3	
12	1	1999	13.9	5.6	111	1.015	84.15	2	
12	2	1999	11.7	3.9	29	1.015	73.9	2	
12	3	1999	14.4	3.3	116	0	59	3	
12	4	1999	15.6	2.2	115	0	68.6	2	
12	5	1999	16.1	3.3	94	0	68	1	
12	6	1999	11.7	3.9	61	0	67.95	2	
12	7	1999	12.8	3.9	96	0	70.75	2	
12	8	1999	10.6	2.2	75	0	64.75	2	
12	9	1999	11.1	4.4	30	12.94	79	3	
12	10	1999	12.2	-0.6	116	0	68.95	2	
12	11	1999	15.6	3.9	108	0	70	1	
12	12	1999	13.3	3.9	83	0	78.35	2	
12	13	1999	12.2	1.1	95	0	72.3	2	
12	14	1999	12.8	0.6	95	0	63.05	1	
12	15	1999	12.8	2.2	108	0	76.25	1	
12	16	1999	15	2.2	119	0	73.2	1	
12	17	1999	15	3.3	98	0	75.35	2	
12	18	1999	12.2	4.4	74	0	85.85	1	
12	19	1999	21.7	7.2	100	0	35.45	4	
12	20	1999	24.4	3.3	114	0	56.05	2	
12	21	1999	24.4	5	107	0	52.25	2	
12	22	1999	17.8	4.4	106	0	50.15	2	
12	23	1999	17.8	5.6	108	0	61.95	2	
12	24	1999	17.8	5	110	0	62.3	1	
12	25	1999	17.2	2.8	111	0	67.35	1	
12	26	1999	16.1	3.9	110	0	66.45	1	
12	27	1999	19.4	3.9	112	0	60	1	
12	28	1999	18.3	6.1	113	0	51.05	1	
12	29	1999	16.1	4.4	113	0	63.2	1	
12	30	1999	16.1	4.4	114	0	61	1	
12	31	1999	13.3	3.9	112	0	72.45	1	
1	1	2000	10	2.2	40	0	85.15	2	
1	2	2000	10.6	1.7	102	0	75.5	2	
1	3	2000	12.8	2.8	108	0	67.7	2	
1	4	2000	13.3	2.8	55	0	79.75	2	
1	5	2000	14.4	0.6	119	0	59.55	3	
1	6	2000	12.8	0.6	85	0	59.1	2	
1	7	2000	13.9	2.8	107	0	65.65	1	
1	8	2000	13.9	3.9	107	0	72.65	2	
1	9	2000	11.7	3.9	56	0	81.3	1	
1	10	2000	14.4	7.8	51	0	82.3	3	
1	11	2000	12.2	8.9	10	17	86.15	5	
1	12	2000	10.6	5.6	57	0	73.8	2	
1	13	2000	15	6.7	81	0	75.3	3	
1	14	2000	15	9.4	54	0	74.15	2	
1	15	2000	17.8	10	21	13.95	70.1	4	
1	16	2000	15	5.6	112	8.122	73.75	4	
1	17	2000	11.1	5.6	19	3.046	87.2	1	
1	18	2000	14.4	8.3	40	27.91	93.85	1	
1	19	2000	16.1	11.7	31	9.899	91.3	2	
1	20	2000	13.9	7.8	57	0	89	2	
1	21	2000	14.4	7.2	88	3.046	79.4	2	
1	22	2000	13.9	7.8	99	0	86.7	1	
1	23	2000	12.8	9.4	11	23.09	91.55	2	
1	24	2000	11.1	9.4	13	61.92	94.5	2	
1	25	2000	12.8	9.4	42	6.091	95.8	1	
1	26	2000	13.9	6.7	106	0	87.65	2	
1	27	2000	13.9	4.4	141	0	79.15	2	
1	28	2000	14.4	2.8	132	0	67.2	1	
1	29	2000	17.2	6.1	128	0	59.6	2	
1	30	2000	13.3	7.8	28	21.06	76.5	4	
1	31	2000	10.6	7.2	47	4.061	84.9	2	
2	1	2000	16.1	6.7	118	0	85.7	1	
2	2	2000	18.9	6.1	149	0	81.6	2	
2	3	2000	17.2	8.3	39	21.06	71.5	2	
2	4	2000	14.4	7.8	75	1.015	81.6	2	
2	5	2000	15	9.4	41	1.015	78.5	3	
2	6	2000	18.9	7.2	148	1.015	78	1	
2	7	2000	20	6.7	123	0	69.55	2	
2	8	2000	16.1	8.9	48	0	70.85	1	
2	9	2000	16.7	10.6	60	2.031	78.85	1	
2	10	2000	13.9	7.8	23	40.86	86	2	
2	11	2000	11.1	5	24	39.84	89.65	4	
2	12	2000	10.6	5	41	12.94	89.65	4	
2	13	2000	13.9	7.2	17	54.06	94.7	5	
2	14	2000	15	10.6	78	17	83.4	5	
2	15	2000	15	7.8	134	0	79.55	2	
2	16	2000	11.1	7.8	49	10.91	92.1	1	
2	17	2000	12.2	5	56	0	88.7	1	
2	18	2000	16.1	3.3	181	0	76.5	2	
2	19	2000	17.2	6.1	146	0	60.9	2	
2	20	2000	18.3	9.4	56	7.107	69.65	3	
2	21	2000	17.2	5	170	1.015	73.2	2	
2	22	2000	12.2	7.8	14	48.98	82.2	5	
2	23	2000	12.2	4.4	175	15.99	75.25	2	
2	24	2000	10.6	2.8	115	1.015	81.6	2	
2	25	2000	14.4	6.1	164	1.015	76.25	1	
2	26	2000	13.9	8.9	28	39.84	90.15	4	
2	27	2000	13.9	8.3	82	21.06	85.95	4	
2	28	2000	14.4	6.1	146	0	80.2	2	
2	29	2000	13.3	5.6	90	19.03	82.65	3	
3	1	2000	15.6	2.8	201	0	71.9	2	
3	2	2000	11.1	4.4	42	1.015	85.75	2	
3	3	2000	17.8	2.8	206	0	79.4	1	
3	4	2000	15.6	7.2	152	22.08	83.2	2	
3	5	2000	11.1	7.2	42	34.01	92.8	2	
3	6	2000	10	6.7	62	1.015	85.25	1	
3	7	2000	11.7	6.1	59	8.883	81.2	3	
3	8	2000	12.8	5.6	130	13.95	79.8	3	
3	9	2000	12.8	7.2	100	9.899	83.85	4	
3	10	2000	15.6	5	166	2.031	77.8	2	
3	11	2000	17.2	8.9	146	0	86.45	2	
3	12	2000	21.1	5	159	0	-1	-1	
3	13	2000	22.2	3.9	193	0	-1	-1	
3	14	2000	22.8	7.2	188	0	-1	-1	
3	15	2000	23.9	5	192	0	-1	-1	
3	16	2000	21.7	7.2	173	0	-1	-1	
3	17	2000	22.2	5.6	191	0	-1	-1	
3	18	2000	23.9	5.6	217	0	-1	-1	
3	19	2000	19.4	10	221	0	-1	-1	
3	20	2000	19.4	4.4	253	0	29.85	3	
3	21	2000	25	10.6	253	0	23.1	4	
3	22	2000	22.2	8.9	240	0	45.05	2	
3	23	2000	19.4	8.9	208	0	63.05	2	
3	24	2000	20	7.2	244	0	68.65	2	
3	25	2000	20.6	6.7	237	0	72.65	1	
3	26	2000	22.2	7.2	254	0	70.4	1	
3	27	2000	13.9	8.3	145	0	76.15	2	
3	28	2000	19.4	5.6	246	0	68.25	2	
3	29	2000	20.6	5.6	251	0	65.7	2	
3	30	2000	25	7.2	273	0	39.3	3	
3	31	2000	28.3	8.9	275	0	21.15	3	
4	1	2000	27.8	10	262	0	27.95	2	
4	2	2000	32.2	8.9	246	0	-1	-1	
4	3	2000	28.9	13.9	271	0	44.95	2	
4	4	2000	23.9	11.7	273	0	59.6	2	
4	5	2000	24.4	7.8	273	0	55.35	1	
4	6	2000	23.3	6.7	278	0	57.35	2	
4	7	2000	25.6	8.9	279	0	48.65	2	
4	8	2000	22.2	10.6	273	0	56.35	3	
4	9	2000	21.1	6.1	276	0	71.4	1	
4	10	2000	26.7	8.3	278	0	57.6	2	
4	11	2000	26.1	11.7	252	0	55.2	2	
4	12	2000	26.1	13.3	115	5.076	58.8	2	
4	13	2000	19.4	12.2	209	9.899	75.45	3	
4	14	2000	18.9	10	199	0	67.45	2	
4	15	2000	15.6	11.1	105	0	73.05	3	
4	16	2000	18.9	10.6	123	5.076	70.75	3	
4	17	2000	13.3	6.7	46	31.98	88.3	2	
4	18	2000	16.7	7.2	175	0	70.1	2	
4	19	2000	19.4	10.6	231	0	67.9	2	
4	20	2000	22.2	11.1	286	0	63.25	2	
4	21	2000	25	10.6	283	0	62.35	2	
4	22	2000	19.4	9.4	221	0	67.5	4	
4	23	2000	19.4	4.4	301	0	67.9	2	
4	24	2000	23.3	7.8	304	0	49.2	2	
4	25	2000	25	10	295	0	48.85	2	
4	26	2000	27.8	12.2	305	0	51.5	2	
4	27	2000	22.8	10.6	257	0	46.4	3	
4	28	2000	17.8	3.3	315	0	55.2	2	
4	29	2000	23.9	4.4	312	0	53.15	1	
4	30	2000	27.8	10.6	312	0	47.95	2	
5	1	2000	27.2	12.2	286	0	50.45	2	
5	2	2000	25.6	11.7	311	0	57.1	2	
5	3	2000	26.7	11.7	312	0	59.3	2	
5	4	2000	24.4	12.8	261	0	67.05	2	
5	5	2000	22.2	10	292	0	60.25	2	
5	6	2000	17.8	7.8	123	8.122	68.05	2	
5	7	2000	13.9	8.9	70	14.97	96.4	1	
5	8	2000	21.7	12.2	207	3.046	78.25	2	
5	9	2000	21.7	12.2	266	0	69.75	3	
5	10	2000	16.7	6.7	236	0	59.1	3	
5	11	2000	18.9	3.9	335	0	56.45	2	
5	12	2000	21.1	8.3	276	0	44.9	2	
5	13	2000	22.8	10	197	0	56	1	
5	14	2000	18.9	8.9	181	5.076	75.35	2	
5	15	2000	13.9	9.4	85	9.899	85	2	
5	16	2000	13.3	8.9	59	1.015	85.05	2	
5	17	2000	24.4	9.4	332	0	70	1	
5	18	2000	27.8	12.8	320	0	56.05	2	
5	19	2000	31.1	13.9	331	0	57	2	
5	20	2000	32.8	16.7	333	0	44.45	2	
5	21	2000	36.7	19.4	333	0	45.6	2	
5	22	2000	35.6	21.7	330	0	42.65	2	
5	23	2000	36.1	21.1	324	0	45.3	2	
5	24	2000	31.1	18.9	304	0	65.45	2	
5	25	2000	26.7	15	313	0	66	2	
5	26	2000	29.4	15	332	0	58.5	2	
5	27	2000	30.6	13.3	337	0	65.45	2	
5	28	2000	30	16.1	325	0	48.35	2	
5	29	2000	27.2	11.7	345	0	54.15	2	
5	30	2000	24.4	9.4	345	0	47.6	2	
5	31	2000	26.7	9.4	346	0	40.6	3	
6	1	2000	30.6	14.4	344	0	31.7	2	
6	2	2000	30.6	16.7	344	0	35.65	2	
6	3	2000	32.2	12.8	348	0	47.95	1	
6	4	2000	31.1	13.9	340	0	45.75	2	
6	5	2000	26.7	10.6	341	0	48.95	2	
6	6	2000	28.9	12.8	339	0	55.95	2	
6	7	2000	24.4	11.7	287	0	55.15	3	
6	8	2000	21.1	13.3	182	2.031	76.6	2	
6	9	2000	23.3	10.6	296	0	64.5	2	
6	10	2000	25	9.4	332	0	60.7	2	
6	11	2000	26.7	11.7	289	0	57.6	2	
6	12	2000	31.1	17.8	283	0	51.5	2	
6	13	2000	40	17.8	347	0	40.95	4	
6	14	2000	39.4	22.8	352	0	33.2	3	
6	15	2000	38.9	21.7	347	0	38.25	2	
6	16	2000	36.1	20	347	0	29.75	3	
6	17	2000	35	18.3	341	0	40	2	
6	18	2000	27.2	15.6	337	0	62.4	2	
6	19	2000	32.8	12.2	341	0	63.35	2	
6	20	2000	36.1	15	351	0	47.25	2	
6	21	2000	36.7	19.4	344	0	39.55	2	
6	22	2000	33.9	18.3	341	0	49.05	2	
6	23	2000	32.2	13.9	342	0	56.85	1	
6	24	2000	33.3	16.7	340	0	50.65	1	
6	25	2000	35	16.7	340	0	55.25	2	
6	26	2000	36.7	17.8	334	0	50.2	2	
6	27	2000	37.2	21.1	329	0	49	2	
6	28	2000	36.7	20.6	327	0	51.25	2	
6	29	2000	35	18.9	328	0	52.25	2	
6	30	2000	31.1	14.4	342	0	57.05	2	
7	1	2000	28.9	10.6	334	0	59.5	2	
7	2	2000	27.2	11.1	334	0	57.8	2	
7	3	2000	25.6	10.6	306	0	64.3	2	
7	4	2000	28.3	11.7	330	0	61.95	2	
7	5	2000	26.1	11.7	321	0	62	2	
7	6	2000	26.1	11.1	291	0	66.55	2	
7	7	2000	26.7	11.1	315	0	62.05	2	
7	8	2000	29.4	10.6	334	0	60.85	2	
7	9	2000	31.1	14.4	335	0	47.05	2	
7	10	2000	31.7	17.2	326	0	46.8	2	
7	11	2000	33.3	15	330	0	50.15	2	
7	12	2000	32.2	15.6	330	0	52.6	2	
7	13	2000	30	14.4	328	0	57.1	2	
7	14	2000	32.2	18.3	332	0	43.65	2	
7	15	2000	32.2	17.8	310	0	39.1	2	
7	16	2000	28.3	13.9	253	0	58.3	2	
7	17	2000	27.8	11.1	330	0	64.5	1	
7	18	2000	32.2	11.7	333	0	55.25	1	
7	19	2000	34.4	16.7	333	0	39.95	2	
7	20	2000	34.4	16.1	330	0	46.2	2	
7	21	2000	33.3	15.6	335	0	50.9	2	
7	22	2000	32.2	13.3	334	0	50.65	1	
7	23	2000	35	16.7	333	0	38.35	2	
7	24	2000	36.7	20	322	0	28.4	2	
7	25	2000	35	20	312	0	38.15	2	
7	26	2000	32.2	15.6	321	0	50.9	2	
7	27	2000	32.2	12.2	323	0	54.6	1	
7	28	2000	35.6	17.2	324	0	39.65	2	
7	29	2000	35.6	18.3	319	0	32.15	2	
7	30	2000	37.2	19.4	305	0	34.9	2	
7	31	2000	39.4	21.1	300	0	31.3	1	
8	1	2000	38.3	23.3	250	0	38.95	2	
8	2	2000	38.3	21.7	289	0	43.45	2	
8	3	2000	34.4	23.9	296	0	39.8	3	
8	4	2000	33.9	18.9	304	0	45.7	2	
8	5	2000	36.1	18.9	306	0	45.15	2	
8	6	2000	35.6	19.4	308	0	44.15	2	
8	7	2000	30.6	15.6	299	0	56.2	2	
8	8	2000	31.1	12.2	301	0	65.15	1	
8	9	2000	31.7	15.6	302	0	49.65	2	
8	10	2000	28.9	15.6	300	0	47.8	2	
8	11	2000	33.9	14.4	309	2.031	39.8	2	
8	12	2000	35	21.1	308	0	29.2	2	
8	13	2000	35.6	16.7	310	0	34.5	2	
8	14	2000	35	17.2	308	0	28	2	
8	15	2000	36.1	16.1	308	0	31.4	2	
8	16	2000	37.2	18.3	310	0	23.1	2	
8	17	2000	34.4	17.2	300	0	30.5	2	
8	18	2000	31.1	14.4	301	0	41.75	2	
8	19	2000	28.9	13.3	298	0	48.4	2	
8	20	2000	30.6	11.7	292	0	50.75	2	
8	21	2000	32.2	15.6	272	0	38.05	2	
8	22	2000	32.8	15.6	270	0	43.35	2	
8	23	2000	30	16.1	281	0	45.9	2	
8	24	2000	33.3	13.9	285	0	45.95	2	
8	25	2000	34.4	17.8	286	0	29.7	2	
8	26	2000	33.3	20	283	0	29.7	2	
8	27	2000	33.9	17.2	279	0	33.45	2	
8	28	2000	32.8	17.8	275	0	36.75	2	
8	29	2000	24.4	16.1	99	0	59.2	1	
8	30	2000	22.2	15.6	123	0	64.25	1	
8	31	2000	25	13.3	252	0	68.2	3	
9	1	2000	18.9	13.3	49	14.97	83.95	4	
9	2	2000	21.7	13.3	174	2.031	72.15	2	
9	3	2000	22.8	13.3	193	0	64.65	2	
9	4	2000	22.8	10	273	0	62.8	2	
9	5	2000	25	11.7	270	0	49.9	2	
9	6	2000	28.9	18.9	268	0	35.85	3	
9	7	2000	32.8	15.6	271	0	29.25	2	
9	8	2000	31.1	17.8	249	0	28.25	3	
9	9	2000	30.6	14.4	259	0	41.1	2	
9	10	2000	31.7	15	259	0	39.65	2	
9	11	2000	32.8	16.1	258	0	34.9	2	
9	12	2000	34.4	18.3	217	0	32.85	2	
9	13	2000	36.1	22.8	150	0	34.9	1	
9	14	2000	28.9	18.3	233	0	56	2	
9	15	2000	28.3	16.1	247	0	61.3	2	
9	16	2000	29.4	12.8	244	0	58.05	2	
9	17	2000	33.9	17.2	248	0	38.4	2	
9	18	2000	36.1	19.4	243	0	27.7	2	
9	19	2000	36.7	20	237	0	33.1	2	
9	20	2000	35.6	19.4	233	0	39.8	2	
9	21	2000	26.1	17.2	228	0	56.65	4	
9	22	2000	21.1	13.3	78	2.031	78.95	2	
9	23	2000	25	10.6	234	2.031	60.75	2	
9	24	2000	28.3	12.8	227	0	40	2	
9	25	2000	30.6	15.6	230	0	37.05	2	
9	26	2000	31.1	17.8	230	0	34.8	2	
9	27	2000	28.9	15.6	216	0	54	2	
9	28	2000	24.4	11.1	213	0	68.2	1	
9	29	2000	32.8	11.7	215	0	57.05	2	
9	30	2000	31.7	15.6	208	0	48	2	
10	1	2000	33.3	18.3	210	0	45.7	2	
10	2	2000	27.2	15	212	0	56.3	2	
10	3	2000	28.3	10.6	211	0	53.8	1	
10	4	2000	27.8	12.2	207	0	58.65	1	
10	5	2000	29.4	13.3	204	2.031	56.65	1	
10	6	2000	30.6	13.3	201	0	48.4	1	
10	7	2000	25.6	10.6	198	0	63	1	
10	8	2000	26.7	11.1	196	0	67.2	1	
10	9	2000	18.9	10.6	191	0	-1	-1	
10	10	2000	15	7.8	185	2.792	-1	-1	
10	11	2000	16.1	6.1	176	1.523	-1	-1	
10	12	2000	18.3	8.3	162	0	75.6	1	
10	13	2000	20.6	10	185	1.015	68.25	2	
10	14	2000	23.3	9.4	188	0	65.5	1	
10	15	2000	24.4	11.7	179	0	62.15	2	
10	16	2000	26.7	11.7	188	0	52	2	
10	17	2000	27.8	12.8	183	0	49.6	2	
10	18	2000	28.3	12.8	166	0	45.4	2	
10	19	2000	26.7	11.1	178	0	48.15	1	
10	20	2000	21.7	10	75	0	72.25	2	
10	21	2000	22.8	7.2	179	0	60.4	2	
10	22	2000	23.3	9.4	182	0	24.85	3	
10	23	2000	23.9	8.9	172	0	36.4	2	
10	24	2000	24.4	13.3	159	0	43.25	2	
10	25	2000	15.6	11.1	32	8.883	74.25	2	
10	26	2000	13.3	8.9	40	7.107	86.25	1	
10	27	2000	18.9	7.8	167	1.015	76.65	2	
10	28	2000	14.4	10.6	28	22.08	85.35	4	
10	29	2000	15.6	9.4	92	3.046	82.9	3	
10	30	2000	15.6	5.6	87	7.107	82.1	2	
10	31	2000	18.3	6.1	161	0	66.85	2	
11	1	2000	16.7	6.7	103	0	75.2	1	
11	2	2000	21.7	6.7	154	0	67.5	1	
11	3	2000	25.6	8.3	155	0	51.85	2	
11	4	2000	20.6	8.9	145	0	62.2	2	
11	5	2000	18.9	9.4	117	0	76.1	1	
11	6	2000	21.1	8.3	151	0	57.95	2	
11	7	2000	20.6	9.4	149	0	48.9	3	
11	8	2000	17.2	3.9	66	0	69.55	2	
11	9	2000	13.3	1.7	146	0	70	2	
11	10	2000	10.6	3.3	53	18.02	85.35	2	
11	11	2000	12.8	1.7	140	0	68.45	2	
11	12	2000	13.3	2.8	145	0	55.8	2	
11	13	2000	10.6	3.3	56	4.061	70.95	3	
11	14	2000	10.6	1.7	97	6.091	84.75	1	
11	15	2000	10.6	1.1	114	0	82.75	1	
11	16	2000	13.3	1.7	133	0	69.35	2	
11	17	2000	15	2.8	136	0	54.95	1	
11	18	2000	16.1	3.3	128	0	64.9	2	
11	19	2000	15.6	4.4	117	0	68.45	1	
11	20	2000	16.1	3.9	122	0	62.55	1	
11	21	2000	12.8	4.4	49	2.031	77.05	1	
11	22	2000	11.1	3.3	107	0	91.35	1	
11	23	2000	11.1	1.7	66	0	88.05	1	
11	24	2000	14.4	2.8	116	0	85.15	1	
11	25	2000	12.8	4.4	95	0	89.55	2	
11	26	2000	11.1	5	64	1.015	92.65	1	
11	27	2000	8.9	6.7	22	0	99.55	1	
11	28	2000	8.9	5.6	30	0	99.05	1	
11	29	2000	14.4	6.7	74	10.91	83.7	3	
11	30	2000	15	5.6	116	0	75.65	2	
12	1	2000	15.6	5.6	102	0	78.6	1	
12	2	2000	15.6	3.3	117	0	79.15	1	
12	3	2000	16.1	3.3	111	0	79.1	1	
12	4	2000	13.3	5.6	65	0	86.45	1	
12	5	2000	13.9	2.2	116	0	87.75	1	
12	6	2000	16.7	0.6	78	0	85.55	1	
12	7	2000	13.9	5.6	42	0	85.15	1	
12	8	2000	17.8	7.2	102	0	71.05	1	
12	9	2000	13.9	9.4	27	2.031	84.4	1	
12	10	2000	12.8	7.8	32	0	94.2	1	
12	11	2000	11.1	6.7	30	13.95	84.75	2	
12	12	2000	12.2	4.4	80	0	88.5	1	
12	13	2000	11.1	6.7	29	8.122	82.15	4	
12	14	2000	10.6	8.9	19	2.031	92.75	4	
12	15	2000	14.4	6.7	71	1.015	87.6	2	
12	16	2000	13.9	5.6	106	0	74.4	2	
12	17	2000	16.7	3.3	111	0	64.65	2	
12	18	2000	15.6	1.1	108	0	72.15	2	
12	19	2000	16.7	4.4	96	0	55.6	2	
12	20	2000	17.2	6.1	86	0	61.15	1	
12	21	2000	13.9	5	43	0	70	3	
12	22	2000	16.7	5.6	78	0	73.85	1	
12	23	2000	11.7	4.4	53	0	79.6	1	
12	24	2000	13.9	2.8	99	0	73.05	1	
12	25	2000	12.8	1.1	87	0	64.75	1	
12	26	2000	16.1	1.7	109	0	71.05	1	
12	27	2000	15	5	97	0	68	1	
12	28	2000	15	2.8	110	0	68.4	1	
12	29	2000	17.2	2.8	101	0	73.4	1	
12	30	2000	15.6	3.3	112	0	73.4	1	
12	31	2000	13.9	3.3	98	0	77.35	1	
1	1	2001	17.2	3.3	108	0	71.4	1	
1	2	2001	17.2	2.8	112	0	66.45	1	
1	3	2001	17.2	3.9	117	0	58.5	1	
1	4	2001	17.8	3.3	111	0	59.45	1	
1	5	2001	17.2	2.8	116	0	59.6	1	
1	6	2001	16.7	4.4	111	0	65.9	1	
1	7	2001	13.9	5.6	66	0	59.2	1	
1	8	2001	12.2	6.7	16	27.91	79.4	2	
1	9	2001	10	1.1	44	3.046	90.6	3	
1	10	2001	12.8	6.1	16	19.03	73.5	5	
1	11	2001	10.6	6.7	41	7.107	81.75	3	
1	12	2001	11.7	4.4	112	1.015	85.6	1	
1	13	2001	11.7	6.7	69	0	79.1	2	
1	14	2001	11.1	1.1	123	0	78.6	2	
1	15	2001	12.8	0	128	0	51.4	2	
1	16	2001	13.9	0	130	0	37.25	3	
1	17	2001	11.7	-1.1	129	0	55.9	1	
1	18	2001	11.1	0	93	0	66.25	2	
1	19	2001	14.4	3.3	120	0	68.05	2	
1	20	2001	13.9	2.2	93	0	67.85	1	
1	21	2001	16.1	3.9	85	0	61.4	1	
1	22	2001	17.8	7.2	131	0	58.6	2	
1	23	2001	15	7.2	34	22.08	73.7	3	
1	24	2001	11.7	5.6	57	3.046	83.9	3	
1	25	2001	8.9	3.3	17	21.06	77.45	4	
1	26	2001	11.1	1.1	93	0	82.15	2	
1	27	2001	16.7	0.6	142	0	56.45	2	
1	28	2001	12.2	0	126	0	76.5	2	
1	29	2001	11.1	3.9	106	4.061	72.25	2	
1	30	2001	12.8	0	108	0	58.65	2	
1	31	2001	15.6	0	148	0	59.9	1	
2	1	2001	13.3	2.8	125	0	66.45	2	
2	2	2001	14.4	6.1	71	0	71.45	1	
2	3	2001	19.4	6.7	139	0	62.05	2	
2	4	2001	20	6.7	148	0	73.1	1	
2	5	2001	19.4	7.8	154	0	65.7	2	
2	6	2001	12.2	3.9	75	0	63.55	3	
2	7	2001	13.3	1.1	164	0	39.15	3	
2	8	2001	14.4	2.2	145	0	34.4	3	
2	9	2001	8.9	4.4	17	26.9	71.95	5	
2	10	2001	7.8	4.4	46	13.95	88.4	4	
2	11	2001	8.3	4.4	69	23.09	85.7	4	
2	12	2001	9.4	1.7	85	2.031	79.35	2	
2	13	2001	17.8	1.1	154	0	54.75	3	
2	14	2001	13.3	2.2	172	0	59.4	2	
2	15	2001	13.3	3.9	136	0	72.95	2	
2	16	2001	16.1	7.2	160	0	60.9	2	
2	17	2001	15	7.8	57	2.031	71.05	2	
2	18	2001	12.2	8.3	31	4.061	86.1	2	
2	19	2001	12.2	6.7	60	23.09	81.9	4	
2	20	2001	12.2	8.9	49	7.107	80.5	4	
2	21	2001	11.7	8.9	42	22.08	90.95	3	
2	22	2001	10.6	5.6	81	8.883	81.15	4	
2	23	2001	12.2	1.1	176	0	75.95	2	
2	24	2001	9.4	5.6	30	19.03	87.35	4	
2	25	2001	15.6	6.1	127	0	73.05	2	
2	26	2001	19.4	6.7	174	0	53.6	2	
2	27	2001	21.7	4.4	208	0	32.8	3	
2	28	2001	17.2	6.7	209	0	35.8	3	
3	1	2001	15	4.4	136	0	55.75	2	
3	2	2001	10	3.9	31	15.99	91.1	2	
3	3	2001	12.2	3.9	134	1.015	77.9	2	
3	4	2001	14.4	8.3	44	20.05	76.65	6	
3	5	2001	15.6	8.9	60	9.899	83.8	2	
3	6	2001	18.9	7.2	153	0	69.85	2	
3	7	2001	18.9	7.2	202	0	79.35	2	
3	8	2001	16.1	8.3	103	0	88.6	2	
3	9	2001	14.4	5	90	5.076	70.3	2	
3	10	2001	18.3	2.2	217	0	64.05	2	
3	11	2001	19.4	6.1	225	0	50.6	2	
3	12	2001	20.6	8.3	229	0	50.7	2	
3	13	2001	20.6	6.7	226	0	67.25	2	
3	14	2001	20.6	7.8	226	0	60	2	
3	15	2001	17.8	7.8	155	0	68.75	2	
3	16	2001	17.8	5	222	0	59.75	2	
3	17	2001	20	7.8	200	0	59.3	1	
3	18	2001	23.9	9.4	230	0	68.35	1	
3	19	2001	25	12.8	218	0	67.15	2	
3	20	2001	25.6	14.4	194	0	69.35	1	
3	21	2001	25.6	15	228	0	67.2	2	
3	22	2001	21.7	10.6	225	0	81.85	2	
3	23	2001	21.7	9.4	238	0	77.2	2	
3	24	2001	21.1	10.6	183	13.95	79.1	2	
3	25	2001	19.4	8.9	228	1.015	70.45	2	
3	26	2001	20	10	206	0	62.65	1	
3	27	2001	23.3	8.3	234	0	57.55	2	
3	28	2001	25	13.3	246	0	55.65	2	
3	29	2001	24.4	10	268	0	60	2	
3	30	2001	26.1	10	270	0	48.95	2	
3	31	2001	27.2	12.2	276	0	49.8	2	
4	1	2001	21.7	10.6	255	0	66.45	2	
4	2	2001	14.4	3.3	238	0	61.25	2	
4	3	2001	13.9	-0.6	278	0	64.2	2	
4	4	2001	17.2	2.2	264	0	52.3	2	
4	5	2001	19.4	4.4	286	0	46.6	2	
4	6	2001	11.7	6.7	51	10.91	78.25	4	
4	7	2001	13.3	2.2	189	5.076	72.65	2	
4	8	2001	13.3	2.8	221	0	67.95	2	
4	9	2001	17.8	0.6	270	0	58.1	2	
4	10	2001	18.9	2.8	282	0	50.85	2	
4	11	2001	15.6	5	114	6.091	77.1	3	
4	12	2001	17.8	2.8	280	0	59.05	2	
4	13	2001	16.7	4.4	246	0	67.3	2	
4	14	2001	18.3	5	279	0	61.9	2	
4	15	2001	20.6	7.8	290	0	55.1	2	
4	16	2001	20	10	280	0	59.95	3	
4	17	2001	21.7	10.6	289	0	58.85	2	
4	18	2001	21.7	10.6	196	1.015	67.65	3	
4	19	2001	15.6	7.2	157	8.883	75.45	3	
4	20	2001	9.4	5.6	56	27.91	90.9	3	
4	21	2001	18.3	5.6	256	0	76	2	
4	22	2001	21.1	7.2	302	0	67.7	2	
4	23	2001	23.3	8.3	301	0	66.55	2	
4	24	2001	27.2	13.3	305	0	64.6	2	
4	25	2001	29.4	16.7	306	0	55.25	2	
4	26	2001	28.3	16.1	305	0	54.3	2	
4	27	2001	24.4	10.6	309	0	58.8	3	
4	28	2001	20	10.6	275	0	63.35	2	
4	29	2001	23.9	6.7	312	0	57.8	2	
4	30	2001	27.8	11.1	317	0	57	1	
5	1	2001	25	8.9	328	0	54.25	2	
5	2	2001	23.9	8.3	336	0	28.55	3	
5	3	2001	25.6	11.7	336	0	23.4	3	
5	4	2001	28.3	11.1	328	0	33	3	
5	5	2001	28.3	13.9	328	0	33.3	2	
5	6	2001	30	13.3	329	0	30.55	2	
5	7	2001	33.3	15	332	0	40.9	2	
5	8	2001	35	18.9	325	0	40.55	2	
5	9	2001	34.4	20.6	308	0	45.35	2	
5	10	2001	35	15	329	0	48.3	2	
5	11	2001	32.8	19.4	326	0	38.4	2	
5	12	2001	27.8	15.6	300	0	44	3	
5	13	2001	24.4	12.2	323	0	61.5	2	
5	14	2001	25.6	9.4	265	0	60.6	1	
5	15	2001	25	15.6	155	0	64.05	2	
5	16	2001	26.7	13.9	324	0	65.65	2	
5	17	2001	30.6	12.2	330	0	51.7	2	
5	18	2001	31.1	15	330	0	49.95	3	
5	19	2001	33.9	19.4	336	0	31.4	3	
5	20	2001	35	16.7	337	0	35	3	
5	21	2001	36.7	20	341	0	29.5	3	
5	22	2001	35	19.4	334	0	41.55	2	
5	23	2001	35.6	16.7	340	0	48.3	2	
5	24	2001	33.9	19.4	331	0	37.7	2	
5	25	2001	32.2	18.9	303	0	36.65	2	
5	26	2001	30.6	15	350	0	36	2	
5	27	2001	26.7	10	322	0	56.65	2	
5	28	2001	27.8	8.3	340	0	59.5	1	
5	29	2001	31.7	11.7	346	0	51.95	2	
5	30	2001	36.1	16.1	334	0	35.3	2	
5	31	2001	37.8	20.6	343	0	27.4	2	
6	1	2001	31.7	20	310	0	37.35	3	
6	2	2001	26.1	13.3	347	0	52.7	2	
6	3	2001	26.1	9.4	354	0	52.9	2	
6	4	2001	28.9	8.9	353	0	31.4	2	
6	5	2001	26.7	12.8	317	0	40.05	2	
6	6	2001	30	15.6	346	0	39.25	2	
6	7	2001	35	18.3	348	0	34.85	2	
6	8	2001	32.8	20	350	0	28.55	3	
6	9	2001	30	12.8	357	0	39.75	2	
6	10	2001	28.9	12.2	349	0	50.7	2	
6	11	2001	28.3	14.4	295	0	51.15	1	
6	12	2001	27.8	12.2	357	0	53.45	2	
6	13	2001	28.9	12.2	363	0	31.25	3	
6	14	2001	33.3	17.2	357	0	24.7	2	
6	15	2001	33.9	19.4	355	0	27.65	2	
6	16	2001	35	19.4	353	0	28.05	2	
6	17	2001	35	18.3	346	0	32.75	2	
6	18	2001	35.6	18.9	353	0	31.15	2	
6	19	2001	36.7	18.9	352	0	32.85	2	
6	20	2001	38.3	20.6	346	0	28.55	2	
6	21	2001	38.3	21.7	342	0	34.8	2	
6	22	2001	36.1	21.1	352	0	30.6	2	
6	23	2001	32.2	13.9	315	0	37.9	2	
6	24	2001	27.8	12.2	325	0	35.8	2	
6	25	2001	23.3	15	162	3.046	69.4	1	
6	26	2001	23.9	13.9	185	0	77.7	2	
6	27	2001	19.4	15	107	0	77	2	
6	28	2001	28.3	13.3	344	0	68.55	2	
6	29	2001	32.2	15.6	346	0	52.35	2	
6	30	2001	34.4	20	341	0	41.2	2	
7	1	2001	36.7	18.3	353	0	39.4	2	
7	2	2001	39.4	20	352	0	27.7	2	
7	3	2001	41.7	23.9	287	0	30.1	2	
7	4	2001	38.3	26.1	205	0	33.8	2	
7	5	2001	36.7	20.6	341	0	29.9	2	
7	6	2001	33.3	17.2	338	0	41.85	2	
7	7	2001	32.2	20	313	0	41.2	2	
7	8	2001	35.6	20	344	0	41.4	2	
7	9	2001	33.9	16.7	329	0	44.65	2	
7	10	2001	31.7	15	321	0	54.05	2	
7	11	2001	28.9	15	341	0	51.95	2	
7	12	2001	30	11.7	343	0	62.8	1	
7	13	2001	33.3	15	349	0	52.1	2	
7	14	2001	30.6	14.4	344	0	56.25	2	
7	15	2001	29.4	11.1	346	0	60.65	2	
7	16	2001	25	12.8	334	0	60.95	3	
7	17	2001	28.9	10.6	337	0	63.75	2	
7	18	2001	31.1	14.4	336	0	53.75	2	
7	19	2001	29.4	15	340	0	51.6	2	
7	20	2001	27.2	12.2	342	0	59.6	2	
7	21	2001	28.9	11.1	343	0	55.65	2	
7	22	2001	32.2	14.4	341	0	43.55	2	
7	23	2001	34.4	16.7	329	0	44.55	2	
7	24	2001	34.4	17.2	331	0	52.75	2	
7	25	2001	33.9	16.7	324	0	56.25	2	
7	26	2001	33.9	16.7	333	0	49.85	2	
7	27	2001	34.4	16.1	339	0	42.6	2	
7	28	2001	33.9	13.9	339	0	38.2	2	
7	29	2001	31.1	18.9	334	0	36.7	3	
7	30	2001	27.8	15.6	326	0	59.1	3	
7	31	2001	32.2	14.4	327	0	57.9	1	
8	1	2001	32.8	19.4	325	0	42.3	2	
8	2	2001	33.3	15.6	329	0	45.25	2	
8	3	2001	31.7	16.1	327	0	41.7	2	
8	4	2001	30	14.4	317	0	57.35	2	
8	5	2001	32.2	15	320	0	52.2	2	
8	6	2001	36.1	17.8	323	0	38.65	2	
8	7	2001	38.9	20.6	300	0	33.5	2	
8	8	2001	39.4	24.4	307	0	32.45	2	
8	9	2001	35	20.6	310	0	36.95	2	
8	10	2001	32.2	14.4	318	0	49.55	1	
8	11	2001	35	15	313	0	44.25	1	
8	12	2001	32.2	13.9	311	0	47.8	2	
8	13	2001	32.2	12.2	314	0	49.7	1	
8	14	2001	34.4	15.6	315	0	41.75	1	
8	15	2001	35.6	16.1	315	0	35.2	1	
8	16	2001	36.1	17.2	316	0	28.95	2	
8	17	2001	36.7	21.1	286	0	23.6	2	
8	18	2001	35	17.8	308	0	35.9	2	
8	19	2001	34.4	17.8	294	0	32.7	1	
8	20	2001	28.3	12.2	307	0	48.3	2	
8	21	2001	27.8	11.1	293	0	57.2	2	
8	22	2001	28.3	12.8	293	0	57.85	2	
8	23	2001	28.3	13.3	262	0	60.9	1	
8	24	2001	31.1	17.2	295	0	42.2	2	
8	25	2001	36.7	17.8	290	0	43.9	2	
8	26	2001	36.1	18.9	292	0	36.55	2	
8	27	2001	37.8	18.9	291	0	34.35	2	
8	28	2001	37.8	20	285	0	34.35	1	
8	29	2001	34.4	17.2	279	0	44	2	
8	30	2001	28.3	13.3	272	0	65.15	1	
8	31	2001	31.1	13.3	269	0	64.55	1	
9	1	2001	32.8	18.3	271	0	47.05	2	
9	2	2001	34.4	19.4	277	0	37.3	2	
9	3	2001	34.4	19.4	272	0	41	2	
9	4	2001	33.9	20.6	272	0	30.9	2	
9	5	2001	29.4	13.3	274	0	47.6	2	
9	6	2001	30.6	11.7	272	0	45.35	2	
9	7	2001	32.2	16.1	263	0	26.6	2	
9	8	2001	31.7	13.9	251	0	39.8	1	
9	9	2001	28.9	13.9	252	0	50	2	
9	10	2001	27.8	13.3	250	0	59.65	1	
9	11	2001	24.4	16.1	94	0	64.2	1	
9	12	2001	28.3	15.6	245	0	60.6	2	
9	13	2001	29.4	12.2	245	0	65.7	1	
9	14	2001	32.8	17.2	243	0	46.3	2	
9	15	2001	32.2	17.8	245	0	42.55	2	
9	16	2001	29.4	15	237	0	55.85	1	
9	17	2001	31.1	12.2	242	0	65.7	1	
9	18	2001	31.7	14.4	236	0	57.8	1	
9	19	2001	32.2	15.6	237	0	54.35	2	
9	20	2001	32.2	14.4	241	0	50.15	2	
9	21	2001	32.2	13.9	242	0	41.3	2	
9	22	2001	31.7	16.7	216	0	40.6	2	
9	23	2001	30	18.3	191	0	35.35	2	
									
