44	1	190	0.125	42.625	ESP	
45	1	191	0.125	42.375	ESP	
46	1	192	0.125	42.125	ESP	
47	1	193	0.125	41.875	ESP	
48	1	194	0.125	41.625	ESP	
49	1	195	0.125	41.375	ESP	
50	1	196	0.125	41.125	ESP	
51	1	197	0.125	40.875	ESP	
52	1	198	0.125	40.625	ESP	
53	1	199	0.125	40.375	ESP	
54	1	200	0.125	40.125	ESP	
224	2	190	0.375	42.625	ESP	
225	2	191	0.375	42.375	ESP	
226	2	192	0.375	42.125	ESP	
227	2	193	0.375	41.875	ESP	
228	2	194	0.375	41.625	ESP	
229	2	195	0.375	41.375	ESP	
230	2	196	0.375	41.125	ESP	
231	2	197	0.375	40.875	ESP	
232	2	198	0.375	40.625	ESP	
233	2	199	0.375	40.375	ESP	
400	3	190	0.625	42.625	ESP	
401	3	191	0.625	42.375	ESP	
402	3	192	0.625	42.125	ESP	
403	3	193	0.625	41.875	ESP	
404	3	194	0.625	41.625	ESP	
405	3	195	0.625	41.375	ESP	
406	3	196	0.625	41.125	ESP	
407	3	197	0.625	40.875	ESP	
408	3	198	0.625	40.625	ESP	
572	4	190	0.875	42.625	ESP	
573	4	191	0.875	42.375	ESP	
574	4	192	0.875	42.125	ESP	
575	4	193	0.875	41.875	ESP	
576	4	194	0.875	41.625	ESP	
577	4	195	0.875	41.375	ESP	
578	4	196	0.875	41.125	ESP	
744	5	190	1.125	42.625	ESP	
745	5	191	1.125	42.375	ESP	
746	5	192	1.125	42.125	ESP	
747	5	193	1.125	41.875	ESP	
748	5	194	1.125	41.625	ESP	
749	5	195	1.125	41.375	ESP	
750	5	196	1.125	41.125	ESP	
914	6	190	1.375	42.625	ESP	
915	6	191	1.375	42.375	ESP	
916	6	192	1.375	42.125	ESP	
917	6	193	1.375	41.875	ESP	
918	6	194	1.375	41.625	ESP	
919	6	195	1.375	41.375	ESP	
1083	7	191	1.625	42.375	ESP	
1084	7	192	1.625	42.125	ESP	
1085	7	193	1.625	41.875	ESP	
1086	7	194	1.625	41.625	ESP	
1087	7	195	1.625	41.375	ESP	
1251	8	191	1.875	42.375	ESP	
1252	8	192	1.875	42.125	ESP	
1253	8	193	1.875	41.875	ESP	
1254	8	194	1.875	41.625	ESP	
1255	8	195	1.875	41.375	ESP	
1417	9	191	2.125	42.375	ESP	
1418	9	192	2.125	42.125	ESP	
1419	9	193	2.125	41.875	ESP	
1420	9	194	2.125	41.625	ESP	
1421	9	195	2.125	41.375	ESP	
1585	10	191	2.375	42.375	ESP	
1586	10	192	2.375	42.125	ESP	
1587	10	193	2.375	41.875	ESP	
1588	10	194	2.375	41.625	ESP	
1754	11	192	2.625	42.125	ESP	
1755	11	193	2.625	41.875	ESP	
1756	11	194	2.625	41.625	ESP	
1758	11	202	2.625	39.625	ESP	
1921	12	191	2.875	42.375	ESP	
1922	12	192	2.875	42.125	ESP	
1923	12	193	2.875	41.875	ESP	
1925	12	201	2.875	39.875	ESP	
1926	12	202	2.875	39.625	ESP	
1927	12	203	2.875	39.375	ESP	
2089	13	191	3.125	42.375	ESP	
2090	13	192	3.125	42.125	ESP	
2091	13	193	3.125	41.875	ESP	
2093	13	201	3.125	39.875	ESP	
2094	13	202	3.125	39.625	ESP	
2095	13	203	3.125	39.375	ESP	
2262	14	202	3.375	39.625	ESP	
255986	1369	246	-17.875	28.625	ESP	
256139	1374	247	-16.625	28.375	ESP	
256140	1374	248	-16.625	28.125	ESP	
256187	1375	247	-16.375	28.375	ESP	
256392	1378	248	-15.625	28.125	ESP	
256393	1378	249	-15.625	27.875	ESP	
256774	1383	248	-14.375	28.125	ESP	
256853	1384	247	-14.125	28.375	ESP	
256932	1385	246	-13.875	28.625	ESP	
258628	1403	204	-9.375	39.125	PRT	
258629	1403	205	-9.375	38.875	PRT	
258758	1404	188	-9.125	43.125	ESP	
258759	1404	189	-9.125	42.875	ESP	
258763	1404	203	-9.125	39.375	PRT	
258764	1404	204	-9.125	39.125	PRT	
258765	1404	205	-9.125	38.875	PRT	
258766	1404	206	-9.125	38.625	PRT	
258896	1405	188	-8.875	43.125	ESP	
258897	1405	189	-8.875	42.875	ESP	
258898	1405	190	-8.875	42.625	ESP	
258909	1405	201	-8.875	39.875	PRT	
258910	1405	202	-8.875	39.625	PRT	
258911	1405	203	-8.875	39.375	PRT	
258912	1405	204	-8.875	39.125	PRT	
258913	1405	205	-8.875	38.875	PRT	
258914	1405	206	-8.875	38.625	PRT	
258920	1405	212	-8.875	37.125	PRT	
259052	1406	188	-8.625	43.125	ESP	
259053	1406	189	-8.625	42.875	ESP	
259054	1406	190	-8.625	42.625	ESP	
259055	1406	191	-8.625	42.375	ESP	
259056	1406	192	-8.625	42.125	ESP	
259057	1406	193	-8.625	41.875	PRT	
259058	1406	194	-8.625	41.625	PRT	
259059	1406	195	-8.625	41.375	PRT	
259060	1406	196	-8.625	41.125	PRT	
259061	1406	197	-8.625	40.875	PRT	
259062	1406	198	-8.625	40.625	PRT	
259063	1406	199	-8.625	40.375	PRT	
259064	1406	200	-8.625	40.125	PRT	
259065	1406	201	-8.625	39.875	PRT	
259066	1406	202	-8.625	39.625	PRT	
259067	1406	203	-8.625	39.375	PRT	
259068	1406	204	-8.625	39.125	PRT	
259069	1406	205	-8.625	38.875	PRT	
259070	1406	206	-8.625	38.625	PRT	
259071	1406	207	-8.625	38.375	PRT	
259072	1406	208	-8.625	38.125	PRT	
259073	1406	209	-8.625	37.875	PRT	
259074	1406	210	-8.625	37.625	PRT	
259075	1406	211	-8.625	37.375	PRT	
259076	1406	212	-8.625	37.125	PRT	
259211	1407	187	-8.375	43.375	ESP	
259212	1407	188	-8.375	43.125	ESP	
259213	1407	189	-8.375	42.875	ESP	
259214	1407	190	-8.375	42.625	ESP	
259215	1407	191	-8.375	42.375	ESP	
259216	1407	192	-8.375	42.125	ESP	
259217	1407	193	-8.375	41.875	PRT	
259218	1407	194	-8.375	41.625	PRT	
259219	1407	195	-8.375	41.375	PRT	
259220	1407	196	-8.375	41.125	PRT	
259221	1407	197	-8.375	40.875	PRT	
259222	1407	198	-8.375	40.625	PRT	
259223	1407	199	-8.375	40.375	PRT	
259224	1407	200	-8.375	40.125	PRT	
259225	1407	201	-8.375	39.875	PRT	
259226	1407	202	-8.375	39.625	PRT	
259227	1407	203	-8.375	39.375	PRT	
259228	1407	204	-8.375	39.125	PRT	
259229	1407	205	-8.375	38.875	PRT	
259230	1407	206	-8.375	38.625	PRT	
259231	1407	207	-8.375	38.375	PRT	
259232	1407	208	-8.375	38.125	PRT	
259233	1407	209	-8.375	37.875	PRT	
259234	1407	210	-8.375	37.625	PRT	
259235	1407	211	-8.375	37.375	PRT	
259236	1407	212	-8.375	37.125	PRT	
259370	1408	186	-8.125	43.625	ESP	
259371	1408	187	-8.125	43.375	ESP	
259372	1408	188	-8.125	43.125	ESP	
259373	1408	189	-8.125	42.875	ESP	
259374	1408	190	-8.125	42.625	ESP	
259375	1408	191	-8.125	42.375	ESP	
259376	1408	192	-8.125	42.125	ESP	
259377	1408	193	-8.125	41.875	ESP	
259378	1408	194	-8.125	41.625	PRT	
259379	1408	195	-8.125	41.375	PRT	
259380	1408	196	-8.125	41.125	PRT	
259381	1408	197	-8.125	40.875	PRT	
259382	1408	198	-8.125	40.625	PRT	
259383	1408	199	-8.125	40.375	PRT	
259384	1408	200	-8.125	40.125	PRT	
259385	1408	201	-8.125	39.875	PRT	
259386	1408	202	-8.125	39.625	PRT	
259387	1408	203	-8.125	39.375	PRT	
259388	1408	204	-8.125	39.125	PRT	
259389	1408	205	-8.125	38.875	PRT	
259390	1408	206	-8.125	38.625	PRT	
259391	1408	207	-8.125	38.375	PRT	
259392	1408	208	-8.125	38.125	PRT	
259393	1408	209	-8.125	37.875	PRT	
259394	1408	210	-8.125	37.625	PRT	
259395	1408	211	-8.125	37.375	PRT	
259396	1408	212	-8.125	37.125	PRT	
259530	1409	186	-7.875	43.625	ESP	
259531	1409	187	-7.875	43.375	ESP	
259532	1409	188	-7.875	43.125	ESP	
259533	1409	189	-7.875	42.875	ESP	
259534	1409	190	-7.875	42.625	ESP	
259535	1409	191	-7.875	42.375	ESP	
259536	1409	192	-7.875	42.125	ESP	
259537	1409	193	-7.875	41.875	ESP	
259538	1409	194	-7.875	41.625	PRT	
259539	1409	195	-7.875	41.375	PRT	
259540	1409	196	-7.875	41.125	PRT	
259541	1409	197	-7.875	40.875	PRT	
259542	1409	198	-7.875	40.625	PRT	
259543	1409	199	-7.875	40.375	PRT	
259544	1409	200	-7.875	40.125	PRT	
259545	1409	201	-7.875	39.875	PRT	
259546	1409	202	-7.875	39.625	PRT	
259547	1409	203	-7.875	39.375	PRT	
259548	1409	204	-7.875	39.125	PRT	
259549	1409	205	-7.875	38.875	PRT	
259550	1409	206	-7.875	38.625	PRT	
259551	1409	207	-7.875	38.375	PRT	
259552	1409	208	-7.875	38.125	PRT	
259553	1409	209	-7.875	37.875	PRT	
259554	1409	210	-7.875	37.625	PRT	
259555	1409	211	-7.875	37.375	PRT	
259556	1409	212	-7.875	37.125	PRT	
259696	1410	186	-7.625	43.625	ESP	
259697	1410	187	-7.625	43.375	ESP	
259698	1410	188	-7.625	43.125	ESP	
259699	1410	189	-7.625	42.875	ESP	
259700	1410	190	-7.625	42.625	ESP	
259701	1410	191	-7.625	42.375	ESP	
259702	1410	192	-7.625	42.125	ESP	
259703	1410	193	-7.625	41.875	ESP	
259704	1410	194	-7.625	41.625	PRT	
259705	1410	195	-7.625	41.375	PRT	
259706	1410	196	-7.625	41.125	PRT	
259707	1410	197	-7.625	40.875	PRT	
259708	1410	198	-7.625	40.625	PRT	
259709	1410	199	-7.625	40.375	PRT	
259710	1410	200	-7.625	40.125	PRT	
259711	1410	201	-7.625	39.875	PRT	
259712	1410	202	-7.625	39.625	PRT	
259713	1410	203	-7.625	39.375	PRT	
259714	1410	204	-7.625	39.125	PRT	
259715	1410	205	-7.625	38.875	PRT	
259716	1410	206	-7.625	38.625	PRT	
259717	1410	207	-7.625	38.375	PRT	
259718	1410	208	-7.625	38.125	PRT	
259719	1410	209	-7.625	37.875	PRT	
259720	1410	210	-7.625	37.625	PRT	
259721	1410	211	-7.625	37.375	PRT	
259722	1410	212	-7.625	37.125	PRT	
259866	1411	186	-7.375	43.625	ESP	
259867	1411	187	-7.375	43.375	ESP	
259868	1411	188	-7.375	43.125	ESP	
259869	1411	189	-7.375	42.875	ESP	
259870	1411	190	-7.375	42.625	ESP	
259871	1411	191	-7.375	42.375	ESP	
259872	1411	192	-7.375	42.125	ESP	
259873	1411	193	-7.375	41.875	ESP	
259874	1411	194	-7.375	41.625	PRT	
259875	1411	195	-7.375	41.375	PRT	
259876	1411	196	-7.375	41.125	PRT	
259877	1411	197	-7.375	40.875	PRT	
259878	1411	198	-7.375	40.625	PRT	
259879	1411	199	-7.375	40.375	PRT	
259880	1411	200	-7.375	40.125	PRT	
259881	1411	201	-7.375	39.875	PRT	
259882	1411	202	-7.375	39.625	ESP	
259883	1411	203	-7.375	39.375	PRT	
259884	1411	204	-7.375	39.125	PRT	
259885	1411	205	-7.375	38.875	PRT	
259886	1411	206	-7.375	38.625	PRT	
259887	1411	207	-7.375	38.375	PRT	
259888	1411	208	-7.375	38.125	PRT	
259889	1411	209	-7.375	37.875	PRT	
259890	1411	210	-7.375	37.625	ESP	
259891	1411	211	-7.375	37.375	ESP	
260035	1412	187	-7.125	43.375	ESP	
260036	1412	188	-7.125	43.125	ESP	
260037	1412	189	-7.125	42.875	ESP	
260038	1412	190	-7.125	42.625	ESP	
260039	1412	191	-7.125	42.375	ESP	
260040	1412	192	-7.125	42.125	ESP	
260041	1412	193	-7.125	41.875	PRT	
260042	1412	194	-7.125	41.625	PRT	
260043	1412	195	-7.125	41.375	PRT	
260044	1412	196	-7.125	41.125	PRT	
260045	1412	197	-7.125	40.875	PRT	
260046	1412	198	-7.125	40.625	PRT	
260047	1412	199	-7.125	40.375	PRT	
260048	1412	200	-7.125	40.125	PRT	
260049	1412	201	-7.125	39.875	PRT	
260050	1412	202	-7.125	39.625	ESP	
260051	1412	203	-7.125	39.375	ESP	
260052	1412	204	-7.125	39.125	ESP	
260053	1412	205	-7.125	38.875	PRT	
260054	1412	206	-7.125	38.625	ESP	
260055	1412	207	-7.125	38.375	ESP	
260056	1412	208	-7.125	38.125	PRT	
260057	1412	209	-7.125	37.875	ESP	
260058	1412	210	-7.125	37.625	ESP	
260059	1412	211	-7.125	37.375	ESP	
260207	1413	187	-6.875	43.375	ESP	
260208	1413	188	-6.875	43.125	ESP	
260209	1413	189	-6.875	42.875	ESP	
260210	1413	190	-6.875	42.625	ESP	
260211	1413	191	-6.875	42.375	ESP	
260212	1413	192	-6.875	42.125	ESP	
260213	1413	193	-6.875	41.875	PRT	
260214	1413	194	-6.875	41.625	PRT	
260215	1413	195	-6.875	41.375	PRT	
260216	1413	196	-6.875	41.125	PRT	
260217	1413	197	-6.875	40.875	PRT	
260218	1413	198	-6.875	40.625	PRT	
260219	1413	199	-6.875	40.375	PRT	
260220	1413	200	-6.875	40.125	ESP	
260221	1413	201	-6.875	39.875	ESP	
260222	1413	202	-6.875	39.625	ESP	
260223	1413	203	-6.875	39.375	ESP	
260224	1413	204	-6.875	39.125	ESP	
260225	1413	205	-6.875	38.875	ESP	
260226	1413	206	-6.875	38.625	ESP	
260227	1413	207	-6.875	38.375	ESP	
260228	1413	208	-6.875	38.125	ESP	
260229	1413	209	-6.875	37.875	ESP	
260230	1413	210	-6.875	37.625	ESP	
260231	1413	211	-6.875	37.375	ESP	
260379	1414	187	-6.625	43.375	ESP	
260380	1414	188	-6.625	43.125	ESP	
260381	1414	189	-6.625	42.875	ESP	
260382	1414	190	-6.625	42.625	ESP	
260383	1414	191	-6.625	42.375	ESP	
260384	1414	192	-6.625	42.125	ESP	
260385	1414	193	-6.625	41.875	PRT	
260386	1414	194	-6.625	41.625	PRT	
260387	1414	195	-6.625	41.375	PRT	
260388	1414	196	-6.625	41.125	ESP	
260389	1414	197	-6.625	40.875	ESP	
260390	1414	198	-6.625	40.625	ESP	
260391	1414	199	-6.625	40.375	ESP	
260392	1414	200	-6.625	40.125	ESP	
260393	1414	201	-6.625	39.875	ESP	
260394	1414	202	-6.625	39.625	ESP	
260395	1414	203	-6.625	39.375	ESP	
260396	1414	204	-6.625	39.125	ESP	
260397	1414	205	-6.625	38.875	ESP	
260398	1414	206	-6.625	38.625	ESP	
260399	1414	207	-6.625	38.375	ESP	
260400	1414	208	-6.625	38.125	ESP	
260401	1414	209	-6.625	37.875	ESP	
260402	1414	210	-6.625	37.625	ESP	
260403	1414	211	-6.625	37.375	ESP	
260404	1414	212	-6.625	37.125	ESP	
260553	1415	187	-6.375	43.375	ESP	
260554	1415	188	-6.375	43.125	ESP	
260555	1415	189	-6.375	42.875	ESP	
260556	1415	190	-6.375	42.625	ESP	
260557	1415	191	-6.375	42.375	ESP	
260558	1415	192	-6.375	42.125	ESP	
260559	1415	193	-6.375	41.875	ESP	
260560	1415	194	-6.375	41.625	PRT	
260561	1415	195	-6.375	41.375	ESP	
260562	1415	196	-6.375	41.125	ESP	
260563	1415	197	-6.375	40.875	ESP	
260564	1415	198	-6.375	40.625	ESP	
260565	1415	199	-6.375	40.375	ESP	
260566	1415	200	-6.375	40.125	ESP	
260567	1415	201	-6.375	39.875	ESP	
260568	1415	202	-6.375	39.625	ESP	
260569	1415	203	-6.375	39.375	ESP	
260570	1415	204	-6.375	39.125	ESP	
260571	1415	205	-6.375	38.875	ESP	
260572	1415	206	-6.375	38.625	ESP	
260573	1415	207	-6.375	38.375	ESP	
260574	1415	208	-6.375	38.125	ESP	
260575	1415	209	-6.375	37.875	ESP	
260576	1415	210	-6.375	37.625	ESP	
260577	1415	211	-6.375	37.375	ESP	
260578	1415	212	-6.375	37.125	ESP	
260579	1415	213	-6.375	36.875	ESP	
260735	1416	187	-6.125	43.375	ESP	
260736	1416	188	-6.125	43.125	ESP	
260737	1416	189	-6.125	42.875	ESP	
260738	1416	190	-6.125	42.625	ESP	
260739	1416	191	-6.125	42.375	ESP	
260740	1416	192	-6.125	42.125	ESP	
260741	1416	193	-6.125	41.875	ESP	
260742	1416	194	-6.125	41.625	ESP	
260743	1416	195	-6.125	41.375	ESP	
260744	1416	196	-6.125	41.125	ESP	
260745	1416	197	-6.125	40.875	ESP	
260746	1416	198	-6.125	40.625	ESP	
260747	1416	199	-6.125	40.375	ESP	
260748	1416	200	-6.125	40.125	ESP	
260749	1416	201	-6.125	39.875	ESP	
260750	1416	202	-6.125	39.625	ESP	
260751	1416	203	-6.125	39.375	ESP	
260752	1416	204	-6.125	39.125	ESP	
260753	1416	205	-6.125	38.875	ESP	
260754	1416	206	-6.125	38.625	ESP	
260755	1416	207	-6.125	38.375	ESP	
260756	1416	208	-6.125	38.125	ESP	
260757	1416	209	-6.125	37.875	ESP	
260758	1416	210	-6.125	37.625	ESP	
260759	1416	211	-6.125	37.375	ESP	
260760	1416	212	-6.125	37.125	ESP	
260761	1416	213	-6.125	36.875	ESP	
260762	1416	214	-6.125	36.625	ESP	
260763	1416	215	-6.125	36.375	ESP	
260908	1417	186	-5.875	43.625	ESP	
260909	1417	187	-5.875	43.375	ESP	
260910	1417	188	-5.875	43.125	ESP	
260911	1417	189	-5.875	42.875	ESP	
260912	1417	190	-5.875	42.625	ESP	
260913	1417	191	-5.875	42.375	ESP	
260914	1417	192	-5.875	42.125	ESP	
260915	1417	193	-5.875	41.875	ESP	
260916	1417	194	-5.875	41.625	ESP	
260917	1417	195	-5.875	41.375	ESP	
260918	1417	196	-5.875	41.125	ESP	
260919	1417	197	-5.875	40.875	ESP	
260920	1417	198	-5.875	40.625	ESP	
260921	1417	199	-5.875	40.375	ESP	
260922	1417	200	-5.875	40.125	ESP	
260923	1417	201	-5.875	39.875	ESP	
260924	1417	202	-5.875	39.625	ESP	
260925	1417	203	-5.875	39.375	ESP	
260926	1417	204	-5.875	39.125	ESP	
260927	1417	205	-5.875	38.875	ESP	
260928	1417	206	-5.875	38.625	ESP	
260929	1417	207	-5.875	38.375	ESP	
260930	1417	208	-5.875	38.125	ESP	
260931	1417	209	-5.875	37.875	ESP	
260932	1417	210	-5.875	37.625	ESP	
260933	1417	211	-5.875	37.375	ESP	
260934	1417	212	-5.875	37.125	ESP	
260935	1417	213	-5.875	36.875	ESP	
260936	1417	214	-5.875	36.625	ESP	
260937	1417	215	-5.875	36.375	ESP	
261083	1418	187	-5.625	43.375	ESP	
261084	1418	188	-5.625	43.125	ESP	
261085	1418	189	-5.625	42.875	ESP	
261086	1418	190	-5.625	42.625	ESP	
261087	1418	191	-5.625	42.375	ESP	
261088	1418	192	-5.625	42.125	ESP	
261089	1418	193	-5.625	41.875	ESP	
261090	1418	194	-5.625	41.625	ESP	
261091	1418	195	-5.625	41.375	ESP	
261092	1418	196	-5.625	41.125	ESP	
261093	1418	197	-5.625	40.875	ESP	
261094	1418	198	-5.625	40.625	ESP	
261095	1418	199	-5.625	40.375	ESP	
261096	1418	200	-5.625	40.125	ESP	
261097	1418	201	-5.625	39.875	ESP	
261098	1418	202	-5.625	39.625	ESP	
261099	1418	203	-5.625	39.375	ESP	
261100	1418	204	-5.625	39.125	ESP	
261101	1418	205	-5.625	38.875	ESP	
261102	1418	206	-5.625	38.625	ESP	
261103	1418	207	-5.625	38.375	ESP	
261104	1418	208	-5.625	38.125	ESP	
261105	1418	209	-5.625	37.875	ESP	
261106	1418	210	-5.625	37.625	ESP	
261107	1418	211	-5.625	37.375	ESP	
261108	1418	212	-5.625	37.125	ESP	
261109	1418	213	-5.625	36.875	ESP	
261110	1418	214	-5.625	36.625	ESP	
261111	1418	215	-5.625	36.375	ESP	
261112	1418	216	-5.625	36.125	ESP	
261265	1419	187	-5.375	43.375	ESP	
261266	1419	188	-5.375	43.125	ESP	
261267	1419	189	-5.375	42.875	ESP	
261268	1419	190	-5.375	42.625	ESP	
261269	1419	191	-5.375	42.375	ESP	
261270	1419	192	-5.375	42.125	ESP	
261271	1419	193	-5.375	41.875	ESP	
261272	1419	194	-5.375	41.625	ESP	
261273	1419	195	-5.375	41.375	ESP	
261274	1419	196	-5.375	41.125	ESP	
261275	1419	197	-5.375	40.875	ESP	
261276	1419	198	-5.375	40.625	ESP	
261277	1419	199	-5.375	40.375	ESP	
261278	1419	200	-5.375	40.125	ESP	
261279	1419	201	-5.375	39.875	ESP	
261280	1419	202	-5.375	39.625	ESP	
261281	1419	203	-5.375	39.375	ESP	
261282	1419	204	-5.375	39.125	ESP	
261283	1419	205	-5.375	38.875	ESP	
261284	1419	206	-5.375	38.625	ESP	
261285	1419	207	-5.375	38.375	ESP	
261286	1419	208	-5.375	38.125	ESP	
261287	1419	209	-5.375	37.875	ESP	
261288	1419	210	-5.375	37.625	ESP	
261289	1419	211	-5.375	37.375	ESP	
261290	1419	212	-5.375	37.125	ESP	
261291	1419	213	-5.375	36.875	ESP	
261292	1419	214	-5.375	36.625	ESP	
261293	1419	215	-5.375	36.375	ESP	
261447	1420	187	-5.125	43.375	ESP	
261448	1420	188	-5.125	43.125	ESP	
261449	1420	189	-5.125	42.875	ESP	
261450	1420	190	-5.125	42.625	ESP	
261451	1420	191	-5.125	42.375	ESP	
261452	1420	192	-5.125	42.125	ESP	
261453	1420	193	-5.125	41.875	ESP	
261454	1420	194	-5.125	41.625	ESP	
261455	1420	195	-5.125	41.375	ESP	
261456	1420	196	-5.125	41.125	ESP	
261457	1420	197	-5.125	40.875	ESP	
261458	1420	198	-5.125	40.625	ESP	
261459	1420	199	-5.125	40.375	ESP	
261460	1420	200	-5.125	40.125	ESP	
261461	1420	201	-5.125	39.875	ESP	
261462	1420	202	-5.125	39.625	ESP	
261463	1420	203	-5.125	39.375	ESP	
261464	1420	204	-5.125	39.125	ESP	
261465	1420	205	-5.125	38.875	ESP	
261466	1420	206	-5.125	38.625	ESP	
261467	1420	207	-5.125	38.375	ESP	
261468	1420	208	-5.125	38.125	ESP	
261469	1420	209	-5.125	37.875	ESP	
261470	1420	210	-5.125	37.625	ESP	
261471	1420	211	-5.125	37.375	ESP	
261472	1420	212	-5.125	37.125	ESP	
261473	1420	213	-5.125	36.875	ESP	
261474	1420	214	-5.125	36.625	ESP	
261637	1421	187	-4.875	43.375	ESP	
261638	1421	188	-4.875	43.125	ESP	
261639	1421	189	-4.875	42.875	ESP	
261640	1421	190	-4.875	42.625	ESP	
261641	1421	191	-4.875	42.375	ESP	
261642	1421	192	-4.875	42.125	ESP	
261643	1421	193	-4.875	41.875	ESP	
261644	1421	194	-4.875	41.625	ESP	
261645	1421	195	-4.875	41.375	ESP	
261646	1421	196	-4.875	41.125	ESP	
261647	1421	197	-4.875	40.875	ESP	
261648	1421	198	-4.875	40.625	ESP	
261649	1421	199	-4.875	40.375	ESP	
261650	1421	200	-4.875	40.125	ESP	
261651	1421	201	-4.875	39.875	ESP	
261652	1421	202	-4.875	39.625	ESP	
261653	1421	203	-4.875	39.375	ESP	
261654	1421	204	-4.875	39.125	ESP	
261655	1421	205	-4.875	38.875	ESP	
261656	1421	206	-4.875	38.625	ESP	
261657	1421	207	-4.875	38.375	ESP	
261658	1421	208	-4.875	38.125	ESP	
261659	1421	209	-4.875	37.875	ESP	
261660	1421	210	-4.875	37.625	ESP	
261661	1421	211	-4.875	37.375	ESP	
261662	1421	212	-4.875	37.125	ESP	
261663	1421	213	-4.875	36.875	ESP	
261664	1421	214	-4.875	36.625	ESP	
261823	1422	187	-4.625	43.375	ESP	
261824	1422	188	-4.625	43.125	ESP	
261825	1422	189	-4.625	42.875	ESP	
261826	1422	190	-4.625	42.625	ESP	
261827	1422	191	-4.625	42.375	ESP	
261828	1422	192	-4.625	42.125	ESP	
261829	1422	193	-4.625	41.875	ESP	
261830	1422	194	-4.625	41.625	ESP	
261831	1422	195	-4.625	41.375	ESP	
261832	1422	196	-4.625	41.125	ESP	
261833	1422	197	-4.625	40.875	ESP	
261834	1422	198	-4.625	40.625	ESP	
261835	1422	199	-4.625	40.375	ESP	
261836	1422	200	-4.625	40.125	ESP	
261837	1422	201	-4.625	39.875	ESP	
261838	1422	202	-4.625	39.625	ESP	
261839	1422	203	-4.625	39.375	ESP	
261840	1422	204	-4.625	39.125	ESP	
261841	1422	205	-4.625	38.875	ESP	
261842	1422	206	-4.625	38.625	ESP	
261843	1422	207	-4.625	38.375	ESP	
261844	1422	208	-4.625	38.125	ESP	
261845	1422	209	-4.625	37.875	ESP	
261846	1422	210	-4.625	37.625	ESP	
261847	1422	211	-4.625	37.375	ESP	
261848	1422	212	-4.625	37.125	ESP	
261849	1422	213	-4.625	36.875	ESP	
261850	1422	214	-4.625	36.625	ESP	
262013	1423	187	-4.375	43.375	ESP	
262014	1423	188	-4.375	43.125	ESP	
262015	1423	189	-4.375	42.875	ESP	
262016	1423	190	-4.375	42.625	ESP	
262017	1423	191	-4.375	42.375	ESP	
262018	1423	192	-4.375	42.125	ESP	
262019	1423	193	-4.375	41.875	ESP	
262020	1423	194	-4.375	41.625	ESP	
262021	1423	195	-4.375	41.375	ESP	
262022	1423	196	-4.375	41.125	ESP	
262023	1423	197	-4.375	40.875	ESP	
262024	1423	198	-4.375	40.625	ESP	
262025	1423	199	-4.375	40.375	ESP	
262026	1423	200	-4.375	40.125	ESP	
262027	1423	201	-4.375	39.875	ESP	
262028	1423	202	-4.375	39.625	ESP	
262029	1423	203	-4.375	39.375	ESP	
262030	1423	204	-4.375	39.125	ESP	
262031	1423	205	-4.375	38.875	ESP	
262032	1423	206	-4.375	38.625	ESP	
262033	1423	207	-4.375	38.375	ESP	
262034	1423	208	-4.375	38.125	ESP	
262035	1423	209	-4.375	37.875	ESP	
262036	1423	210	-4.375	37.625	ESP	
262037	1423	211	-4.375	37.375	ESP	
262038	1423	212	-4.375	37.125	ESP	
262039	1423	213	-4.375	36.875	ESP	
262203	1424	187	-4.125	43.375	ESP	
262204	1424	188	-4.125	43.125	ESP	
262205	1424	189	-4.125	42.875	ESP	
262206	1424	190	-4.125	42.625	ESP	
262207	1424	191	-4.125	42.375	ESP	
262208	1424	192	-4.125	42.125	ESP	
262209	1424	193	-4.125	41.875	ESP	
262210	1424	194	-4.125	41.625	ESP	
262211	1424	195	-4.125	41.375	ESP	
262212	1424	196	-4.125	41.125	ESP	
262213	1424	197	-4.125	40.875	ESP	
262214	1424	198	-4.125	40.625	ESP	
262215	1424	199	-4.125	40.375	ESP	
262216	1424	200	-4.125	40.125	ESP	
262217	1424	201	-4.125	39.875	ESP	
262218	1424	202	-4.125	39.625	ESP	
262219	1424	203	-4.125	39.375	ESP	
262220	1424	204	-4.125	39.125	ESP	
262221	1424	205	-4.125	38.875	ESP	
262222	1424	206	-4.125	38.625	ESP	
262223	1424	207	-4.125	38.375	ESP	
262224	1424	208	-4.125	38.125	ESP	
262225	1424	209	-4.125	37.875	ESP	
262226	1424	210	-4.125	37.625	ESP	
262227	1424	211	-4.125	37.375	ESP	
262228	1424	212	-4.125	37.125	ESP	
262229	1424	213	-4.125	36.875	ESP	
262395	1425	187	-3.875	43.375	ESP	
262396	1425	188	-3.875	43.125	ESP	
262397	1425	189	-3.875	42.875	ESP	
262398	1425	190	-3.875	42.625	ESP	
262399	1425	191	-3.875	42.375	ESP	
262400	1425	192	-3.875	42.125	ESP	
262401	1425	193	-3.875	41.875	ESP	
262402	1425	194	-3.875	41.625	ESP	
262403	1425	195	-3.875	41.375	ESP	
262404	1425	196	-3.875	41.125	ESP	
262405	1425	197	-3.875	40.875	ESP	
262406	1425	198	-3.875	40.625	ESP	
262407	1425	199	-3.875	40.375	ESP	
262408	1425	200	-3.875	40.125	ESP	
262409	1425	201	-3.875	39.875	ESP	
262410	1425	202	-3.875	39.625	ESP	
262411	1425	203	-3.875	39.375	ESP	
262412	1425	204	-3.875	39.125	ESP	
262413	1425	205	-3.875	38.875	ESP	
262414	1425	206	-3.875	38.625	ESP	
262415	1425	207	-3.875	38.375	ESP	
262416	1425	208	-3.875	38.125	ESP	
262417	1425	209	-3.875	37.875	ESP	
262418	1425	210	-3.875	37.625	ESP	
262419	1425	211	-3.875	37.375	ESP	
262420	1425	212	-3.875	37.125	ESP	
262421	1425	213	-3.875	36.875	ESP	
262587	1426	187	-3.625	43.375	ESP	
262588	1426	188	-3.625	43.125	ESP	
262589	1426	189	-3.625	42.875	ESP	
262590	1426	190	-3.625	42.625	ESP	
262591	1426	191	-3.625	42.375	ESP	
262592	1426	192	-3.625	42.125	ESP	
262593	1426	193	-3.625	41.875	ESP	
262594	1426	194	-3.625	41.625	ESP	
262595	1426	195	-3.625	41.375	ESP	
262596	1426	196	-3.625	41.125	ESP	
262597	1426	197	-3.625	40.875	ESP	
262598	1426	198	-3.625	40.625	ESP	
262599	1426	199	-3.625	40.375	ESP	
262600	1426	200	-3.625	40.125	ESP	
262601	1426	201	-3.625	39.875	ESP	
262602	1426	202	-3.625	39.625	ESP	
262603	1426	203	-3.625	39.375	ESP	
262604	1426	204	-3.625	39.125	ESP	
262605	1426	205	-3.625	38.875	ESP	
262606	1426	206	-3.625	38.625	ESP	
262607	1426	207	-3.625	38.375	ESP	
262608	1426	208	-3.625	38.125	ESP	
262609	1426	209	-3.625	37.875	ESP	
262610	1426	210	-3.625	37.625	ESP	
262611	1426	211	-3.625	37.375	ESP	
262612	1426	212	-3.625	37.125	ESP	
262613	1426	213	-3.625	36.875	ESP	
262779	1427	187	-3.375	43.375	ESP	
262780	1427	188	-3.375	43.125	ESP	
262781	1427	189	-3.375	42.875	ESP	
262782	1427	190	-3.375	42.625	ESP	
262783	1427	191	-3.375	42.375	ESP	
262784	1427	192	-3.375	42.125	ESP	
262785	1427	193	-3.375	41.875	ESP	
262786	1427	194	-3.375	41.625	ESP	
262787	1427	195	-3.375	41.375	ESP	
262788	1427	196	-3.375	41.125	ESP	
262789	1427	197	-3.375	40.875	ESP	
262790	1427	198	-3.375	40.625	ESP	
262791	1427	199	-3.375	40.375	ESP	
262792	1427	200	-3.375	40.125	ESP	
262793	1427	201	-3.375	39.875	ESP	
262794	1427	202	-3.375	39.625	ESP	
262795	1427	203	-3.375	39.375	ESP	
262796	1427	204	-3.375	39.125	ESP	
262797	1427	205	-3.375	38.875	ESP	
262798	1427	206	-3.375	38.625	ESP	
262799	1427	207	-3.375	38.375	ESP	
262800	1427	208	-3.375	38.125	ESP	
262801	1427	209	-3.375	37.875	ESP	
262802	1427	210	-3.375	37.625	ESP	
262803	1427	211	-3.375	37.375	ESP	
262804	1427	212	-3.375	37.125	ESP	
262805	1427	213	-3.375	36.875	ESP	
262971	1428	187	-3.125	43.375	ESP	
262972	1428	188	-3.125	43.125	ESP	
262973	1428	189	-3.125	42.875	ESP	
262974	1428	190	-3.125	42.625	ESP	
262975	1428	191	-3.125	42.375	ESP	
262976	1428	192	-3.125	42.125	ESP	
262977	1428	193	-3.125	41.875	ESP	
262978	1428	194	-3.125	41.625	ESP	
262979	1428	195	-3.125	41.375	ESP	
262980	1428	196	-3.125	41.125	ESP	
262981	1428	197	-3.125	40.875	ESP	
262982	1428	198	-3.125	40.625	ESP	
262983	1428	199	-3.125	40.375	ESP	
262984	1428	200	-3.125	40.125	ESP	
262985	1428	201	-3.125	39.875	ESP	
262986	1428	202	-3.125	39.625	ESP	
262987	1428	203	-3.125	39.375	ESP	
262988	1428	204	-3.125	39.125	ESP	
262989	1428	205	-3.125	38.875	ESP	
262990	1428	206	-3.125	38.625	ESP	
262991	1428	207	-3.125	38.375	ESP	
262992	1428	208	-3.125	38.125	ESP	
262993	1428	209	-3.125	37.875	ESP	
262994	1428	210	-3.125	37.625	ESP	
262995	1428	211	-3.125	37.375	ESP	
262996	1428	212	-3.125	37.125	ESP	
262997	1428	213	-3.125	36.875	ESP	
263157	1429	187	-2.875	43.375	ESP	
263158	1429	188	-2.875	43.125	ESP	
263159	1429	189	-2.875	42.875	ESP	
263160	1429	190	-2.875	42.625	ESP	
263161	1429	191	-2.875	42.375	ESP	
263162	1429	192	-2.875	42.125	ESP	
263163	1429	193	-2.875	41.875	ESP	
263164	1429	194	-2.875	41.625	ESP	
263165	1429	195	-2.875	41.375	ESP	
263166	1429	196	-2.875	41.125	ESP	
263167	1429	197	-2.875	40.875	ESP	
263168	1429	198	-2.875	40.625	ESP	
263169	1429	199	-2.875	40.375	ESP	
263170	1429	200	-2.875	40.125	ESP	
263171	1429	201	-2.875	39.875	ESP	
263172	1429	202	-2.875	39.625	ESP	
263173	1429	203	-2.875	39.375	ESP	
263174	1429	204	-2.875	39.125	ESP	
263175	1429	205	-2.875	38.875	ESP	
263176	1429	206	-2.875	38.625	ESP	
263177	1429	207	-2.875	38.375	ESP	
263178	1429	208	-2.875	38.125	ESP	
263179	1429	209	-2.875	37.875	ESP	
263180	1429	210	-2.875	37.625	ESP	
263181	1429	211	-2.875	37.375	ESP	
263182	1429	212	-2.875	37.125	ESP	
263183	1429	213	-2.875	36.875	ESP	
263345	1430	187	-2.625	43.375	ESP	
263346	1430	188	-2.625	43.125	ESP	
263347	1430	189	-2.625	42.875	ESP	
263348	1430	190	-2.625	42.625	ESP	
263349	1430	191	-2.625	42.375	ESP	
263350	1430	192	-2.625	42.125	ESP	
263351	1430	193	-2.625	41.875	ESP	
263352	1430	194	-2.625	41.625	ESP	
263353	1430	195	-2.625	41.375	ESP	
263354	1430	196	-2.625	41.125	ESP	
263355	1430	197	-2.625	40.875	ESP	
263356	1430	198	-2.625	40.625	ESP	
263357	1430	199	-2.625	40.375	ESP	
263358	1430	200	-2.625	40.125	ESP	
263359	1430	201	-2.625	39.875	ESP	
263360	1430	202	-2.625	39.625	ESP	
263361	1430	203	-2.625	39.375	ESP	
263362	1430	204	-2.625	39.125	ESP	
263363	1430	205	-2.625	38.875	ESP	
263364	1430	206	-2.625	38.625	ESP	
263365	1430	207	-2.625	38.375	ESP	
263366	1430	208	-2.625	38.125	ESP	
263367	1430	209	-2.625	37.875	ESP	
263368	1430	210	-2.625	37.625	ESP	
263369	1430	211	-2.625	37.375	ESP	
263370	1430	212	-2.625	37.125	ESP	
263371	1430	213	-2.625	36.875	ESP	
263536	1431	188	-2.375	43.125	ESP	
263537	1431	189	-2.375	42.875	ESP	
263538	1431	190	-2.375	42.625	ESP	
263539	1431	191	-2.375	42.375	ESP	
263540	1431	192	-2.375	42.125	ESP	
263541	1431	193	-2.375	41.875	ESP	
263542	1431	194	-2.375	41.625	ESP	
263543	1431	195	-2.375	41.375	ESP	
263544	1431	196	-2.375	41.125	ESP	
263545	1431	197	-2.375	40.875	ESP	
263546	1431	198	-2.375	40.625	ESP	
263547	1431	199	-2.375	40.375	ESP	
263548	1431	200	-2.375	40.125	ESP	
263549	1431	201	-2.375	39.875	ESP	
263550	1431	202	-2.375	39.625	ESP	
263551	1431	203	-2.375	39.375	ESP	
263552	1431	204	-2.375	39.125	ESP	
263553	1431	205	-2.375	38.875	ESP	
263554	1431	206	-2.375	38.625	ESP	
263555	1431	207	-2.375	38.375	ESP	
263556	1431	208	-2.375	38.125	ESP	
263557	1431	209	-2.375	37.875	ESP	
263558	1431	210	-2.375	37.625	ESP	
263559	1431	211	-2.375	37.375	ESP	
263560	1431	212	-2.375	37.125	ESP	
263561	1431	213	-2.375	36.875	ESP	
263726	1432	188	-2.125	43.125	ESP	
263727	1432	189	-2.125	42.875	ESP	
263728	1432	190	-2.125	42.625	ESP	
263729	1432	191	-2.125	42.375	ESP	
263730	1432	192	-2.125	42.125	ESP	
263731	1432	193	-2.125	41.875	ESP	
263732	1432	194	-2.125	41.625	ESP	
263733	1432	195	-2.125	41.375	ESP	
263734	1432	196	-2.125	41.125	ESP	
263735	1432	197	-2.125	40.875	ESP	
263736	1432	198	-2.125	40.625	ESP	
263737	1432	199	-2.125	40.375	ESP	
263738	1432	200	-2.125	40.125	ESP	
263739	1432	201	-2.125	39.875	ESP	
263740	1432	202	-2.125	39.625	ESP	
263741	1432	203	-2.125	39.375	ESP	
263742	1432	204	-2.125	39.125	ESP	
263743	1432	205	-2.125	38.875	ESP	
263744	1432	206	-2.125	38.625	ESP	
263745	1432	207	-2.125	38.375	ESP	
263746	1432	208	-2.125	38.125	ESP	
263747	1432	209	-2.125	37.875	ESP	
263748	1432	210	-2.125	37.625	ESP	
263749	1432	211	-2.125	37.375	ESP	
263750	1432	212	-2.125	37.125	ESP	
263751	1432	213	-2.125	36.875	ESP	
263923	1433	187	-1.875	43.375	ESP	
263924	1433	188	-1.875	43.125	ESP	
263925	1433	189	-1.875	42.875	ESP	
263926	1433	190	-1.875	42.625	ESP	
263927	1433	191	-1.875	42.375	ESP	
263928	1433	192	-1.875	42.125	ESP	
263929	1433	193	-1.875	41.875	ESP	
263930	1433	194	-1.875	41.625	ESP	
263931	1433	195	-1.875	41.375	ESP	
263932	1433	196	-1.875	41.125	ESP	
263933	1433	197	-1.875	40.875	ESP	
263934	1433	198	-1.875	40.625	ESP	
263935	1433	199	-1.875	40.375	ESP	
263936	1433	200	-1.875	40.125	ESP	
263937	1433	201	-1.875	39.875	ESP	
263938	1433	202	-1.875	39.625	ESP	
263939	1433	203	-1.875	39.375	ESP	
263940	1433	204	-1.875	39.125	ESP	
263941	1433	205	-1.875	38.875	ESP	
263942	1433	206	-1.875	38.625	ESP	
263943	1433	207	-1.875	38.375	ESP	
263944	1433	208	-1.875	38.125	ESP	
263945	1433	209	-1.875	37.875	ESP	
263946	1433	210	-1.875	37.625	ESP	
263947	1433	211	-1.875	37.375	ESP	
263948	1433	212	-1.875	37.125	ESP	
264122	1434	188	-1.625	43.125	ESP	
264123	1434	189	-1.625	42.875	ESP	
264124	1434	190	-1.625	42.625	ESP	
264125	1434	191	-1.625	42.375	ESP	
264126	1434	192	-1.625	42.125	ESP	
264127	1434	193	-1.625	41.875	ESP	
264128	1434	194	-1.625	41.625	ESP	
264129	1434	195	-1.625	41.375	ESP	
264130	1434	196	-1.625	41.125	ESP	
264131	1434	197	-1.625	40.875	ESP	
264132	1434	198	-1.625	40.625	ESP	
264133	1434	199	-1.625	40.375	ESP	
264134	1434	200	-1.625	40.125	ESP	
264135	1434	201	-1.625	39.875	ESP	
264136	1434	202	-1.625	39.625	ESP	
264137	1434	203	-1.625	39.375	ESP	
264138	1434	204	-1.625	39.125	ESP	
264139	1434	205	-1.625	38.875	ESP	
264140	1434	206	-1.625	38.625	ESP	
264141	1434	207	-1.625	38.375	ESP	
264142	1434	208	-1.625	38.125	ESP	
264143	1434	209	-1.625	37.875	ESP	
264144	1434	210	-1.625	37.625	ESP	
264325	1435	189	-1.375	42.875	ESP	
264326	1435	190	-1.375	42.625	ESP	
264327	1435	191	-1.375	42.375	ESP	
264328	1435	192	-1.375	42.125	ESP	
264329	1435	193	-1.375	41.875	ESP	
264330	1435	194	-1.375	41.625	ESP	
264331	1435	195	-1.375	41.375	ESP	
264332	1435	196	-1.375	41.125	ESP	
264333	1435	197	-1.375	40.875	ESP	
264334	1435	198	-1.375	40.625	ESP	
264335	1435	199	-1.375	40.375	ESP	
264336	1435	200	-1.375	40.125	ESP	
264337	1435	201	-1.375	39.875	ESP	
264338	1435	202	-1.375	39.625	ESP	
264339	1435	203	-1.375	39.375	ESP	
264340	1435	204	-1.375	39.125	ESP	
264341	1435	205	-1.375	38.875	ESP	
264342	1435	206	-1.375	38.625	ESP	
264343	1435	207	-1.375	38.375	ESP	
264344	1435	208	-1.375	38.125	ESP	
264345	1435	209	-1.375	37.875	ESP	
264346	1435	210	-1.375	37.625	ESP	
264523	1436	189	-1.125	42.875	ESP	
264524	1436	190	-1.125	42.625	ESP	
264525	1436	191	-1.125	42.375	ESP	
264526	1436	192	-1.125	42.125	ESP	
264527	1436	193	-1.125	41.875	ESP	
264528	1436	194	-1.125	41.625	ESP	
264529	1436	195	-1.125	41.375	ESP	
264530	1436	196	-1.125	41.125	ESP	
264531	1436	197	-1.125	40.875	ESP	
264532	1436	198	-1.125	40.625	ESP	
264533	1436	199	-1.125	40.375	ESP	
264534	1436	200	-1.125	40.125	ESP	
264535	1436	201	-1.125	39.875	ESP	
264536	1436	202	-1.125	39.625	ESP	
264537	1436	203	-1.125	39.375	ESP	
264538	1436	204	-1.125	39.125	ESP	
264539	1436	205	-1.125	38.875	ESP	
264540	1436	206	-1.125	38.625	ESP	
264541	1436	207	-1.125	38.375	ESP	
264542	1436	208	-1.125	38.125	ESP	
264543	1436	209	-1.125	37.875	ESP	
264544	1436	210	-1.125	37.625	ESP	
264713	1437	189	-0.875	42.875	ESP	
264714	1437	190	-0.875	42.625	ESP	
264715	1437	191	-0.875	42.375	ESP	
264716	1437	192	-0.875	42.125	ESP	
264717	1437	193	-0.875	41.875	ESP	
264718	1437	194	-0.875	41.625	ESP	
264719	1437	195	-0.875	41.375	ESP	
264720	1437	196	-0.875	41.125	ESP	
264721	1437	197	-0.875	40.875	ESP	
264722	1437	198	-0.875	40.625	ESP	
264723	1437	199	-0.875	40.375	ESP	
264724	1437	200	-0.875	40.125	ESP	
264725	1437	201	-0.875	39.875	ESP	
264726	1437	202	-0.875	39.625	ESP	
264727	1437	203	-0.875	39.375	ESP	
264728	1437	204	-0.875	39.125	ESP	
264729	1437	205	-0.875	38.875	ESP	
264730	1437	206	-0.875	38.625	ESP	
264731	1437	207	-0.875	38.375	ESP	
264732	1437	208	-0.875	38.125	ESP	
264733	1437	209	-0.875	37.875	ESP	
264734	1437	210	-0.875	37.625	ESP	
264904	1438	190	-0.625	42.625	ESP	
264905	1438	191	-0.625	42.375	ESP	
264906	1438	192	-0.625	42.125	ESP	
264907	1438	193	-0.625	41.875	ESP	
264908	1438	194	-0.625	41.625	ESP	
264909	1438	195	-0.625	41.375	ESP	
264910	1438	196	-0.625	41.125	ESP	
264911	1438	197	-0.625	40.875	ESP	
264912	1438	198	-0.625	40.625	ESP	
264913	1438	199	-0.625	40.375	ESP	
264914	1438	200	-0.625	40.125	ESP	
264915	1438	201	-0.625	39.875	ESP	
264916	1438	202	-0.625	39.625	ESP	
264917	1438	203	-0.625	39.375	ESP	
264918	1438	204	-0.625	39.125	ESP	
264919	1438	205	-0.625	38.875	ESP	
264920	1438	206	-0.625	38.625	ESP	
264921	1438	207	-0.625	38.375	ESP	
265092	1439	190	-0.375	42.625	ESP	
265093	1439	191	-0.375	42.375	ESP	
265094	1439	192	-0.375	42.125	ESP	
265095	1439	193	-0.375	41.875	ESP	
265096	1439	194	-0.375	41.625	ESP	
265097	1439	195	-0.375	41.375	ESP	
265098	1439	196	-0.375	41.125	ESP	
265099	1439	197	-0.375	40.875	ESP	
265100	1439	198	-0.375	40.625	ESP	
265101	1439	199	-0.375	40.375	ESP	
265102	1439	200	-0.375	40.125	ESP	
265103	1439	201	-0.375	39.875	ESP	
265104	1439	202	-0.375	39.625	ESP	
265105	1439	203	-0.375	39.375	ESP	
265106	1439	204	-0.375	39.125	ESP	
265107	1439	205	-0.375	38.875	ESP	
265108	1439	206	-0.375	38.625	ESP	
265278	1440	190	-0.125	42.625	ESP	
265279	1440	191	-0.125	42.375	ESP	
265280	1440	192	-0.125	42.125	ESP	
265281	1440	193	-0.125	41.875	ESP	
265282	1440	194	-0.125	41.625	ESP	
265283	1440	195	-0.125	41.375	ESP	
265284	1440	196	-0.125	41.125	ESP	
265285	1440	197	-0.125	40.875	ESP	
265286	1440	198	-0.125	40.625	ESP	
265287	1440	199	-0.125	40.375	ESP	
265288	1440	200	-0.125	40.125	ESP	
265289	1440	201	-0.125	39.875	ESP	
265293	1440	205	-0.125	38.875	ESP	
265294	1440	206	-0.125	38.625	ESP	
