cat	x	y	lon	lat	country	state
887998	1726	525	-7.5	37.6	ESP	AN
888618	1727	524	-7.4	37.7	ESP	AN
888619	1727	525	-7.4	37.6	ESP	AN
888620	1727	526	-7.4	37.5	ESP	AN
888621	1727	527	-7.4	37.4	ESP	AN
888622	1727	528	-7.4	37.3	ESP	AN
888623	1727	529	-7.4	37.2	ESP	AN
889241	1728	523	-7.3	37.8	ESP	AN
889242	1728	524	-7.3	37.7	ESP	AN
889243	1728	525	-7.3	37.6	ESP	AN
889244	1728	526	-7.3	37.5	ESP	AN
889245	1728	527	-7.3	37.4	ESP	AN
889246	1728	528	-7.3	37.3	ESP	AN
889864	1729	522	-7.2	37.9	ESP	AN
889865	1729	523	-7.2	37.8	ESP	AN
889866	1729	524	-7.2	37.7	ESP	AN
889867	1729	525	-7.2	37.6	ESP	AN
889868	1729	526	-7.2	37.5	ESP	AN
889869	1729	527	-7.2	37.4	ESP	AN
889870	1729	528	-7.2	37.3	ESP	AN
890487	1730	521	-7.1	38.0	ESP	AN
890488	1730	522	-7.1	37.9	ESP	AN
890489	1730	523	-7.1	37.8	ESP	AN
890490	1730	524	-7.1	37.7	ESP	AN
890491	1730	525	-7.1	37.6	ESP	AN
890492	1730	526	-7.1	37.5	ESP	AN
890493	1730	527	-7.1	37.4	ESP	AN
890494	1730	528	-7.1	37.3	ESP	AN
891111	1731	521	-7.0	38.0	ESP	AN
891112	1731	522	-7.0	37.9	ESP	AN
891113	1731	523	-7.0	37.8	ESP	AN
891114	1731	524	-7.0	37.7	ESP	AN
891115	1731	525	-7.0	37.6	ESP	AN
891116	1731	526	-7.0	37.5	ESP	AN
891117	1731	527	-7.0	37.4	ESP	AN
891118	1731	528	-7.0	37.3	ESP	AN
891119	1731	529	-7.0	37.2	ESP	AN
891733	1732	519	-6.9	38.2	ESP	AN
891734	1732	520	-6.9	38.1	ESP	AN
891735	1732	521	-6.9	38.0	ESP	AN
891736	1732	522	-6.9	37.9	ESP	AN
891737	1732	523	-6.9	37.8	ESP	AN
891738	1732	524	-6.9	37.7	ESP	AN
891739	1732	525	-6.9	37.6	ESP	AN
891740	1732	526	-6.9	37.5	ESP	AN
891741	1732	527	-6.9	37.4	ESP	AN
891742	1732	528	-6.9	37.3	ESP	AN
891743	1732	529	-6.9	37.2	ESP	AN
892373	1733	520	-6.8	38.1	ESP	AN
892374	1733	521	-6.8	38.0	ESP	AN
892375	1733	522	-6.8	37.9	ESP	AN
892376	1733	523	-6.8	37.8	ESP	AN
892377	1733	524	-6.8	37.7	ESP	AN
892378	1733	525	-6.8	37.6	ESP	AN
892379	1733	526	-6.8	37.5	ESP	AN
892380	1733	527	-6.8	37.4	ESP	AN
892381	1733	528	-6.8	37.3	ESP	AN
892382	1733	529	-6.8	37.2	ESP	AN
893019	1734	521	-6.7	38.0	ESP	AN
893020	1734	522	-6.7	37.9	ESP	AN
893021	1734	523	-6.7	37.8	ESP	AN
893022	1734	524	-6.7	37.7	ESP	AN
893023	1734	525	-6.7	37.6	ESP	AN
893024	1734	526	-6.7	37.5	ESP	AN
893025	1734	527	-6.7	37.4	ESP	AN
893026	1734	528	-6.7	37.3	ESP	AN
893027	1734	529	-6.7	37.2	ESP	AN
893028	1734	530	-6.7	37.1	ESP	AN
893660	1735	521	-6.6	38.0	ESP	AN
893661	1735	522	-6.6	37.9	ESP	AN
893662	1735	523	-6.6	37.8	ESP	AN
893663	1735	524	-6.6	37.7	ESP	AN
893664	1735	525	-6.6	37.6	ESP	AN
893665	1735	526	-6.6	37.5	ESP	AN
893666	1735	527	-6.6	37.4	ESP	AN
893667	1735	528	-6.6	37.3	ESP	AN
893668	1735	529	-6.6	37.2	ESP	AN
893669	1735	530	-6.6	37.1	ESP	AN
894309	1736	521	-6.5	38.0	ESP	AN
894310	1736	522	-6.5	37.9	ESP	AN
894311	1736	523	-6.5	37.8	ESP	AN
894312	1736	524	-6.5	37.7	ESP	AN
894313	1736	525	-6.5	37.6	ESP	AN
894314	1736	526	-6.5	37.5	ESP	AN
894315	1736	527	-6.5	37.4	ESP	AN
894316	1736	528	-6.5	37.3	ESP	AN
894317	1736	529	-6.5	37.2	ESP	AN
894318	1736	530	-6.5	37.1	ESP	AN
894319	1736	531	-6.5	37.0	ESP	AN
894958	1737	521	-6.4	38.0	ESP	AN
894959	1737	522	-6.4	37.9	ESP	AN
894960	1737	523	-6.4	37.8	ESP	AN
894961	1737	524	-6.4	37.7	ESP	AN
894962	1737	525	-6.4	37.6	ESP	AN
894963	1737	526	-6.4	37.5	ESP	AN
894964	1737	527	-6.4	37.4	ESP	AN
894965	1737	528	-6.4	37.3	ESP	AN
894966	1737	529	-6.4	37.2	ESP	AN
894967	1737	530	-6.4	37.1	ESP	AN
894968	1737	531	-6.4	37.0	ESP	AN
894969	1737	532	-6.4	36.9	ESP	AN
894971	1737	534	-6.4	36.7	ESP	AN
895600	1738	522	-6.3	37.9	ESP	AN
895601	1738	523	-6.3	37.8	ESP	AN
895602	1738	524	-6.3	37.7	ESP	AN
895603	1738	525	-6.3	37.6	ESP	AN
895604	1738	526	-6.3	37.5	ESP	AN
895605	1738	527	-6.3	37.4	ESP	AN
895606	1738	528	-6.3	37.3	ESP	AN
895607	1738	529	-6.3	37.2	ESP	AN
895608	1738	530	-6.3	37.1	ESP	AN
895609	1738	531	-6.3	37.0	ESP	AN
895610	1738	532	-6.3	36.9	ESP	AN
895611	1738	533	-6.3	36.8	ESP	AN
895612	1738	534	-6.3	36.7	ESP	AN
896252	1739	522	-6.2	37.9	ESP	AN
896253	1739	523	-6.2	37.8	ESP	AN
896254	1739	524	-6.2	37.7	ESP	AN
896255	1739	525	-6.2	37.6	ESP	AN
896256	1739	526	-6.2	37.5	ESP	AN
896257	1739	527	-6.2	37.4	ESP	AN
896258	1739	528	-6.2	37.3	ESP	AN
896259	1739	529	-6.2	37.2	ESP	AN
896260	1739	530	-6.2	37.1	ESP	AN
896261	1739	531	-6.2	37.0	ESP	AN
896262	1739	532	-6.2	36.9	ESP	AN
896263	1739	533	-6.2	36.8	ESP	AN
896264	1739	534	-6.2	36.7	ESP	AN
896265	1739	535	-6.2	36.6	ESP	AN
896267	1739	537	-6.2	36.4	ESP	AN
896904	1740	522	-6.1	37.9	ESP	AN
896905	1740	523	-6.1	37.8	ESP	AN
896906	1740	524	-6.1	37.7	ESP	AN
896907	1740	525	-6.1	37.6	ESP	AN
896908	1740	526	-6.1	37.5	ESP	AN
896909	1740	527	-6.1	37.4	ESP	AN
896910	1740	528	-6.1	37.3	ESP	AN
896911	1740	529	-6.1	37.2	ESP	AN
896912	1740	530	-6.1	37.1	ESP	AN
896913	1740	531	-6.1	37.0	ESP	AN
896914	1740	532	-6.1	36.9	ESP	AN
896915	1740	533	-6.1	36.8	ESP	AN
896916	1740	534	-6.1	36.7	ESP	AN
896917	1740	535	-6.1	36.6	ESP	AN
896918	1740	536	-6.1	36.5	ESP	AN
896919	1740	537	-6.1	36.4	ESP	AN
896920	1740	538	-6.1	36.3	ESP	AN
897550	1741	522	-6.0	37.9	ESP	AN
897551	1741	523	-6.0	37.8	ESP	AN
897552	1741	524	-6.0	37.7	ESP	AN
897553	1741	525	-6.0	37.6	ESP	AN
897554	1741	526	-6.0	37.5	ESP	AN
897555	1741	527	-6.0	37.4	ESP	AN
897556	1741	528	-6.0	37.3	ESP	AN
897557	1741	529	-6.0	37.2	ESP	AN
897558	1741	530	-6.0	37.1	ESP	AN
897559	1741	531	-6.0	37.0	ESP	AN
897560	1741	532	-6.0	36.9	ESP	AN
897561	1741	533	-6.0	36.8	ESP	AN
897562	1741	534	-6.0	36.7	ESP	AN
897563	1741	535	-6.0	36.6	ESP	AN
897564	1741	536	-6.0	36.5	ESP	AN
897565	1741	537	-6.0	36.4	ESP	AN
897566	1741	538	-6.0	36.3	ESP	AN
897567	1741	539	-6.0	36.2	ESP	AN
898191	1742	520	-5.9	38.1	ESP	AN
898192	1742	521	-5.9	38.0	ESP	AN
898193	1742	522	-5.9	37.9	ESP	AN
898194	1742	523	-5.9	37.8	ESP	AN
898195	1742	524	-5.9	37.7	ESP	AN
898196	1742	525	-5.9	37.6	ESP	AN
898197	1742	526	-5.9	37.5	ESP	AN
898198	1742	527	-5.9	37.4	ESP	AN
898199	1742	528	-5.9	37.3	ESP	AN
898200	1742	529	-5.9	37.2	ESP	AN
898201	1742	530	-5.9	37.1	ESP	AN
898202	1742	531	-5.9	37.0	ESP	AN
898203	1742	532	-5.9	36.9	ESP	AN
898204	1742	533	-5.9	36.8	ESP	AN
898205	1742	534	-5.9	36.7	ESP	AN
898206	1742	535	-5.9	36.6	ESP	AN
898207	1742	536	-5.9	36.5	ESP	AN
898208	1742	537	-5.9	36.4	ESP	AN
898209	1742	538	-5.9	36.3	ESP	AN
898210	1742	539	-5.9	36.2	ESP	AN
898834	1743	520	-5.8	38.1	ESP	AN
898835	1743	521	-5.8	38.0	ESP	AN
898836	1743	522	-5.8	37.9	ESP	AN
898837	1743	523	-5.8	37.8	ESP	AN
898838	1743	524	-5.8	37.7	ESP	AN
898839	1743	525	-5.8	37.6	ESP	AN
898840	1743	526	-5.8	37.5	ESP	AN
898841	1743	527	-5.8	37.4	ESP	AN
898842	1743	528	-5.8	37.3	ESP	AN
898843	1743	529	-5.8	37.2	ESP	AN
898844	1743	530	-5.8	37.1	ESP	AN
898845	1743	531	-5.8	37.0	ESP	AN
898846	1743	532	-5.8	36.9	ESP	AN
898847	1743	533	-5.8	36.8	ESP	AN
898848	1743	534	-5.8	36.7	ESP	AN
898849	1743	535	-5.8	36.6	ESP	AN
898850	1743	536	-5.8	36.5	ESP	AN
898851	1743	537	-5.8	36.4	ESP	AN
898852	1743	538	-5.8	36.3	ESP	AN
898853	1743	539	-5.8	36.2	ESP	AN
898854	1743	540	-5.8	36.1	ESP	AN
899464	1744	521	-5.7	38.0	ESP	AN
899465	1744	522	-5.7	37.9	ESP	AN
899466	1744	523	-5.7	37.8	ESP	AN
899467	1744	524	-5.7	37.7	ESP	AN
899468	1744	525	-5.7	37.6	ESP	AN
899469	1744	526	-5.7	37.5	ESP	AN
899470	1744	527	-5.7	37.4	ESP	AN
899471	1744	528	-5.7	37.3	ESP	AN
899472	1744	529	-5.7	37.2	ESP	AN
899473	1744	530	-5.7	37.1	ESP	AN
899474	1744	531	-5.7	37.0	ESP	AN
899475	1744	532	-5.7	36.9	ESP	AN
899476	1744	533	-5.7	36.8	ESP	AN
899477	1744	534	-5.7	36.7	ESP	AN
899478	1744	535	-5.7	36.6	ESP	AN
899479	1744	536	-5.7	36.5	ESP	AN
899480	1744	537	-5.7	36.4	ESP	AN
899481	1744	538	-5.7	36.3	ESP	AN
899482	1744	539	-5.7	36.2	ESP	AN
899483	1744	540	-5.7	36.1	ESP	AN
900092	1745	520	-5.6	38.1	ESP	AN
900093	1745	521	-5.6	38.0	ESP	AN
900094	1745	522	-5.6	37.9	ESP	AN
900095	1745	523	-5.6	37.8	ESP	AN
900096	1745	524	-5.6	37.7	ESP	AN
900097	1745	525	-5.6	37.6	ESP	AN
900098	1745	526	-5.6	37.5	ESP	AN
900099	1745	527	-5.6	37.4	ESP	AN
900100	1745	528	-5.6	37.3	ESP	AN
900101	1745	529	-5.6	37.2	ESP	AN
900102	1745	530	-5.6	37.1	ESP	AN
900103	1745	531	-5.6	37.0	ESP	AN
900104	1745	532	-5.6	36.9	ESP	AN
900105	1745	533	-5.6	36.8	ESP	AN
900106	1745	534	-5.6	36.7	ESP	AN
900107	1745	535	-5.6	36.6	ESP	AN
900108	1745	536	-5.6	36.5	ESP	AN
900109	1745	537	-5.6	36.4	ESP	AN
900110	1745	538	-5.6	36.3	ESP	AN
900111	1745	539	-5.6	36.2	ESP	AN
900112	1745	540	-5.6	36.1	ESP	AN
900718	1746	517	-5.5	38.4	ESP	AN
900719	1746	518	-5.5	38.3	ESP	AN
900720	1746	519	-5.5	38.2	ESP	AN
900721	1746	520	-5.5	38.1	ESP	AN
900722	1746	521	-5.5	38.0	ESP	AN
900723	1746	522	-5.5	37.9	ESP	AN
900724	1746	523	-5.5	37.8	ESP	AN
900725	1746	524	-5.5	37.7	ESP	AN
900726	1746	525	-5.5	37.6	ESP	AN
900727	1746	526	-5.5	37.5	ESP	AN
900728	1746	527	-5.5	37.4	ESP	AN
900729	1746	528	-5.5	37.3	ESP	AN
900730	1746	529	-5.5	37.2	ESP	AN
900731	1746	530	-5.5	37.1	ESP	AN
900732	1746	531	-5.5	37.0	ESP	AN
900733	1746	532	-5.5	36.9	ESP	AN
900734	1746	533	-5.5	36.8	ESP	AN
900735	1746	534	-5.5	36.7	ESP	AN
900736	1746	535	-5.5	36.6	ESP	AN
900737	1746	536	-5.5	36.5	ESP	AN
900738	1746	537	-5.5	36.4	ESP	AN
900739	1746	538	-5.5	36.3	ESP	AN
900740	1746	539	-5.5	36.2	ESP	AN
900741	1746	540	-5.5	36.1	ESP	AN
901362	1747	516	-5.4	38.5	ESP	AN
901363	1747	517	-5.4	38.4	ESP	AN
901364	1747	518	-5.4	38.3	ESP	AN
901365	1747	519	-5.4	38.2	ESP	AN
901366	1747	520	-5.4	38.1	ESP	AN
901367	1747	521	-5.4	38.0	ESP	AN
901368	1747	522	-5.4	37.9	ESP	AN
901369	1747	523	-5.4	37.8	ESP	AN
901370	1747	524	-5.4	37.7	ESP	AN
901371	1747	525	-5.4	37.6	ESP	AN
901372	1747	526	-5.4	37.5	ESP	AN
901373	1747	527	-5.4	37.4	ESP	AN
901374	1747	528	-5.4	37.3	ESP	AN
901375	1747	529	-5.4	37.2	ESP	AN
901376	1747	530	-5.4	37.1	ESP	AN
901377	1747	531	-5.4	37.0	ESP	AN
901378	1747	532	-5.4	36.9	ESP	AN
901379	1747	533	-5.4	36.8	ESP	AN
901380	1747	534	-5.4	36.7	ESP	AN
901381	1747	535	-5.4	36.6	ESP	AN
901382	1747	536	-5.4	36.5	ESP	AN
901383	1747	537	-5.4	36.4	ESP	AN
901384	1747	538	-5.4	36.3	ESP	AN
901385	1747	539	-5.4	36.2	ESP	AN
902007	1748	516	-5.3	38.5	ESP	AN
902008	1748	517	-5.3	38.4	ESP	AN
902009	1748	518	-5.3	38.3	ESP	AN
902010	1748	519	-5.3	38.2	ESP	AN
902011	1748	520	-5.3	38.1	ESP	AN
902012	1748	521	-5.3	38.0	ESP	AN
902013	1748	522	-5.3	37.9	ESP	AN
902014	1748	523	-5.3	37.8	ESP	AN
902015	1748	524	-5.3	37.7	ESP	AN
902016	1748	525	-5.3	37.6	ESP	AN
902017	1748	526	-5.3	37.5	ESP	AN
902018	1748	527	-5.3	37.4	ESP	AN
902019	1748	528	-5.3	37.3	ESP	AN
902020	1748	529	-5.3	37.2	ESP	AN
902021	1748	530	-5.3	37.1	ESP	AN
902022	1748	531	-5.3	37.0	ESP	AN
902023	1748	532	-5.3	36.9	ESP	AN
902024	1748	533	-5.3	36.8	ESP	AN
902025	1748	534	-5.3	36.7	ESP	AN
902026	1748	535	-5.3	36.6	ESP	AN
902027	1748	536	-5.3	36.5	ESP	AN
902028	1748	537	-5.3	36.4	ESP	AN
902029	1748	538	-5.3	36.3	ESP	AN
902659	1749	515	-5.2	38.6	ESP	AN
902660	1749	516	-5.2	38.5	ESP	AN
902661	1749	517	-5.2	38.4	ESP	AN
902662	1749	518	-5.2	38.3	ESP	AN
902663	1749	519	-5.2	38.2	ESP	AN
902664	1749	520	-5.2	38.1	ESP	AN
902665	1749	521	-5.2	38.0	ESP	AN
902666	1749	522	-5.2	37.9	ESP	AN
902667	1749	523	-5.2	37.8	ESP	AN
902668	1749	524	-5.2	37.7	ESP	AN
902669	1749	525	-5.2	37.6	ESP	AN
902670	1749	526	-5.2	37.5	ESP	AN
902671	1749	527	-5.2	37.4	ESP	AN
902672	1749	528	-5.2	37.3	ESP	AN
902673	1749	529	-5.2	37.2	ESP	AN
902674	1749	530	-5.2	37.1	ESP	AN
902675	1749	531	-5.2	37.0	ESP	AN
902676	1749	532	-5.2	36.9	ESP	AN
902677	1749	533	-5.2	36.8	ESP	AN
902678	1749	534	-5.2	36.7	ESP	AN
902679	1749	535	-5.2	36.6	ESP	AN
902680	1749	536	-5.2	36.5	ESP	AN
902681	1749	537	-5.2	36.4	ESP	AN
903308	1750	514	-5.1	38.7	ESP	AN
903309	1750	515	-5.1	38.6	ESP	AN
903310	1750	516	-5.1	38.5	ESP	AN
903311	1750	517	-5.1	38.4	ESP	AN
903312	1750	518	-5.1	38.3	ESP	AN
903313	1750	519	-5.1	38.2	ESP	AN
903314	1750	520	-5.1	38.1	ESP	AN
903315	1750	521	-5.1	38.0	ESP	AN
903316	1750	522	-5.1	37.9	ESP	AN
903317	1750	523	-5.1	37.8	ESP	AN
903318	1750	524	-5.1	37.7	ESP	AN
903319	1750	525	-5.1	37.6	ESP	AN
903320	1750	526	-5.1	37.5	ESP	AN
903321	1750	527	-5.1	37.4	ESP	AN
903322	1750	528	-5.1	37.3	ESP	AN
903323	1750	529	-5.1	37.2	ESP	AN
903324	1750	530	-5.1	37.1	ESP	AN
903325	1750	531	-5.1	37.0	ESP	AN
903326	1750	532	-5.1	36.9	ESP	AN
903327	1750	533	-5.1	36.8	ESP	AN
903328	1750	534	-5.1	36.7	ESP	AN
903329	1750	535	-5.1	36.6	ESP	AN
903330	1750	536	-5.1	36.5	ESP	AN
903958	1751	514	-5.0	38.7	ESP	AN
903959	1751	515	-5.0	38.6	ESP	AN
903960	1751	516	-5.0	38.5	ESP	AN
903961	1751	517	-5.0	38.4	ESP	AN
903962	1751	518	-5.0	38.3	ESP	AN
903963	1751	519	-5.0	38.2	ESP	AN
903964	1751	520	-5.0	38.1	ESP	AN
903965	1751	521	-5.0	38.0	ESP	AN
903966	1751	522	-5.0	37.9	ESP	AN
903967	1751	523	-5.0	37.8	ESP	AN
903968	1751	524	-5.0	37.7	ESP	AN
903969	1751	525	-5.0	37.6	ESP	AN
903970	1751	526	-5.0	37.5	ESP	AN
903971	1751	527	-5.0	37.4	ESP	AN
903972	1751	528	-5.0	37.3	ESP	AN
903973	1751	529	-5.0	37.2	ESP	AN
903974	1751	530	-5.0	37.1	ESP	AN
903975	1751	531	-5.0	37.0	ESP	AN
903976	1751	532	-5.0	36.9	ESP	AN
903977	1751	533	-5.0	36.8	ESP	AN
903978	1751	534	-5.0	36.7	ESP	AN
903979	1751	535	-5.0	36.6	ESP	AN
903980	1751	536	-5.0	36.5	ESP	AN
904626	1752	515	-4.9	38.6	ESP	AN
904627	1752	516	-4.9	38.5	ESP	AN
904628	1752	517	-4.9	38.4	ESP	AN
904629	1752	518	-4.9	38.3	ESP	AN
904630	1752	519	-4.9	38.2	ESP	AN
904631	1752	520	-4.9	38.1	ESP	AN
904632	1752	521	-4.9	38.0	ESP	AN
904633	1752	522	-4.9	37.9	ESP	AN
904634	1752	523	-4.9	37.8	ESP	AN
904635	1752	524	-4.9	37.7	ESP	AN
904636	1752	525	-4.9	37.6	ESP	AN
904637	1752	526	-4.9	37.5	ESP	AN
904638	1752	527	-4.9	37.4	ESP	AN
904639	1752	528	-4.9	37.3	ESP	AN
904640	1752	529	-4.9	37.2	ESP	AN
904641	1752	530	-4.9	37.1	ESP	AN
904642	1752	531	-4.9	37.0	ESP	AN
904643	1752	532	-4.9	36.9	ESP	AN
904644	1752	533	-4.9	36.8	ESP	AN
904645	1752	534	-4.9	36.7	ESP	AN
904646	1752	535	-4.9	36.6	ESP	AN
905291	1753	516	-4.8	38.5	ESP	AN
905292	1753	517	-4.8	38.4	ESP	AN
905293	1753	518	-4.8	38.3	ESP	AN
905294	1753	519	-4.8	38.2	ESP	AN
905295	1753	520	-4.8	38.1	ESP	AN
905296	1753	521	-4.8	38.0	ESP	AN
905297	1753	522	-4.8	37.9	ESP	AN
905298	1753	523	-4.8	37.8	ESP	AN
905299	1753	524	-4.8	37.7	ESP	AN
905300	1753	525	-4.8	37.6	ESP	AN
905301	1753	526	-4.8	37.5	ESP	AN
905302	1753	527	-4.8	37.4	ESP	AN
905303	1753	528	-4.8	37.3	ESP	AN
905304	1753	529	-4.8	37.2	ESP	AN
905305	1753	530	-4.8	37.1	ESP	AN
905306	1753	531	-4.8	37.0	ESP	AN
905307	1753	532	-4.8	36.9	ESP	AN
905308	1753	533	-4.8	36.8	ESP	AN
905309	1753	534	-4.8	36.7	ESP	AN
905310	1753	535	-4.8	36.6	ESP	AN
905311	1753	536	-4.8	36.5	ESP	AN
905955	1754	516	-4.7	38.5	ESP	AN
905956	1754	517	-4.7	38.4	ESP	AN
905957	1754	518	-4.7	38.3	ESP	AN
905958	1754	519	-4.7	38.2	ESP	AN
905959	1754	520	-4.7	38.1	ESP	AN
905960	1754	521	-4.7	38.0	ESP	AN
905961	1754	522	-4.7	37.9	ESP	AN
905962	1754	523	-4.7	37.8	ESP	AN
905963	1754	524	-4.7	37.7	ESP	AN
905964	1754	525	-4.7	37.6	ESP	AN
905965	1754	526	-4.7	37.5	ESP	AN
905966	1754	527	-4.7	37.4	ESP	AN
905967	1754	528	-4.7	37.3	ESP	AN
905968	1754	529	-4.7	37.2	ESP	AN
905969	1754	530	-4.7	37.1	ESP	AN
905970	1754	531	-4.7	37.0	ESP	AN
905971	1754	532	-4.7	36.9	ESP	AN
905972	1754	533	-4.7	36.8	ESP	AN
905973	1754	534	-4.7	36.7	ESP	AN
905974	1754	535	-4.7	36.6	ESP	AN
905975	1754	536	-4.7	36.5	ESP	AN
906626	1755	517	-4.6	38.4	ESP	AN
906627	1755	518	-4.6	38.3	ESP	AN
906628	1755	519	-4.6	38.2	ESP	AN
906629	1755	520	-4.6	38.1	ESP	AN
906630	1755	521	-4.6	38.0	ESP	AN
906631	1755	522	-4.6	37.9	ESP	AN
906632	1755	523	-4.6	37.8	ESP	AN
906633	1755	524	-4.6	37.7	ESP	AN
906634	1755	525	-4.6	37.6	ESP	AN
906635	1755	526	-4.6	37.5	ESP	AN
906636	1755	527	-4.6	37.4	ESP	AN
906637	1755	528	-4.6	37.3	ESP	AN
906638	1755	529	-4.6	37.2	ESP	AN
906639	1755	530	-4.6	37.1	ESP	AN
906640	1755	531	-4.6	37.0	ESP	AN
906641	1755	532	-4.6	36.9	ESP	AN
906642	1755	533	-4.6	36.8	ESP	AN
906643	1755	534	-4.6	36.7	ESP	AN
906644	1755	535	-4.6	36.6	ESP	AN
907290	1756	517	-4.5	38.4	ESP	AN
907291	1756	518	-4.5	38.3	ESP	AN
907292	1756	519	-4.5	38.2	ESP	AN
907293	1756	520	-4.5	38.1	ESP	AN
907294	1756	521	-4.5	38.0	ESP	AN
907295	1756	522	-4.5	37.9	ESP	AN
907296	1756	523	-4.5	37.8	ESP	AN
907297	1756	524	-4.5	37.7	ESP	AN
907298	1756	525	-4.5	37.6	ESP	AN
907299	1756	526	-4.5	37.5	ESP	AN
907300	1756	527	-4.5	37.4	ESP	AN
907301	1756	528	-4.5	37.3	ESP	AN
907302	1756	529	-4.5	37.2	ESP	AN
907303	1756	530	-4.5	37.1	ESP	AN
907304	1756	531	-4.5	37.0	ESP	AN
907305	1756	532	-4.5	36.9	ESP	AN
907306	1756	533	-4.5	36.8	ESP	AN
907307	1756	534	-4.5	36.7	ESP	AN
907955	1757	518	-4.4	38.3	ESP	AN
907956	1757	519	-4.4	38.2	ESP	AN
907957	1757	520	-4.4	38.1	ESP	AN
907958	1757	521	-4.4	38.0	ESP	AN
907959	1757	522	-4.4	37.9	ESP	AN
907960	1757	523	-4.4	37.8	ESP	AN
907961	1757	524	-4.4	37.7	ESP	AN
907962	1757	525	-4.4	37.6	ESP	AN
907963	1757	526	-4.4	37.5	ESP	AN
907964	1757	527	-4.4	37.4	ESP	AN
907965	1757	528	-4.4	37.3	ESP	AN
907966	1757	529	-4.4	37.2	ESP	AN
907967	1757	530	-4.4	37.1	ESP	AN
907968	1757	531	-4.4	37.0	ESP	AN
907969	1757	532	-4.4	36.9	ESP	AN
907970	1757	533	-4.4	36.8	ESP	AN
908625	1758	518	-4.3	38.3	ESP	AN
908626	1758	519	-4.3	38.2	ESP	AN
908627	1758	520	-4.3	38.1	ESP	AN
908628	1758	521	-4.3	38.0	ESP	AN
908629	1758	522	-4.3	37.9	ESP	AN
908630	1758	523	-4.3	37.8	ESP	AN
908631	1758	524	-4.3	37.7	ESP	AN
908632	1758	525	-4.3	37.6	ESP	AN
908633	1758	526	-4.3	37.5	ESP	AN
908634	1758	527	-4.3	37.4	ESP	AN
908635	1758	528	-4.3	37.3	ESP	AN
908636	1758	529	-4.3	37.2	ESP	AN
908637	1758	530	-4.3	37.1	ESP	AN
908638	1758	531	-4.3	37.0	ESP	AN
908639	1758	532	-4.3	36.9	ESP	AN
908640	1758	533	-4.3	36.8	ESP	AN
909295	1759	518	-4.2	38.3	ESP	AN
909296	1759	519	-4.2	38.2	ESP	AN
909297	1759	520	-4.2	38.1	ESP	AN
909298	1759	521	-4.2	38.0	ESP	AN
909299	1759	522	-4.2	37.9	ESP	AN
909300	1759	523	-4.2	37.8	ESP	AN
909301	1759	524	-4.2	37.7	ESP	AN
909302	1759	525	-4.2	37.6	ESP	AN
909303	1759	526	-4.2	37.5	ESP	AN
909304	1759	527	-4.2	37.4	ESP	AN
909305	1759	528	-4.2	37.3	ESP	AN
909306	1759	529	-4.2	37.2	ESP	AN
909307	1759	530	-4.2	37.1	ESP	AN
909308	1759	531	-4.2	37.0	ESP	AN
909309	1759	532	-4.2	36.9	ESP	AN
909310	1759	533	-4.2	36.8	ESP	AN
909965	1760	518	-4.1	38.3	ESP	AN
909966	1760	519	-4.1	38.2	ESP	AN
909967	1760	520	-4.1	38.1	ESP	AN
909968	1760	521	-4.1	38.0	ESP	AN
909969	1760	522	-4.1	37.9	ESP	AN
909970	1760	523	-4.1	37.8	ESP	AN
909971	1760	524	-4.1	37.7	ESP	AN
909972	1760	525	-4.1	37.6	ESP	AN
909973	1760	526	-4.1	37.5	ESP	AN
909974	1760	527	-4.1	37.4	ESP	AN
909975	1760	528	-4.1	37.3	ESP	AN
909976	1760	529	-4.1	37.2	ESP	AN
909977	1760	530	-4.1	37.1	ESP	AN
909978	1760	531	-4.1	37.0	ESP	AN
909979	1760	532	-4.1	36.9	ESP	AN
909980	1760	533	-4.1	36.8	ESP	AN
910632	1761	518	-4.0	38.3	ESP	AN
910633	1761	519	-4.0	38.2	ESP	AN
910634	1761	520	-4.0	38.1	ESP	AN
910635	1761	521	-4.0	38.0	ESP	AN
910636	1761	522	-4.0	37.9	ESP	AN
910637	1761	523	-4.0	37.8	ESP	AN
910638	1761	524	-4.0	37.7	ESP	AN
910639	1761	525	-4.0	37.6	ESP	AN
910640	1761	526	-4.0	37.5	ESP	AN
910641	1761	527	-4.0	37.4	ESP	AN
910642	1761	528	-4.0	37.3	ESP	AN
910643	1761	529	-4.0	37.2	ESP	AN
910644	1761	530	-4.0	37.1	ESP	AN
910645	1761	531	-4.0	37.0	ESP	AN
910646	1761	532	-4.0	36.9	ESP	AN
910647	1761	533	-4.0	36.8	ESP	AN
911302	1762	518	-3.9	38.3	ESP	AN
911303	1762	519	-3.9	38.2	ESP	AN
911304	1762	520	-3.9	38.1	ESP	AN
911305	1762	521	-3.9	38.0	ESP	AN
911306	1762	522	-3.9	37.9	ESP	AN
911307	1762	523	-3.9	37.8	ESP	AN
911308	1762	524	-3.9	37.7	ESP	AN
911309	1762	525	-3.9	37.6	ESP	AN
911310	1762	526	-3.9	37.5	ESP	AN
911311	1762	527	-3.9	37.4	ESP	AN
911312	1762	528	-3.9	37.3	ESP	AN
911313	1762	529	-3.9	37.2	ESP	AN
911314	1762	530	-3.9	37.1	ESP	AN
911315	1762	531	-3.9	37.0	ESP	AN
911316	1762	532	-3.9	36.9	ESP	AN
911317	1762	533	-3.9	36.8	ESP	AN
911971	1763	517	-3.8	38.4	ESP	AN
911972	1763	518	-3.8	38.3	ESP	AN
911973	1763	519	-3.8	38.2	ESP	AN
911974	1763	520	-3.8	38.1	ESP	AN
911975	1763	521	-3.8	38.0	ESP	AN
911976	1763	522	-3.8	37.9	ESP	AN
911977	1763	523	-3.8	37.8	ESP	AN
911978	1763	524	-3.8	37.7	ESP	AN
911979	1763	525	-3.8	37.6	ESP	AN
911980	1763	526	-3.8	37.5	ESP	AN
911981	1763	527	-3.8	37.4	ESP	AN
911982	1763	528	-3.8	37.3	ESP	AN
911983	1763	529	-3.8	37.2	ESP	AN
911984	1763	530	-3.8	37.1	ESP	AN
911985	1763	531	-3.8	37.0	ESP	AN
911986	1763	532	-3.8	36.9	ESP	AN
911987	1763	533	-3.8	36.8	ESP	AN
912650	1764	517	-3.7	38.4	ESP	AN
912651	1764	518	-3.7	38.3	ESP	AN
912652	1764	519	-3.7	38.2	ESP	AN
912653	1764	520	-3.7	38.1	ESP	AN
912654	1764	521	-3.7	38.0	ESP	AN
912655	1764	522	-3.7	37.9	ESP	AN
912656	1764	523	-3.7	37.8	ESP	AN
912657	1764	524	-3.7	37.7	ESP	AN
912658	1764	525	-3.7	37.6	ESP	AN
912659	1764	526	-3.7	37.5	ESP	AN
912660	1764	527	-3.7	37.4	ESP	AN
912661	1764	528	-3.7	37.3	ESP	AN
912662	1764	529	-3.7	37.2	ESP	AN
912663	1764	530	-3.7	37.1	ESP	AN
912664	1764	531	-3.7	37.0	ESP	AN
912665	1764	532	-3.7	36.9	ESP	AN
912666	1764	533	-3.7	36.8	ESP	AN
913329	1765	517	-3.6	38.4	ESP	AN
913330	1765	518	-3.6	38.3	ESP	AN
913331	1765	519	-3.6	38.2	ESP	AN
913332	1765	520	-3.6	38.1	ESP	AN
913333	1765	521	-3.6	38.0	ESP	AN
913334	1765	522	-3.6	37.9	ESP	AN
913335	1765	523	-3.6	37.8	ESP	AN
913336	1765	524	-3.6	37.7	ESP	AN
913337	1765	525	-3.6	37.6	ESP	AN
913338	1765	526	-3.6	37.5	ESP	AN
913339	1765	527	-3.6	37.4	ESP	AN
913340	1765	528	-3.6	37.3	ESP	AN
913341	1765	529	-3.6	37.2	ESP	AN
913342	1765	530	-3.6	37.1	ESP	AN
913343	1765	531	-3.6	37.0	ESP	AN
913344	1765	532	-3.6	36.9	ESP	AN
913345	1765	533	-3.6	36.8	ESP	AN
914016	1766	517	-3.5	38.4	ESP	AN
914017	1766	518	-3.5	38.3	ESP	AN
914018	1766	519	-3.5	38.2	ESP	AN
914019	1766	520	-3.5	38.1	ESP	AN
914020	1766	521	-3.5	38.0	ESP	AN
914021	1766	522	-3.5	37.9	ESP	AN
914022	1766	523	-3.5	37.8	ESP	AN
914023	1766	524	-3.5	37.7	ESP	AN
914024	1766	525	-3.5	37.6	ESP	AN
914025	1766	526	-3.5	37.5	ESP	AN
914026	1766	527	-3.5	37.4	ESP	AN
914027	1766	528	-3.5	37.3	ESP	AN
914028	1766	529	-3.5	37.2	ESP	AN
914029	1766	530	-3.5	37.1	ESP	AN
914030	1766	531	-3.5	37.0	ESP	AN
914031	1766	532	-3.5	36.9	ESP	AN
914032	1766	533	-3.5	36.8	ESP	AN
914703	1767	517	-3.4	38.4	ESP	AN
914704	1767	518	-3.4	38.3	ESP	AN
914705	1767	519	-3.4	38.2	ESP	AN
914706	1767	520	-3.4	38.1	ESP	AN
914707	1767	521	-3.4	38.0	ESP	AN
914708	1767	522	-3.4	37.9	ESP	AN
914709	1767	523	-3.4	37.8	ESP	AN
914710	1767	524	-3.4	37.7	ESP	AN
914711	1767	525	-3.4	37.6	ESP	AN
914712	1767	526	-3.4	37.5	ESP	AN
914713	1767	527	-3.4	37.4	ESP	AN
914714	1767	528	-3.4	37.3	ESP	AN
914715	1767	529	-3.4	37.2	ESP	AN
914716	1767	530	-3.4	37.1	ESP	AN
914717	1767	531	-3.4	37.0	ESP	AN
914718	1767	532	-3.4	36.9	ESP	AN
914719	1767	533	-3.4	36.8	ESP	AN
915390	1768	517	-3.3	38.4	ESP	AN
915391	1768	518	-3.3	38.3	ESP	AN
915392	1768	519	-3.3	38.2	ESP	AN
915393	1768	520	-3.3	38.1	ESP	AN
915394	1768	521	-3.3	38.0	ESP	AN
915395	1768	522	-3.3	37.9	ESP	AN
915396	1768	523	-3.3	37.8	ESP	AN
915397	1768	524	-3.3	37.7	ESP	AN
915398	1768	525	-3.3	37.6	ESP	AN
915399	1768	526	-3.3	37.5	ESP	AN
915400	1768	527	-3.3	37.4	ESP	AN
915401	1768	528	-3.3	37.3	ESP	AN
915402	1768	529	-3.3	37.2	ESP	AN
915403	1768	530	-3.3	37.1	ESP	AN
915404	1768	531	-3.3	37.0	ESP	AN
915405	1768	532	-3.3	36.9	ESP	AN
915406	1768	533	-3.3	36.8	ESP	AN
916077	1769	517	-3.2	38.4	ESP	AN
916078	1769	518	-3.2	38.3	ESP	AN
916079	1769	519	-3.2	38.2	ESP	AN
916080	1769	520	-3.2	38.1	ESP	AN
916081	1769	521	-3.2	38.0	ESP	AN
916082	1769	522	-3.2	37.9	ESP	AN
916083	1769	523	-3.2	37.8	ESP	AN
916084	1769	524	-3.2	37.7	ESP	AN
916085	1769	525	-3.2	37.6	ESP	AN
916086	1769	526	-3.2	37.5	ESP	AN
916087	1769	527	-3.2	37.4	ESP	AN
916088	1769	528	-3.2	37.3	ESP	AN
916089	1769	529	-3.2	37.2	ESP	AN
916090	1769	530	-3.2	37.1	ESP	AN
916091	1769	531	-3.2	37.0	ESP	AN
916092	1769	532	-3.2	36.9	ESP	AN
916093	1769	533	-3.2	36.8	ESP	AN
916764	1770	517	-3.1	38.4	ESP	AN
916765	1770	518	-3.1	38.3	ESP	AN
916766	1770	519	-3.1	38.2	ESP	AN
916767	1770	520	-3.1	38.1	ESP	AN
916768	1770	521	-3.1	38.0	ESP	AN
916769	1770	522	-3.1	37.9	ESP	AN
916770	1770	523	-3.1	37.8	ESP	AN
916771	1770	524	-3.1	37.7	ESP	AN
916772	1770	525	-3.1	37.6	ESP	AN
916773	1770	526	-3.1	37.5	ESP	AN
916774	1770	527	-3.1	37.4	ESP	AN
916775	1770	528	-3.1	37.3	ESP	AN
916776	1770	529	-3.1	37.2	ESP	AN
916777	1770	530	-3.1	37.1	ESP	AN
916778	1770	531	-3.1	37.0	ESP	AN
916779	1770	532	-3.1	36.9	ESP	AN
916780	1770	533	-3.1	36.8	ESP	AN
917451	1771	517	-3.0	38.4	ESP	AN
917452	1771	518	-3.0	38.3	ESP	AN
917453	1771	519	-3.0	38.2	ESP	AN
917454	1771	520	-3.0	38.1	ESP	AN
917455	1771	521	-3.0	38.0	ESP	AN
917456	1771	522	-3.0	37.9	ESP	AN
917457	1771	523	-3.0	37.8	ESP	AN
917458	1771	524	-3.0	37.7	ESP	AN
917459	1771	525	-3.0	37.6	ESP	AN
917460	1771	526	-3.0	37.5	ESP	AN
917461	1771	527	-3.0	37.4	ESP	AN
917462	1771	528	-3.0	37.3	ESP	AN
917463	1771	529	-3.0	37.2	ESP	AN
917464	1771	530	-3.0	37.1	ESP	AN
917465	1771	531	-3.0	37.0	ESP	AN
917466	1771	532	-3.0	36.9	ESP	AN
917467	1771	533	-3.0	36.8	ESP	AN
918130	1772	517	-2.9	38.4	ESP	AN
918131	1772	518	-2.9	38.3	ESP	AN
918132	1772	519	-2.9	38.2	ESP	AN
918133	1772	520	-2.9	38.1	ESP	AN
918134	1772	521	-2.9	38.0	ESP	AN
918135	1772	522	-2.9	37.9	ESP	AN
918136	1772	523	-2.9	37.8	ESP	AN
918137	1772	524	-2.9	37.7	ESP	AN
918138	1772	525	-2.9	37.6	ESP	AN
918139	1772	526	-2.9	37.5	ESP	AN
918140	1772	527	-2.9	37.4	ESP	AN
918141	1772	528	-2.9	37.3	ESP	AN
918142	1772	529	-2.9	37.2	ESP	AN
918143	1772	530	-2.9	37.1	ESP	AN
918144	1772	531	-2.9	37.0	ESP	AN
918145	1772	532	-2.9	36.9	ESP	AN
918146	1772	533	-2.9	36.8	ESP	AN
918808	1773	516	-2.8	38.5	ESP	AN
918809	1773	517	-2.8	38.4	ESP	AN
918810	1773	518	-2.8	38.3	ESP	AN
918811	1773	519	-2.8	38.2	ESP	AN
918812	1773	520	-2.8	38.1	ESP	AN
918813	1773	521	-2.8	38.0	ESP	AN
918814	1773	522	-2.8	37.9	ESP	AN
918815	1773	523	-2.8	37.8	ESP	AN
918816	1773	524	-2.8	37.7	ESP	AN
918817	1773	525	-2.8	37.6	ESP	AN
918818	1773	526	-2.8	37.5	ESP	AN
918819	1773	527	-2.8	37.4	ESP	AN
918820	1773	528	-2.8	37.3	ESP	AN
918821	1773	529	-2.8	37.2	ESP	AN
918822	1773	530	-2.8	37.1	ESP	AN
918823	1773	531	-2.8	37.0	ESP	AN
918824	1773	532	-2.8	36.9	ESP	AN
918825	1773	533	-2.8	36.8	ESP	AN
919487	1774	516	-2.7	38.5	ESP	AN
919488	1774	517	-2.7	38.4	ESP	AN
919489	1774	518	-2.7	38.3	ESP	AN
919490	1774	519	-2.7	38.2	ESP	AN
919491	1774	520	-2.7	38.1	ESP	AN
919492	1774	521	-2.7	38.0	ESP	AN
919493	1774	522	-2.7	37.9	ESP	AN
919494	1774	523	-2.7	37.8	ESP	AN
919495	1774	524	-2.7	37.7	ESP	AN
919496	1774	525	-2.7	37.6	ESP	AN
919497	1774	526	-2.7	37.5	ESP	AN
919498	1774	527	-2.7	37.4	ESP	AN
919499	1774	528	-2.7	37.3	ESP	AN
919500	1774	529	-2.7	37.2	ESP	AN
919501	1774	530	-2.7	37.1	ESP	AN
919502	1774	531	-2.7	37.0	ESP	AN
919503	1774	532	-2.7	36.9	ESP	AN
919504	1774	533	-2.7	36.8	ESP	AN
919505	1774	534	-2.7	36.7	ESP	AN
920160	1775	516	-2.6	38.5	ESP	AN
920161	1775	517	-2.6	38.4	ESP	AN
920162	1775	518	-2.6	38.3	ESP	AN
920163	1775	519	-2.6	38.2	ESP	AN
920164	1775	520	-2.6	38.1	ESP	AN
920165	1775	521	-2.6	38.0	ESP	AN
920166	1775	522	-2.6	37.9	ESP	AN
920167	1775	523	-2.6	37.8	ESP	AN
920168	1775	524	-2.6	37.7	ESP	AN
920169	1775	525	-2.6	37.6	ESP	AN
920170	1775	526	-2.6	37.5	ESP	AN
920171	1775	527	-2.6	37.4	ESP	AN
920172	1775	528	-2.6	37.3	ESP	AN
920173	1775	529	-2.6	37.2	ESP	AN
920174	1775	530	-2.6	37.1	ESP	AN
920175	1775	531	-2.6	37.0	ESP	AN
920176	1775	532	-2.6	36.9	ESP	AN
920177	1775	533	-2.6	36.8	ESP	AN
920837	1776	517	-2.5	38.4	ESP	AN
920838	1776	518	-2.5	38.3	ESP	AN
920839	1776	519	-2.5	38.2	ESP	AN
920841	1776	521	-2.5	38.0	ESP	AN
920842	1776	522	-2.5	37.9	ESP	AN
920843	1776	523	-2.5	37.8	ESP	AN
920844	1776	524	-2.5	37.7	ESP	AN
920845	1776	525	-2.5	37.6	ESP	AN
920846	1776	526	-2.5	37.5	ESP	AN
920847	1776	527	-2.5	37.4	ESP	AN
920848	1776	528	-2.5	37.3	ESP	AN
920849	1776	529	-2.5	37.2	ESP	AN
920850	1776	530	-2.5	37.1	ESP	AN
920851	1776	531	-2.5	37.0	ESP	AN
920852	1776	532	-2.5	36.9	ESP	AN
921517	1777	521	-2.4	38.0	ESP	AN
921518	1777	522	-2.4	37.9	ESP	AN
921519	1777	523	-2.4	37.8	ESP	AN
921520	1777	524	-2.4	37.7	ESP	AN
921521	1777	525	-2.4	37.6	ESP	AN
921522	1777	526	-2.4	37.5	ESP	AN
921523	1777	527	-2.4	37.4	ESP	AN
921524	1777	528	-2.4	37.3	ESP	AN
921525	1777	529	-2.4	37.2	ESP	AN
921526	1777	530	-2.4	37.1	ESP	AN
921527	1777	531	-2.4	37.0	ESP	AN
921528	1777	532	-2.4	36.9	ESP	AN
922197	1778	521	-2.3	38.0	ESP	AN
922198	1778	522	-2.3	37.9	ESP	AN
922199	1778	523	-2.3	37.8	ESP	AN
922200	1778	524	-2.3	37.7	ESP	AN
922201	1778	525	-2.3	37.6	ESP	AN
922202	1778	526	-2.3	37.5	ESP	AN
922203	1778	527	-2.3	37.4	ESP	AN
922204	1778	528	-2.3	37.3	ESP	AN
922205	1778	529	-2.3	37.2	ESP	AN
922206	1778	530	-2.3	37.1	ESP	AN
922207	1778	531	-2.3	37.0	ESP	AN
922208	1778	532	-2.3	36.9	ESP	AN
922875	1779	522	-2.2	37.9	ESP	AN
922876	1779	523	-2.2	37.8	ESP	AN
922877	1779	524	-2.2	37.7	ESP	AN
922878	1779	525	-2.2	37.6	ESP	AN
922879	1779	526	-2.2	37.5	ESP	AN
922880	1779	527	-2.2	37.4	ESP	AN
922881	1779	528	-2.2	37.3	ESP	AN
922882	1779	529	-2.2	37.2	ESP	AN
922883	1779	530	-2.2	37.1	ESP	AN
922884	1779	531	-2.2	37.0	ESP	AN
922885	1779	532	-2.2	36.9	ESP	AN
922886	1779	533	-2.2	36.8	ESP	AN
923562	1780	523	-2.1	37.8	ESP	AN
923563	1780	524	-2.1	37.7	ESP	AN
923564	1780	525	-2.1	37.6	ESP	AN
923565	1780	526	-2.1	37.5	ESP	AN
923566	1780	527	-2.1	37.4	ESP	AN
923567	1780	528	-2.1	37.3	ESP	AN
923568	1780	529	-2.1	37.2	ESP	AN
923569	1780	530	-2.1	37.1	ESP	AN
923570	1780	531	-2.1	37.0	ESP	AN
923571	1780	532	-2.1	36.9	ESP	AN
923572	1780	533	-2.1	36.8	ESP	AN
924248	1781	523	-2.0	37.8	ESP	AN
924250	1781	525	-2.0	37.6	ESP	AN
924251	1781	526	-2.0	37.5	ESP	AN
924252	1781	527	-2.0	37.4	ESP	AN
924253	1781	528	-2.0	37.3	ESP	AN
924254	1781	529	-2.0	37.2	ESP	AN
924255	1781	530	-2.0	37.1	ESP	AN
924256	1781	531	-2.0	37.0	ESP	AN
924257	1781	532	-2.0	36.9	ESP	AN
924937	1782	526	-1.9	37.5	ESP	AN
924938	1782	527	-1.9	37.4	ESP	AN
924939	1782	528	-1.9	37.3	ESP	AN
924940	1782	529	-1.9	37.2	ESP	AN
924941	1782	530	-1.9	37.1	ESP	AN
924942	1782	531	-1.9	37.0	ESP	AN
925624	1783	527	-1.8	37.4	ESP	AN
925625	1783	528	-1.8	37.3	ESP	AN
926313	1784	527	-1.7	37.4	ESP	AN
