Model	Date	Time	WxFile	Long	Lat	JdStart	DysToOut	Month	Day	Year	dd	ddbZero	FruWgt	fruNum	Bloomday	BloomYr	DDBSum	ChillHD	PrcpYrSum	TempIncr	ddbMinus10	ddbMinus83	OFEgDays	OFLrDays	OFPuDays	OFAdDays	OfPupSum	DamFrSum	PrcntAtkd
OliveGIS	30set19	19:09:54	D:\wx_medgold\wx_agmerra_andalusia\agmerra_1411_210_ESP.txt	-7.375	37.625	1	731	12	31	CV	0.411978499803917	236.001168904177	26.3759343566458	26.1150092111689	8.05408159597513	30	38.5221494388844	12.5669466792115	29.5088691655114	0	0	0	39.4910085876974	39.9666353107766	46.3226809599325	71.2227825466093	36.1692899435121	28.0991926540686	11.6643512234864
OliveGIS	30set19	19:10:03	D:\wx_medgold\wx_agmerra_andalusia\agmerra_1411_211_ESP.txt	-7.375	37.375	1	731	12	31	CV	0.486727739511788	320.440310100282	8.58619745478922	8.05498003222056	7.81456711447163	30	45.305661442986	12.8248493981318	32.7302166846877	0	0	0	26.3215673095682	26.5333658532231	34.6363507180683	52.8788806932646	23.022586202109	12.4693800686738	8.80280252623954
OliveGIS	30set19	19:10:14	D:\wx_medgold\wx_agmerra_andalusia\agmerra_1412_209_ESP.txt	-7.125	37.875	1	731	12	31	CV	0.374679296731777	182.462538861234	27.0011179967033	26.8210035076056	8.31591089558238	30	34.1365607548972	11.7393589738443	28.7898471452388	0	0	0	38.3543784293296	42.1278774256122	59.0470968758701	65.9541243088787	37.8782755681763	27.9507715799386	9.32164531086531
OliveGIS	30set19	19:10:21	D:\wx_medgold\wx_agmerra_andalusia\agmerra_1412_210_ESP.txt	-7.125	37.625	1	731	12	31	CV	0.413000955785945	226.419171930114	25.4677975294143	25.1954295247027	8.15279321322283	30	36.983307002055	12.5353391021032	29.9905968391948	0	0	0	38.0997356532243	39.1862212769009	45.9785072015639	70.630169774951	35.0054733941789	26.9206996959687	11.1421928646346
OliveGIS	30set19	19:10:28	D:\wx_medgold\wx_agmerra_andalusia\agmerra_1412_211_ESP.txt	-7.125	37.375	1	731	12	31	CV	0.478274168351607	300.233386229607	7.88782013023624	7.26079559952672	7.93943768422623	30	43.1915918973485	13.1874458951073	32.7434377046293	0	0	0	25.9813120675615	25.6471653188726	31.9047974856154	54.7682868056737	21.6938305557091	11.6857448755009	9.06666815410994
OliveGIS	30set19	19:10:36	D:\wx_medgold\wx_agmerra_andalusia\agmerra_1413_208_ESP.txt	-6.875	38.125	1	731	12	31	CV	0.315156946973472	143.121321980227	9.64475261305268	9.84816441076893	7.37282781727423	30	29.822951887433	11.1177663488917	26.2235098566222	0	0	0	28.3374519505482	32.8402019511454	62.8669256165795	57.2416264043856	27.6024529048378	12.9991990111333	10.3206569162007
OliveGIS	30set19	19:10:43	D:\wx_medgold\wx_agmerra_andalusia\agmerra_1413_209_ESP.txt	-6.875	37.875	1	731	12	31	CV	0.40316534354159	202.727699887739	25.4572974832335	25.3774582105765	8.01178244533931	30	35.0679546119708	12.4158040550009	26.3829210019125	0	0	0	38.2553211415485	40.6522583299392	51.7042126490923	67.4147653269147	36.7812463674033	26.9264022224085	12.4604576122581
OliveGIS	30set19	19:10:51	D:\wx_medgold\wx_agmerra_andalusia\agmerra_1413_210_ESP.txt	-6.875	37.625	1	731	12	31	CV	0.479765719247208	256.17973287801	20.4156861937269	20.1985706902964	7.92178680816765	30	39.1571095662543	13.5635575655529	27.8642722587168	0	0	0	37.0259290627052	35.4275208633622	40.2347912943189	58.2591879358013	33.3733664681626	24.2755089990266	12.8605891967429
OliveGIS	30set19	19:10:59	D:\wx_medgold\wx_agmerra_andalusia\agmerra_1413_211_ESP.txt	-6.875	37.375	1	731	12	31	CV	0.481227272338586	316.610259226241	7.21852070705831	6.87087197435616	8.05522315650614	30	45.7344488190206	14.5208481710189	33.2330808497476	0	0	0	27.5847818484164	26.3426773180593	32.030665784099	45.218207319751	25.7352483555644	14.6018147710174	11.1586745622479
OliveGIS	30set19	19:11:09	D:\wx_medgold\wx_agmerra_andalusia\agmerra_1414_209_ESP.txt	-6.625	37.875	1	731	12	31	CV	0.3682750241062	174.420075630948	22.3384353633214	22.3437581447573	7.95166410676559	30	32.9585466549736	12.0997616368389	27.1939564117337	0	0	0	34.6493644036772	38.0033968110462	53.7728739883192	67.5955274049068	33.8134262234696	23.5593104611325	10.4381571613215
OliveGIS	30set19	19:11:17	D:\wx_medgold\wx_agmerra_andalusia\agmerra_1414_210_ESP.txt	-6.625	37.625	1	731	12	31	CV	0.466818797636799	236.419226368289	20.5131715600461	20.1742505736235	8.15952048845223	30	37.2593410328661	13.3069851675275	27.6442820740032	0	0	0	36.6505020668032	35.585817440275	40.3643047244628	60.2644786444332	32.4660396821457	23.5133576819346	12.8232213732031
OliveGIS	30set19	19:11:25	D:\wx_medgold\wx_agmerra_andalusia\agmerra_1414_211_ESP.txt	-6.625	37.375	1	731	12	31	CV	0.471349023041464	275.615835832117	8.6267925036975	8.13048426280389	8.1183248204098	30	42.769004990296	14.8853525470474	32.3081742986393	0	0	0	26.9198977399483	25.5168081931154	31.0148855212157	42.3497835516785	25.3141084697024	14.8715538639903	11.0373460182539
OliveGIS	30set19	19:11:33	D:\wx_medgold\wx_agmerra_andalusia\agmerra_1414_212_ESP.txt	-6.625	37.125	1	731	12	31	CV	0.614514710811779	547.722557505166	9.47739044888596	9.26284366493239	8.57470465511691	30	70.6206363542858	16.5596310368652	33.118646139977	0	0	0	22.6316307160281	20.5347712373361	25.5171613394244	33.5659642749232	20.1751277504502	11.6584182313894	7.05213296971309
OliveGIS	30set19	19:11:41	D:\wx_medgold\wx_agmerra_andalusia\agmerra_1415_209_ESP.txt	-6.375	37.875	1	731	12	31	CV	0.377047145795804	150.256636941576	10.1227532646535	10.1666713515162	7.66160638391247	30	31.4104616637623	11.7699124087415	30.3660662665751	0	0	0	30.4539937505586	32.3727989879009	45.3105191238697	62.8297387393219	27.6163251298891	14.3528995526373	11.7234575290315
OliveGIS	30set19	19:11:48	D:\wx_medgold\wx_agmerra_andalusia\agmerra_1415_210_ESP.txt	-6.375	37.625	1	731	12	31	CV	0.442878633784703	191.103538817809	20.5805389398278	20.1857886296062	8.19202580386294	30	35.5151065166714	13.0905614604312	30.723536812519	0	0	0	37.0734614331124	35.0398823865767	38.9849269022274	51.3265587069548	33.4719733854557	24.812259353044	15.8520882713675
OliveGIS	30set19	19:11:57	D:\wx_medgold\wx_agmerra_andalusia\agmerra_1415_211_ESP.txt	-6.375	37.375	1	731	12	31	CV	0.47941235079026	304.321249968816	7.75935644786926	7.60513145375746	8.21743694849006	30	42.9914409239611	17.1846758702008	34.5033286309971	0	0	0	34.3925892313587	32.1846191259081	39.2071011932076	49.576478203516	32.9548697142981	20.7258609314207	17.1644880729531
OliveGIS	30set19	19:12:05	D:\wx_medgold\wx_agmerra_andalusia\agmerra_1415_212_ESP.txt	-6.375	37.125	1	731	12	31	CV	0.6205204301397	447.983989861707	9.88879291389911	9.50057966200906	8.03821711340089	30	61.749901526417	19.8308109908811	34.9961430513212	0	0	0	30.4927230089004	27.872480214521	33.2600564063822	39.9504158586328	27.4674793767182	17.2131102991857	13.8851074967377
OliveGIS	30set19	19:12:14	D:\wx_medgold\wx_agmerra_andalusia\agmerra_1415_213_ESP.txt	-6.375	36.875	1	731	12	31	CV	0.589648085391048	488.566595263801	7.57516816538782	7.26138681309146	7.96606081935958	30	65.6095986117611	18.8114276422162	38.8355370873241	0	0	0	23.5467979439859	21.1307282416671	26.6046129505245	33.9595631175787	20.2695709243025	10.9098914516744	7.38760946965943
OliveGIS	30set19	19:12:23	D:\wx_medgold\wx_agmerra_andalusia\agmerra_1416_209_ESP.txt	-6.125	37.875	1	731	12	31	CV	0.400398257726955	145.286365401857	9.16911525542242	9.04544523758115	7.41750926000681	30	30.4680614935123	11.8546936227515	29.9017803959907	0	0	0	28.9935119507408	30.1067282192246	42.1494910118269	59.0722474015242	25.654678396398	13.2288277700024	11.5930210572278
OliveGIS	30set19	19:12:30	D:\wx_medgold\wx_agmerra_andalusia\agmerra_1416_210_ESP.txt	-6.125	37.625	1	731	12	31	CV	0.393945677935214	179.209175847293	20.3201254885276	19.9219290690625	8.06612726753981	30	34.8988780859786	13.5856515839186	29.7051836475032	0	0	0	37.3400242357339	35.4086928869194	39.5772560952315	53.4026411227884	34.1171318151576	25.3419028440405	17.1597424320746
OliveGIS	30set19	19:12:38	D:\wx_medgold\wx_agmerra_andalusia\agmerra_1416_211_ESP.txt	-6.125	37.375	1	731	12	31	CV	0.471863378689567	232.336978328772	18.2004149096728	17.9763415329123	8.23780024246931	30	39.9005259697284	18.0110852170583	34.1625449796709	0	0	0	37.0915026480602	35.275289397362	40.788289677239	48.0718289355149	35.510599654358	26.5961198507721	17.9397607998788
OliveGIS	30set19	19:12:47	D:\wx_medgold\wx_agmerra_andalusia\agmerra_1416_212_ESP.txt	-6.125	37.125	1	731	12	31	CV	0.584800699933447	328.081550170485	11.8706195299796	9.59865191880649	8.43460935413839	30	49.7846105598601	20.4877686023322	34.7933189776142	0	0	0	30.5095979319969	28.0488854638723	33.6000804645432	40.7874247913626	28.3050432063436	18.2907744445401	15.8950787841744
OliveGIS	30set19	19:12:57	D:\wx_medgold\wx_agmerra_andalusia\agmerra_1416_213_ESP.txt	-6.125	36.875	1	731	12	31	CV	0.563201667411968	273.422306274212	7.58504065797833	7.36984635642371	8.08093139451365	30	49.6621316490991	19.7598594338675	37.2334709116066	0	0	0	30.0711407181544	27.688414805257	33.6724869207163	42.3000768022694	27.7658263030048	16.3678148924218	13.393895109422
OliveGIS	30set19	19:13:06	D:\wx_medgold\wx_agmerra_andalusia\agmerra_1416_214_ESP.txt	-6.125	36.625	1	731	12	31	CV	0.677197176020271	391.724745021385	17.1467225735277	16.9642554988129	8.4788373918717	30	59.9157407679271	16.6513709619639	37.7576181068173	0	0	0	28.802286936807	27.203934406803	32.0804136544248	42.7375402747224	26.1426466364227	18.8104160882173	8.06993340987084
OliveGIS	30set19	19:13:14	D:\wx_medgold\wx_agmerra_andalusia\agmerra_1416_215_ESP.txt	-6.125	36.375	1	731	12	31	CV	0.52385053358664	306.256597395511	15.3117945369774	14.9019381224243	8.63047716286892	30	46.9397464758635	18.5632331307951	35.3146898786544	0	0	0	31.8391430993893	29.6037534208676	34.1148632612389	42.2721031170307	29.5934961312778	20.4340944037917	15.7765749613818
OliveGIS	30set19	19:13:24	D:\wx_medgold\wx_agmerra_andalusia\agmerra_1417_208_ESP.txt	-5.875	38.125	1	731	12	31	CV	0.312800160371863	118.571692586831	10.1502202154681	10.1272502995308	6.95710526554897	30	25.589082746603	11.1025227941932	30.6167295278791	0	0	0	27.4953620460276	32.0679981126687	54.8724478822571	57.4675994513568	26.6273118089573	14.2787512395214	12.2265520227346
OliveGIS	30set19	19:13:31	D:\wx_medgold\wx_agmerra_andalusia\agmerra_1417_209_ESP.txt	-5.875	37.875	1	731	12	31	CV	0.344683535237861	146.115663139326	11.3924651131281	11.4631110876393	7.44803374933104	30	30.7192301913035	12.5420755905498	31.8841719158154	0	0	0	31.6409333115639	31.0625555258349	36.3967241857388	59.2985934948568	27.4468895453168	15.6606925477492	15.0003060631799
OliveGIS	30set19	19:13:38	D:\wx_medgold\wx_agmerra_andalusia\agmerra_1417_210_ESP.txt	-5.875	37.625	1	731	12	31	CV	0.375482570006966	177.129823843985	20.5414211975392	20.1232798371378	8.04775843398436	30	34.9047562639446	14.577475711485	31.2724013667106	0	0	0	35.7807926833379	34.2853332669758	37.6093441886872	48.2330175681348	33.3309824613499	25.8883405816853	18.1764761458029
OliveGIS	30set19	19:13:46	D:\wx_medgold\wx_agmerra_andalusia\agmerra_1417_211_ESP.txt	-5.875	37.375	1	731	12	31	CV	0.422412157426401	238.058672876946	18.1836039655889	17.961265185238	8.07248691323457	30	37.3633347025517	19.6374121089294	34.3163765137187	0	0	0	39.7233334943066	38.0576528476152	42.3911240642013	44.5322365725582	37.3153679126343	28.8208921845899	22.7815909703089
OliveGIS	30set19	19:13:56	D:\wx_medgold\wx_agmerra_andalusia\agmerra_1417_212_ESP.txt	-5.875	37.125	1	731	12	31	CV	0.561065879151148	277.691614465165	11.1882230333287	9.13270041393928	8.29477714542783	30	42.7904901395679	20.1224038815472	34.6289866197408	0	0	0	29.8191791781674	27.5670485243474	32.2849759549559	34.8884352986942	26.9813810843882	18.9372478622382	17.6261523316293
OliveGIS	30set19	19:14:07	D:\wx_medgold\wx_agmerra_andalusia\agmerra_1417_213_ESP.txt	-5.875	36.875	1	731	12	31	CV	0.51110402477167	273.427305153267	17.2005032239205	17.0413110866979	8.27824801450786	30	42.1237584390724	17.8420425517268	35.0288827973484	0	0	0	30.2992141821299	28.2374188666697	32.9879878465826	41.3487864246991	28.3957865736738	20.6001399591742	11.6725986392307
OliveGIS	30set19	19:14:16	D:\wx_medgold\wx_agmerra_andalusia\agmerra_1417_214_ESP.txt	-5.875	36.625	1	731	12	31	CV	0.547134562098415	327.386938824248	22.3216874616773	22.0352290421613	8.34224966313186	30	51.7396761719994	15.7195641057565	37.1057828531875	0	0	0	29.9388031382025	28.6205123838892	32.1148657834634	40.9513625111926	27.831991126032	22.7901834164878	8.44804377548403
OliveGIS	30set19	19:14:24	D:\wx_medgold\wx_agmerra_andalusia\agmerra_1417_215_ESP.txt	-5.875	36.375	1	731	12	31	CV	0.635034828160559	457.692864944047	14.8002488014301	14.5435833123609	8.57527873268462	30	60.0093552387146	11.6544583827489	37.0683899399824	0	0	0	23.6255867622586	23.7734767074132	30.6435402020585	48.7506937097375	22.5206040760773	15.6921208286506	5.04766554402261
OliveGIS	30set19	19:14:31	D:\wx_medgold\wx_agmerra_andalusia\agmerra_1418_208_ESP.txt	-5.625	38.125	1	731	12	31	CV	0.317084329228959	119.367990397412	9.14712456106818	9.14833641813874	6.94200743141735	30	25.812103765871	11.5319508388512	30.6738730057754	0	0	0	30.0607999173505	32.6090777700682	45.4094056198438	61.8463800998483	27.7294171084123	14.9698849471225	13.8357278570877
OliveGIS	30set19	19:14:39	D:\wx_medgold\wx_agmerra_andalusia\agmerra_1418_209_ESP.txt	-5.625	37.875	1	731	12	31	CV	0.380548923134617	146.261136415365	19.7604060620284	19.6501390393588	7.58742354044686	30	31.2293942238383	13.2723221251495	31.2383775658939	0	0	0	38.0745998119951	36.7551058521441	41.2180852010824	66.7945791566625	33.8848062353206	23.8663075769862	17.4741187216874
OliveGIS	30set19	19:14:47	D:\wx_medgold\wx_agmerra_andalusia\agmerra_1418_210_ESP.txt	-5.625	37.625	1	731	12	31	CV	0.430596372225583	171.32508976056	20.8504304098969	20.4071183988747	8.08157254807844	30	34.8602345204529	15.0509049079783	31.2808045713835	0	0	0	35.8783984458957	34.3747741396603	37.5506783046346	47.728251272981	33.3832103139326	26.4149754084342	18.1334185587445
OliveGIS	30set19	19:14:55	D:\wx_medgold\wx_agmerra_andalusia\agmerra_1418_211_ESP.txt	-5.625	37.375	1	731	12	31	CV	0.468313762162445	210.842280337285	17.1532069367085	16.9836549137328	8.05670911990969	30	35.7648601905397	18.6444982105565	34.7019171882502	0	0	0	36.1097916101787	34.2160887334	38.4980204981797	41.6680182184654	33.3161253217991	25.626238446318	18.7441972906055
OliveGIS	30set19	19:15:04	D:\wx_medgold\wx_agmerra_andalusia\agmerra_1418_212_ESP.txt	-5.625	37.125	1	731	12	31	CV	0.506031481686749	232.821695749544	15.9816659684586	15.8890134537746	8.14503640764932	30	38.5875955220844	16.2701814141495	34.3612822075329	0	0	0	34.0912002849324	31.9798184568259	37.6600482503002	48.2183359665543	32.3672869888614	22.9145311713867	14.7771083010533
OliveGIS	30set19	19:15:12	D:\wx_medgold\wx_agmerra_andalusia\agmerra_1418_213_ESP.txt	-5.625	36.875	1	731	12	31	CV	0.409035565108638	238.053406728021	23.8514011134603	23.6079273484184	8.07121159047288	30	37.10906464745	14.0485122136838	35.313182343781	0	0	0	32.3715303694875	32.4172287288982	36.6851466837606	63.5928528231268	30.7573968890965	24.9396461496395	9.99390838749797
OliveGIS	30set19	19:15:21	D:\wx_medgold\wx_agmerra_andalusia\agmerra_1418_214_ESP.txt	-5.625	36.625	1	731	12	31	CV	0.534301956975006	331.552735356888	18.2325480488422	18.2671944455778	8.3320467430547	30	46.8452508905251	12.9455580720496	38.1307479765245	0	0	0	23.8974263259789	24.0989420235006	28.1539535670336	48.7080908903573	22.7971931646402	18.9626732227581	5.51042384890108
OliveGIS	30set19	19:15:28	D:\wx_medgold\wx_agmerra_andalusia\agmerra_1418_215_ESP.txt	-5.625	36.375	1	731	12	31	CV	0.561766070833032	389.625025099453	17.4755056577911	17.3557246051004	8.49728630420483	30	56.2188700974419	10.3361225707879	38.4856049017126	0	0	0	22.480813392992	23.3146478672765	30.8880558966001	45.8484524553959	22.2085213598034	17.423368739008	3.65748554055149
OliveGIS	30set19	19:15:36	D:\wx_medgold\wx_agmerra_andalusia\agmerra_1418_216_ESP.txt	-5.625	36.125	1	731	12	31	CV	0.64048417971972	0	13.4487258949218	13.1842967453559	8.28917283831981	30	110.840084027464	11.1736034949109	37.956351697952	0	0	0	18.3399128563834	19.665819138204	26.4201413526962	39.3883546724617	19.4674973678653	13.6125652237082	2.06883314102892
OliveGIS	30set19	19:15:43	D:\wx_medgold\wx_agmerra_andalusia\agmerra_1419_207_ESP.txt	-5.375	38.375	1	731	12	31	CV	0.495284796161001	102.202615576636	12.0067284389822	12.1161232165379	6.79048142117129	30	24.0769003756165	11.7964467736419	30.2988014290916	0	0	0	29.8093301568465	34.3757081876795	59.7002804073745	55.6776509966247	28.8142480942027	15.5087732283863	14.1693963038295
OliveGIS	30set19	19:15:50	D:\wx_medgold\wx_agmerra_andalusia\agmerra_1419_208_ESP.txt	-5.375	38.125	1	731	12	31	CV	0.251226115010514	113.541799416908	10.4557664778605	10.3617694522139	6.78544250465048	30	24.4320241007942	12.2575726583736	31.159651053778	0	0	0	33.4480135099948	35.6700284578873	42.733530870278	66.5559270538852	28.4666898052357	17.0007717927606	16.0642708910355
OliveGIS	30set19	19:15:58	D:\wx_medgold\wx_agmerra_andalusia\agmerra_1419_209_ESP.txt	-5.375	37.875	1	731	12	31	CV	0.41781241523735	178.835497497446	20.7294485281695	20.4276808964341	7.64596648934489	30	32.6425820854252	16.4628664617858	32.5976701783001	0	0	0	40.5221773136728	38.4287320657684	41.8294118037979	52.1221021517616	36.5638128046727	29.4062844524912	23.8067351484763
OliveGIS	30set19	19:16:06	D:\wx_medgold\wx_agmerra_andalusia\agmerra_1419_210_ESP.txt	-5.375	37.625	1	731	12	31	CV	0.501185405254446	199.200230858398	17.8968922030646	17.7077877193864	7.76707791384305	30	36.1189514831885	18.6184941609335	31.8318010126841	0	0	0	39.0197506682087	37.5876560261974	40.6416899652184	42.128878099817	36.5957836218923	29.2619234609398	23.7059497432822
OliveGIS	30set19	19:16:15	D:\wx_medgold\wx_agmerra_andalusia\agmerra_1419_211_ESP.txt	-5.375	37.375	1	731	12	31	CV	0.491878511226814	205.509743743307	17.505290190877	17.2324023334154	8.07244747178543	30	34.6009927214256	18.4469629434564	33.0159707211173	0	0	0	34.7515957749734	32.6466772673023	36.7946225439897	41.7613116687803	31.7793667839105	24.8062395474086	16.5277156659691
OliveGIS	30set19	19:16:24	D:\wx_medgold\wx_agmerra_andalusia\agmerra_1419_212_ESP.txt	-5.375	37.125	1	731	12	31	CV	0.387239693734562	204.023207602456	20.3310598462431	20.0409825380729	7.79817367897141	30	34.6843527181601	14.1373303165929	33.219963946125	0	0	0	34.5937001107941	33.0490855704736	35.856242601978	56.3598944595227	29.8614476865293	23.2875221265979	12.3253604266656
OliveGIS	30set19	19:16:32	D:\wx_medgold\wx_agmerra_andalusia\agmerra_1419_213_ESP.txt	-5.375	36.875	1	731	12	31	CV	2.50271704252887	124.549763862325	20.019731147567	20.1392715870741	6.05653481430785	30	21.2966012682542	8.12020475621768	35.0837196288515	0	0	0	22.9749809552468	26.0605758309702	34.983218028985	38.381369991395	24.157928680537	19.8988022916195	5.12818128228773
OliveGIS	30set19	19:16:40	D:\wx_medgold\wx_agmerra_andalusia\agmerra_1419_214_ESP.txt	-5.375	36.625	1	731	12	31	CV	2.14111069701225	204.738799262087	19.9271082073582	20.0081076944527	6.12806045219912	30	27.5353082019287	6.57955426529869	38.1375533427467	0	0	0	22.0140009953527	24.0560413540195	30.9704476582759	23.7054163709791	22.45324763473	19.617214920962	2.80137544080233
OliveGIS	30set19	19:16:47	D:\wx_medgold\wx_agmerra_andalusia\agmerra_1419_215_ESP.txt	-5.375	36.375	1	731	12	31	CV	0.465697912895557	351.787989095749	18.860602336683	18.879969937156	8.55073768023796	30	50.6394372629233	10.1540678256524	43.734520555482	0	0	0	23.3673453514058	23.550809279104	28.9261092737044	40.8009473807241	22.7393107123597	19.2994815989498	3.64584883155836
OliveGIS	30set19	19:16:55	D:\wx_medgold\wx_agmerra_andalusia\agmerra_1420_206_ESP.txt	-5.125	38.625	1	731	12	31	CV	0.251211893256667	114.884099854883	11.1687403230166	11.2623960617853	7.42527846761122	30	24.5475507067937	12.4718152049471	27.5043796077102	0	0	0	31.6129583447492	37.9627036294364	60.5364173958825	66.8803467368525	30.1157191845701	17.4942293000675	16.593332728073
OliveGIS	30set19	19:17:02	D:\wx_medgold\wx_agmerra_andalusia\agmerra_1420_207_ESP.txt	-5.125	38.375	1	731	12	31	CV	0.771839645161751	104.40858415371	10.7132295786928	11.0355176563876	6.78255186143326	30	24.6330345130839	11.4830327244223	30.6660092841227	0	0	0	28.5955565264659	34.1781193642799	59.5405773862408	52.5132739418622	27.8014471214246	13.9540906130227	12.6633134134696
OliveGIS	30set19	19:17:10	D:\wx_medgold\wx_agmerra_andalusia\agmerra_1420_208_ESP.txt	-5.125	38.125	1	731	12	31	CV	0.31079323242436	112.889102313135	10.5847090747384	10.4566831414804	6.81019249613482	30	24.6058495763097	12.3945343606776	31.8429992421528	0	0	0	33.5590580512589	34.4069133794107	39.5475122845942	67.2863971769687	28.5946115117154	17.2431166904072	16.4649227394735
OliveGIS	30set19	19:17:18	D:\wx_medgold\wx_agmerra_andalusia\agmerra_1420_209_ESP.txt	-5.125	37.875	1	731	12	31	CV	0.475521889147282	174.89650436482	20.6953259958947	20.2981043791797	7.91706548196043	30	32.6087433397662	17.2616381298442	32.6224084666047	0	0	0	39.1376674109697	37.0109405366972	40.7957839751013	49.4154623212919	35.6197742376793	28.6597821225178	22.64331350697
OliveGIS	30set19	19:17:27	D:\wx_medgold\wx_agmerra_andalusia\agmerra_1420_210_ESP.txt	-5.125	37.625	1	731	12	31	CV	0.495423110043218	194.527057812148	17.3156807206468	17.1576163507558	7.98081605564523	30	35.6153500211942	18.4644913446982	31.3787081651853	0	0	0	38.0573715751336	36.9563455522575	40.0068569889076	43.3643598373898	36.0272300173838	28.6291721681994	23.8565152355491
OliveGIS	30set19	19:17:36	D:\wx_medgold\wx_agmerra_andalusia\agmerra_1420_211_ESP.txt	-5.125	37.375	1	731	12	31	CV	0.42163221654393	192.986268665322	16.2673432440999	16.0574084369996	7.9740918200003	30	33.7498161007761	17.9599154499883	32.65251011586	0	0	0	32.986519132609	30.8253115733352	34.4614172128037	41.8550499263069	29.6857671055519	22.9463870794412	15.3483416881321
OliveGIS	30set19	19:17:44	D:\wx_medgold\wx_agmerra_andalusia\agmerra_1420_212_ESP.txt	-5.125	37.125	1	731	12	31	CV	0.510395002958537	199.352808538887	20.5412693537104	20.1478557175903	7.91715693219958	30	33.9941917613134	13.8671166528244	33.4980361692341	0	0	0	34.0808765672481	32.4850696923954	35.1844391547032	55.4132770291506	29.4672166140492	23.0006587462674	12.5654182869727
OliveGIS	30set19	19:17:53	D:\wx_medgold\wx_agmerra_andalusia\agmerra_1420_213_ESP.txt	-5.125	36.875	1	731	12	31	CV	2.29332949119742	138.996962450082	20.001857846871	20.1162951427557	5.9843915483997	30	21.6630968646622	7.94075198066312	35.8786571021694	0	0	0	22.9628660774042	26.4542864018594	35.270370296001	34.1994919936768	24.0986673410744	19.9080600471765	4.39308395689687
OliveGIS	30set19	19:18:00	D:\wx_medgold\wx_agmerra_andalusia\agmerra_1420_214_ESP.txt	-5.125	36.625	1	731	12	31	CV	1.17840065417071	324.14914819637	19.2274898861106	19.2491215792724	6.40531041093091	30	34.927423701418	6.55066643797097	38.524922964923	0	0	0	21.7362628386038	23.7789864409219	32.2645289071609	25.1367150047149	21.6311627756096	19.1632728118639	1.91211169063384
OliveGIS	30set19	19:18:08	D:\wx_medgold\wx_agmerra_andalusia\agmerra_1421_206_ESP.txt	-4.875	38.625	1	731	12	31	CV	0.312478468737753	126.293525662198	11.4336080944623	11.6421294273012	7.20840412684067	30	26.0049084290226	13.2159445522565	24.6094454184655	0	0	0	37.3179213841981	44.1498351348211	66.1529309269185	77.8853391014218	33.756024646408	20.1480751161212	19.4542206896446
OliveGIS	30set19	19:18:16	D:\wx_medgold\wx_agmerra_andalusia\agmerra_1421_207_ESP.txt	-4.875	38.375	1	731	12	31	CV	2.19315834604201	97.4383757970789	10.7182618629289	10.7516079775916	6.55368258443899	30	23.4442301400196	10.8692217556397	31.2413780947552	0	0	547.722557505166	22.9850473575364	31.0360706550087	51.7147942883351	51.8413660490194	23.8027767651993	12.0097108716652	12.1461323701945
OliveGIS	30set19	19:18:23	D:\wx_medgold\wx_agmerra_andalusia\agmerra_1421_208_ESP.txt	-4.875	38.125	1	731	12	31	CV	0.384392930039109	101.920006094794	10.7038700948217	10.5965550068923	6.88123653925844	30	24.2143331522338	11.8893439108622	32.0117148360418	0	0	0	30.6579786131548	35.3953085334444	62.9945062734705	64.0295198087456	28.6380375524722	16.0646244102845	15.3133426163771
OliveGIS	30set19	19:18:31	D:\wx_medgold\wx_agmerra_andalusia\agmerra_1421_209_ESP.txt	-4.875	37.875	1	731	12	31	CV	0.428505681820888	153.175589835223	23.3117258209953	22.7912196561046	7.72527513313921	30	30.3737659740557	16.8399208927404	32.3289795884923	0	0	0	39.7847964060143	37.9928209424609	40.5033689425839	56.9902090856468	34.5480875888898	28.9692809350182	21.6907180550595
OliveGIS	30set19	19:18:41	D:\wx_medgold\wx_agmerra_andalusia\agmerra_1421_210_ESP.txt	-4.875	37.625	1	731	12	31	CV	0.463667194062435	168.834088671375	16.8556945074452	16.4108834000264	8.03169276223998	30	32.773101919943	17.0104229016874	31.2125435901081	0	0	0	34.7657966673895	33.0827171006891	35.8626546108873	53.8173718126658	30.6387524542054	23.7897010706656	18.3323972264705
OliveGIS	30set19	19:18:50	D:\wx_medgold\wx_agmerra_andalusia\agmerra_1421_211_ESP.txt	-4.875	37.375	1	731	12	31	CV	0.424324196835679	161.966779148975	20.9360533292923	20.3650525786639	7.05547238766927	30	29.9242859828516	12.5985010039112	32.3719552169482	0	0	0	32.2308753606664	31.2214884524977	34.2786129235036	50.3827854801628	29.6136884799002	23.0577201590496	12.6775650810862
OliveGIS	30set19	19:18:59	D:\wx_medgold\wx_agmerra_andalusia\agmerra_1421_212_ESP.txt	-4.875	37.125	1	731	12	31	CV	0.433170565984085	165.77434897737	12.6632528834229	12.3975168826048	6.67391619531275	30	30.3940376984019	10.3499148540013	33.8894890428713	0	0	0	23.3292783246362	25.3617424381568	32.5106665129627	50.1272340658243	21.0213036274511	13.8293840426415	8.1361010299496
OliveGIS	30set19	19:19:08	D:\wx_medgold\wx_agmerra_andalusia\agmerra_1421_213_ESP.txt	-4.875	36.875	1	731	12	31	CV	0.470236360400504	205.63450935861	9.04843245488072	9.1638727662746	6.32449210917678	30	34.0777925997053	10.0556287090861	40.6580884475802	0	0	0	17.4784631425084	20.2726689369608	31.5912704950652	50.695715676905	15.3633645941627	9.78998107164847	5.31257956689901
OliveGIS	30set19	19:19:17	D:\wx_medgold\wx_agmerra_andalusia\agmerra_1421_214_ESP.txt	-4.875	36.625	1	731	12	31	CV	0.637679269068604	547.722557505166	13.9113955074324	14.049351350962	7.22354182470812	30	57.5740027664158	10.6185834097886	42.6161252944309	0	0	0	19.7154613826109	20.1336031314965	25.4895240810705	40.0100096259142	19.5719012018324	14.3643235613132	3.76736957089474
OliveGIS	30set19	19:19:25	D:\wx_medgold\wx_agmerra_andalusia\agmerra_1422_207_ESP.txt	-4.625	38.375	1	731	12	31	CV	2.56137134320969	95.5265329152469	10.6920639305601	10.7180529231542	6.57367432390763	30	23.7417789614729	10.5693007735807	30.9400583148704	0	547.722557505166	547.722557505166	20.4595226393216	27.3052007324103	52.368990931787	50.6565001532993	20.8219182232527	12.0991080395329	11.6664697776775
OliveGIS	30set19	19:19:33	D:\wx_medgold\wx_agmerra_andalusia\agmerra_1422_208_ESP.txt	-4.625	38.125	1	731	12	31	CV	0.40418272835437	100.794133099756	11.3372125068857	11.0754494859608	6.9295278528914	30	24.2480797049835	11.810323198088	31.635708426481	0	0	0	30.197330576909	34.8686487439063	62.0463026628923	65.9580352382903	27.9925934950102	16.024297124439	14.8200921482479
OliveGIS	30set19	19:19:42	D:\wx_medgold\wx_agmerra_andalusia\agmerra_1422_209_ESP.txt	-4.625	37.875	1	731	12	31	CV	0.419317425245337	142.642300052625	17.1111399390854	16.4531770131056	7.71391275732781	30	29.9974256350036	16.9644351371752	31.1928515545445	0	0	0	36.9662132476063	34.9149464457491	39.1006475881416	61.8995679545214	32.873919336758	25.4828765272628	19.5725335106809
OliveGIS	30set19	19:19:52	D:\wx_medgold\wx_agmerra_andalusia\agmerra_1422_210_ESP.txt	-4.625	37.625	1	731	12	31	CV	0.505048358193185	153.304232609012	21.8146732097522	21.348276233811	8.12340025026885	30	31.8429294060623	16.2633995876985	31.2058547421727	0	0	0	36.119386920674	34.2642075095043	37.2062221522466	50.3801783634074	31.0077753296389	25.9050019887594	18.0549622172759
OliveGIS	30set19	19:20:02	D:\wx_medgold\wx_agmerra_andalusia\agmerra_1422_211_ESP.txt	-4.625	37.375	1	731	12	31	CV	0.384397662465411	151.624115771524	16.9866001066903	16.4834637723527	6.98728016310697	30	28.9578376518282	12.169312825198	32.9929988249993	0	0	0	29.6740795059155	29.4893521031199	33.9618909739498	58.9310438220338	26.9958623602502	18.9732747757655	11.1953125897888
OliveGIS	30set19	19:20:11	D:\wx_medgold\wx_agmerra_andalusia\agmerra_1422_212_ESP.txt	-4.625	37.125	1	731	12	31	CV	0.435606100202986	161.055934271583	8.54561987275051	8.3097926485813	6.82216484686601	30	29.8930501307522	10.202136308565	34.0358495257341	0	0	0	20.2249847240532	22.9090517613407	30.7638694527535	49.7478575161577	17.4460398242607	9.59905776467768	7.41178230441954
OliveGIS	30set19	19:20:21	D:\wx_medgold\wx_agmerra_andalusia\agmerra_1422_213_ESP.txt	-4.625	36.875	1	731	12	31	CV	0.462679344687753	242.70748544571	8.51859003781414	8.44061970368617	6.30157941050314	30	35.9484457083342	10.2368057750592	40.5507539101253	0	0	0	16.8911972208056	18.5335294252624	27.247720708812	46.5203648166347	14.9320725385853	9.31911410227126	5.61373800076518
OliveGIS	30set19	19:20:30	D:\wx_medgold\wx_agmerra_andalusia\agmerra_1422_214_ESP.txt	-4.625	36.625	1	731	12	31	CV	0.734172273903527	0	16.4579731227623	16.5373566211249	7.15500560933922	30	70.233046374797	12.76827248029	41.915638042331	0	0	0	20.7726744338464	20.8092131100306	25.035449900065	35.0897072497592	20.5244132361719	16.6450887280726	3.37126782783667
OliveGIS	30set19	19:20:38	D:\wx_medgold\wx_agmerra_andalusia\agmerra_1423_208_ESP.txt	-4.375	38.125	1	731	12	31	CV	0.375631174058524	109.949517576813	10.66094571572	10.7310455505608	6.67328253730729	30	25.0058675451928	11.9729107606235	27.9314057012896	0	0	0	31.3611845562125	35.7195263096259	65.1655492237842	68.5235690188264	29.6149904105237	17.1124419651536	15.5438227856035
OliveGIS	30set19	19:20:47	D:\wx_medgold\wx_agmerra_andalusia\agmerra_1423_209_ESP.txt	-4.375	37.875	1	731	12	31	CV	0.482955612456698	168.705528434452	8.45480250995019	6.6961217699168	7.67262030767519	30	31.5427406238182	18.9185297483777	28.389298517121	0	0	0	38.0016514975039	34.9828630940942	39.3166383649813	43.8655483152224	33.2937042142226	25.0463931295747	23.9460676873874
OliveGIS	30set19	19:20:58	D:\wx_medgold\wx_agmerra_andalusia\agmerra_1423_210_ESP.txt	-4.375	37.625	1	731	12	31	CV	0.471261650882358	179.116106440365	16.2608923654357	15.7331899346279	7.81635889199637	30	32.1000555243251	16.2780968846515	28.6645406597917	0	0	0	35.4873702494013	33.0689369778976	36.8769835261086	51.7682357315358	31.855754696249	24.1139708286704	19.2360268619647
OliveGIS	30set19	19:21:07	D:\wx_medgold\wx_agmerra_andalusia\agmerra_1423_211_ESP.txt	-4.375	37.375	1	731	12	31	CV	0.39580215085602	137.166114470336	9.47122218991174	9.20746276748518	6.57899482423227	30	28.0737662497696	10.7522323727849	28.8623842492285	0	0	0	25.4571858441248	27.9576449741096	36.9386234340871	63.9416117635339	22.630317068437	12.753402941177	11.1092183605568
OliveGIS	30set19	19:21:16	D:\wx_medgold\wx_agmerra_andalusia\agmerra_1423_212_ESP.txt	-4.375	37.125	1	731	12	31	CV	0.360170132016088	153.323586613199	13.040072884458	12.7165230929527	6.38286414613974	30	29.9097397668298	9.70863156741836	29.4433142889647	0	0	0	25.7562149800624	27.644204953169	36.992313353025	62.5252309615203	23.9229061173455	15.4256084065557	9.65321431901634
OliveGIS	30set19	19:21:25	D:\wx_medgold\wx_agmerra_andalusia\agmerra_1423_213_ESP.txt	-4.375	36.875	1	731	12	31	CV	0.455219529038197	198.89354533275	10.0603875319637	10.0032520735568	6.43929768074139	30	34.4071818079026	11.0972874095551	36.9252439680028	0	0	0	22.6701423935603	24.3113972229255	30.6780707893682	51.1299029690875	21.4531284278915	12.7964567358642	9.3453573514219
OliveGIS	30set19	19:21:35	D:\wx_medgold\wx_agmerra_andalusia\agmerra_1424_207_ESP.txt	-4.125	38.375	1	731	12	31	CV	1.9278075756238	99.2412681746261	10.6468706097264	10.7818164146219	6.6279847661774	30	24.2116921635961	11.2302857856106	28.858431442843	0	0	547.722557505166	27.0213205425872	34.1000961907836	57.6034742692162	50.7637364700007	27.2771500602017	14.1020047280825	12.4827580552531
OliveGIS	30set19	19:21:43	D:\wx_medgold\wx_agmerra_andalusia\agmerra_1424_208_ESP.txt	-4.125	38.125	1	731	12	31	CV	0.436386317576664	106.148089350823	10.8080108287464	10.9364374107616	6.90869323200548	30	24.6978806668804	11.9207881277405	28.4197915936537	0	0	0	31.9118630822459	35.1505539339157	61.3846802795087	63.9142428138093	29.7266391066254	17.6323598765039	15.5828916219108
OliveGIS	30set19	19:21:52	D:\wx_medgold\wx_agmerra_andalusia\agmerra_1424_209_ESP.txt	-4.125	37.875	1	731	12	31	CV	0.487920245474116	151.245199053996	22.4051505470097	22.0854615645964	7.72467018809129	30	30.2063354963855	17.754004488005	28.6136208630555	0	0	0	41.71162088386	39.4476119957806	42.7892593665777	55.2764063406701	37.5757271470415	30.6121267937588	24.7334485845397
OliveGIS	30set19	19:22:01	D:\wx_medgold\wx_agmerra_andalusia\agmerra_1424_210_ESP.txt	-4.125	37.625	1	731	12	31	CV	0.475977832196614	152.589362567184	18.0754235845133	17.3080153740426	7.33171183282788	30	29.5489215340673	14.3043576945161	28.8063613921145	0	0	0	37.40169824696	36.3806943443884	40.5201338241679	82.0987035644573	33.145833881526	23.9564210351839	16.0797392663457
OliveGIS	30set19	19:22:09	D:\wx_medgold\wx_agmerra_andalusia\agmerra_1424_211_ESP.txt	-4.125	37.375	1	731	12	31	CV	0.444085450137164	124.644976347004	11.2118976071171	11.2851140802514	6.28932830026529	30	26.6541301293947	9.82606997392138	28.4285228015334	0	0	0	21.6196158540929	26.4742208712126	51.6750199069772	49.5026559293214	21.4912260734708	12.8976923372815	7.99391428800959
OliveGIS	30set19	19:22:17	D:\wx_medgold\wx_agmerra_andalusia\agmerra_1424_212_ESP.txt	-4.125	37.125	1	731	12	31	CV	0.392088369470967	140.827508728672	9.51795176169493	9.29092834508342	6.28601051654114	30	28.375995126631	9.42479321552267	28.9791015094434	0	0	0	19.1358116466332	25.0664322923398	39.4068663674606	60.0032951509053	17.4680904769264	10.2638223692374	7.49521251776167
OliveGIS	30set19	19:22:29	D:\wx_medgold\wx_agmerra_andalusia\agmerra_1424_213_ESP.txt	-4.125	36.875	1	731	12	31	CV	0.453412890048249	203.320416829926	9.4702541026734	9.76620678534164	6.3949275704098	30	34.2319947278901	11.0588165652002	37.0408512381751	0	0	0	22.293846165122	24.6963801899089	35.934760262522	55.7820493219905	20.334568959608	11.4926447395629	7.97590585803009
OliveGIS	30set19	19:22:38	D:\wx_medgold\wx_agmerra_andalusia\agmerra_1425_207_ESP.txt	-3.875	38.375	1	731	12	31	CV	0.483185855048093	124.792510786189	11.0040236153268	11.2679858249908	7.045006219884	30	25.1040522808894	13.2179671017822	25.7891517882726	0	0	547.722557505166	35.1118449505233	40.7017206133582	66.9472710051458	68.817899541882	32.550020080702	18.0380529637586	17.7219310104011
OliveGIS	30set19	19:22:48	D:\wx_medgold\wx_agmerra_andalusia\agmerra_1425_208_ESP.txt	-3.875	38.125	1	731	12	31	CV	0.363478175921723	129.815264867374	15.5021787415831	15.6583600845847	6.71969688763589	30	26.6213796149689	14.527469959998	25.4463240395843	0	0	0	39.1054348839514	39.3767586404056	44.3192854971952	78.3289704600288	32.8803920155792	22.9313043964131	21.5812594347945
OliveGIS	30set19	19:22:56	D:\wx_medgold\wx_agmerra_andalusia\agmerra_1425_209_ESP.txt	-3.875	37.875	1	731	12	31	CV	0.409808804606893	145.978870939187	17.2639827219657	16.7620406166618	8.6118526641506	30	31.2796710272387	20.2991475937392	26.0382065629696	0	0	0	51.5934423636344	48.1713949001647	51.5083573171484	52.0873076504477	42.7766950834901	34.5148127416074	35.0255550598825
OliveGIS	30set19	19:23:06	D:\wx_medgold\wx_agmerra_andalusia\agmerra_1425_210_ESP.txt	-3.875	37.625	1	731	12	31	CV	0.438702685040257	145.238777629324	11.5010297282196	11.1533249004027	7.85027925932929	30	29.9410717043769	15.2062266322675	26.2235532519882	0	0	0	43.4291735802576	49.7779092994004	95.9675825200255	85.232174335702	37.7809902516642	22.2304414617375	20.3220061380113
OliveGIS	30set19	19:23:16	D:\wx_medgold\wx_agmerra_andalusia\agmerra_1425_211_ESP.txt	-3.875	37.375	1	731	12	31	CV	0.56803446469134	111.849093655187	11.006843028714	10.908377365435	6.74245267713821	30	26.3791778569045	10.2071356787104	28.0299316366891	0	0	0	23.0417660186997	28.498963474248	53.5223984792208	49.9725008492996	23.0039419122061	12.978258119143	8.83801522764514
OliveGIS	30set19	19:23:24	D:\wx_medgold\wx_agmerra_andalusia\agmerra_1425_212_ESP.txt	-3.875	37.125	1	731	12	31	CV	0.393164725263868	128.817822539453	9.61989741373649	9.09928547910798	6.61454330554071	30	27.3580520045898	10.431471386066	28.9106152297434	0	0	0	24.9270488046388	28.7852144710993	43.8888921725704	62.9262942377627	21.4153616190321	11.8856026731123	9.97047985505457
OliveGIS	30set19	19:23:34	D:\wx_medgold\wx_agmerra_andalusia\agmerra_1425_213_ESP.txt	-3.875	36.875	1	731	12	31	CV	0.388397611191719	169.922548701755	9.55922449827866	8.76279405371282	6.41536191007464	30	32.352863284284	13.839449538345	32.0757481441771	0	0	0	32.9757159754974	30.7509016128475	36.8952304217994	68.3397475483775	30.7978556794684	18.2204484377231	16.0772732581283
OliveGIS	30set19	19:23:44	D:\wx_medgold\wx_agmerra_andalusia\agmerra_1426_207_ESP.txt	-3.625	38.375	1	731	12	31	CV	0.755684640225124	124.389100950937	10.9953540955898	11.555941668506	6.97045764818544	30	24.7055206758176	13.0354009814301	25.8107475553265	0	0	388.631551419363	34.5684030218582	39.8429648574499	64.5957486077757	65.167514751746	32.2990132844195	17.3228531312743	17.2797371408689
OliveGIS	30set19	19:23:52	D:\wx_medgold\wx_agmerra_andalusia\agmerra_1426_208_ESP.txt	-3.625	38.125	1	731	12	31	CV	0.439050780648716	127.498248280947	12.3782436314353	12.978452485623	6.84025536560798	30	26.3340211787248	14.1298005669161	25.7021439861397	0	0	0	38.5989474562902	43.5574904183899	58.1797628307361	77.664781066189	32.2632844814317	20.6593730354935	19.6916181778135
OliveGIS	30set19	19:24:01	D:\wx_medgold\wx_agmerra_andalusia\agmerra_1426_209_ESP.txt	-3.625	37.875	1	731	12	31	CV	0.505416495812093	143.663952510711	25.7891419253045	25.428183621457	8.34614511060686	30	30.2280197093037	17.9759485007029	26.0225724280464	0	0	0	54.0481124560437	53.5431551388288	59.1872504497072	66.4622935120753	45.8015762281246	36.0704772768738	29.8895649994856
OliveGIS	30set19	19:24:11	D:\wx_medgold\wx_agmerra_andalusia\agmerra_1426_210_ESP.txt	-3.625	37.625	1	731	12	31	CV	0.694250710706521	141.644264823262	11.2906627514328	11.1630748470505	7.41850843941306	30	30.7618158065967	13.0858879718026	26.5288320941701	0	0	0	32.7177090181923	40.1735188639186	82.6933280549684	74.3226283474664	28.6847584996893	16.5500354065657	16.4972666299281
OliveGIS	30set19	19:24:19	D:\wx_medgold\wx_agmerra_andalusia\agmerra_1426_211_ESP.txt	-3.625	37.375	1	731	12	31	CV	2.06773788320744	104.425898332151	10.8608551703422	10.6904624839619	6.05178188139737	30	25.5694423788142	9.19336968886364	29.1736044885599	0	0	0	22.1438677077539	28.5891602488395	48.2595565310956	46.9134231531636	24.5393141484045	13.6822560610887	9.78722890753977
OliveGIS	30set19	19:24:27	D:\wx_medgold\wx_agmerra_andalusia\agmerra_1426_212_ESP.txt	-3.625	37.125	1	731	12	31	CV	0.398855504860134	119.061996955016	10.479791135746	10.2128939102851	6.51397466451178	30	26.9767480541253	9.80891727007526	30.1943483508867	0	0	0	21.3118041106585	27.4404618407324	56.0851277898872	46.2846057730087	20.1620918835461	12.0755487346218	7.67234689326651
OliveGIS	30set19	19:24:35	D:\wx_medgold\wx_agmerra_andalusia\agmerra_1426_213_ESP.txt	-3.625	36.875	1	731	12	31	CV	0.39280747681887	154.841071266965	10.3548688034652	10.0769060394848	6.24521249658896	30	30.5871932212858	13.1888479891316	31.2346810277442	0	0	0	34.7954272314465	33.849513914396	39.9025535671635	70.0310048212967	31.5179603656275	17.8599673033228	14.8646581712549
OliveGIS	30set19	19:24:46	D:\wx_medgold\wx_agmerra_andalusia\agmerra_1427_207_ESP.txt	-3.375	38.375	1	731	12	31	CV	0.391432437355807	141.887617854443	10.0366479399866	10.6707702750267	7.1476979336931	30	24.4671716861275	13.6984760864759	23.3205362223108	0	380.562197553694	380.562197553694	33.6798577563366	39.6483408867719	63.9106526520645	74.7406747160535	29.7626974840606	17.6322386490213	17.1719537636016
OliveGIS	30set19	19:24:55	D:\wx_medgold\wx_agmerra_andalusia\agmerra_1427_208_ESP.txt	-3.375	38.125	1	731	12	31	CV	0.409306735808023	140.428366388494	20.4124686506835	20.7484682526165	7.05893279765819	30	26.6030347668129	14.7385582402761	23.5417447932175	0	0	0	39.7584235073954	39.9368393634244	44.6051364317528	78.6259781964666	34.7533240823856	26.1069125092563	21.4626035192262
OliveGIS	30set19	19:25:06	D:\wx_medgold\wx_agmerra_andalusia\agmerra_1427_209_ESP.txt	-3.375	37.875	1	731	12	31	CV	0.494140093567803	143.696465369578	20.9785836454541	20.8653512289572	8.18593288320497	30	29.562900324143	16.453840272412	25.570961195053	0	0	0	44.3728945680237	46.9527684539434	59.1234212279691	69.0488237772862	36.8469138485736	26.7511117614953	20.2399673890143
OliveGIS	30set19	19:25:15	D:\wx_medgold\wx_agmerra_andalusia\agmerra_1427_210_ESP.txt	-3.375	37.625	1	731	12	31	CV	1.67294620316001	140.058117145328	13.3536562891278	13.7196784135278	7.28868355647862	30	30.3524890680824	11.4907206932047	25.9616144925601	0	0	547.722557505166	24.4600836244565	28.4626153812449	55.9768275400346	46.9642423957368	22.9998401650454	14.8716561832002	11.8238132810831
OliveGIS	30set19	19:25:23	D:\wx_medgold\wx_agmerra_andalusia\agmerra_1427_211_ESP.txt	-3.375	37.375	1	731	12	31	CV	6.51136559882909	56.6010818009097	58.0151491556547	56.4671649138253	4.2252766727407	30	12.0699321668256	7.46829363824156	24.3307476774332	0	547.722557505166	450.946584263554	68.2860229088388	64.8250964092423	67.7979082918266	88.117958730642	70.6618732769639	56.3507897719916	39.5142147841832
OliveGIS	30set19	19:25:28	D:\wx_medgold\wx_agmerra_andalusia\agmerra_1427_212_ESP.txt	-3.375	37.125	1	731	12	31	CV	5.76916995681795	67.8713417107766	34.4045120799666	30.7232516157314	4.37252423309084	30	12.9487000610796	7.82528061359508	25.9945965213569	0	547.722557505166	547.722557505166	35.9849313775969	36.0797841888616	34.3291591496264	52.3915181538093	38.8992353008597	31.0120724914391	17.9883544554376
OliveGIS	30set19	19:25:36	D:\wx_medgold\wx_agmerra_andalusia\agmerra_1427_213_ESP.txt	-3.375	36.875	1	731	12	31	CV	2.93569275131915	105.870026047721	8.7644897286195	8.73527565690684	5.4394097771719	30	24.2058393094959	7.88460750956362	31.3155268650225	0	0	0	22.1905077942875	23.2482250531737	32.4556646645939	43.7402974104891	22.5718143649534	13.0230137836272	10.385657657305
OliveGIS	30set19	19:25:44	D:\wx_medgold\wx_agmerra_andalusia\agmerra_1428_207_ESP.txt	-3.125	38.375	1	731	12	31	CV	1.14362338532157	126.73120384698	13.7081830236147	14.3090722271686	6.81046253629254	30	24.7236254466349	11.8569736302659	22.9702148580556	0	402.577899936449	386.859076556242	27.2103412996579	33.3388592480594	57.3122592050001	52.8437313706809	26.4827382288902	14.3534451430389	12.8315420285716
OliveGIS	30set19	19:25:52	D:\wx_medgold\wx_agmerra_andalusia\agmerra_1428_208_ESP.txt	-3.125	38.125	1	731	12	31	CV	0.684342101822355	130.64634300859	12.728676424165	13.3988248646563	7.01280098251642	30	25.8755239908678	11.9604540932135	23.805823015752	0	0	547.722557505166	27.7674322178266	32.5415364594954	60.1683202382159	57.9072014015453	26.0154589031666	14.9889994603524	12.648492365609
OliveGIS	30set19	19:26:01	D:\wx_medgold\wx_agmerra_andalusia\agmerra_1428_209_ESP.txt	-3.125	37.875	1	731	12	31	CV	0.624174673031717	138.166743783147	10.2808439277762	10.4220887951935	7.40006213133339	30	32.071309835952	13.2826933044455	25.6109527122885	0	0	0	30.0895572627115	39.9640654037774	81.3323568717212	68.295977355984	26.7456246747879	13.7184656645605	13.7202103870898
OliveGIS	30set19	19:26:09	D:\wx_medgold\wx_agmerra_andalusia\agmerra_1428_210_ESP.txt	-3.125	37.625	1	731	12	31	CV	2.28005144009435	136.852362054127	12.2471192944078	12.3227740944697	6.96089984995232	30	30.0056700931753	10.6446489791437	25.8592117655349	0	0	547.722557505166	22.7672891045314	26.0071006635585	45.2372640006017	41.6587092331993	21.1794483425738	13.3614314285698	11.1478586728425
OliveGIS	30set19	19:26:16	D:\wx_medgold\wx_agmerra_andalusia\agmerra_1428_211_ESP.txt	-3.125	37.375	1	731	12	31	CV	6.52988640599666	59.1753732280327	52.2910462615983	50.9361910024028	4.22613513918777	30	12.0761768786649	7.34781560565502	24.3737226546367	0	481.780104368702	378.517981169938	61.8716059575884	58.9387579995706	57.5789556958989	77.8446843509012	63.0609611890475	51.258594260715	36.7962291347206
OliveGIS	30set19	19:26:22	D:\wx_medgold\wx_agmerra_andalusia\agmerra_1428_212_ESP.txt	-3.125	37.125	1	731	12	31	CV	5.72510375984445	76.2268144840503	47.7236589180699	32.5899930412253	4.47136148214788	30	13.593671032881	7.53274205062729	27.4699979000697	0	0	547.722557505166	35.450847023013	36.9735887649038	38.1869247251196	45.7593780472372	36.682189305753	30.7556032920649	16.2481045676799
OliveGIS	30set19	19:26:29	D:\wx_medgold\wx_agmerra_andalusia\agmerra_1428_213_ESP.txt	-3.125	36.875	1	731	12	31	CV	1.8963635451853	119.582914670116	11.6405607735968	11.4545946081047	5.42647805426193	30	26.0062584116894	7.79605908571532	31.3265953865619	0	0	0	21.741841797427	22.7929442810055	33.7988759930139	38.4067913057744	20.5295768962387	13.6160584904483	8.17917440942886
OliveGIS	30set19	19:26:37	D:\wx_medgold\wx_agmerra_andalusia\agmerra_1429_207_ESP.txt	-2.875	38.375	1	731	12	31	CV	3.37811554594662	92.7603515711373	26.9840491365738	26.9341881414393	5.94041722641053	30	20.9562436303855	9.63971098383975	20.372685287384	0	402.577899936449	373.416195648252	30.0612705982595	30.3993915912839	38.4367912086529	40.7022544300095	30.0831010146818	26.770530495568	10.7342299540186
OliveGIS	30set19	19:26:45	D:\wx_medgold\wx_agmerra_andalusia\agmerra_1429_208_ESP.txt	-2.875	38.125	1	731	12	31	CV	3.49003701737603	96.649959717847	23.0435201575628	22.9604645495052	5.91181889477982	30	21.3117967645129	9.47294002611692	21.6300161671341	0	547.722557505166	450.040370564926	29.0714726618785	30.3445825666208	35.5613143037165	41.2860884903747	29.1710286125178	24.2401429116089	10.2038861817505
OliveGIS	30set19	19:26:52	D:\wx_medgold\wx_agmerra_andalusia\agmerra_1429_209_ESP.txt	-2.875	37.875	1	731	12	31	CV	4.17835699256958	101.646825349104	14.3732228884195	14.4749255408781	5.85304510119488	30	18.6214833133943	8.97599607333699	22.4360618054062	0	0	547.722557505166	21.108571087702	22.8947284552874	26.4856019786159	36.0363271302424	21.0478217101997	15.3590797277101	8.913274405169
OliveGIS	30set19	19:26:58	D:\wx_medgold\wx_agmerra_andalusia\agmerra_1429_210_ESP.txt	-2.875	37.625	1	731	12	31	CV	4.91620427481858	102.70442291394	23.2662902563813	17.1626576212548	5.54602528429373	30	14.1564584209707	8.23077846540468	20.711464737873	0	402.577899936449	381.76663836717	22.2193204687793	23.2637984035282	22.6676464713826	36.1963746114031	23.9451645591743	17.8872897183763	11.3064424135847
OliveGIS	30set19	19:27:05	D:\wx_medgold\wx_agmerra_andalusia\agmerra_1429_211_ESP.txt	-2.875	37.375	1	731	12	31	CV	7.71744040190959	38.1045845409578	338.26884786033	317.245715531354	3.45551808917708	30	9.48060700920175	5.18436776691988	24.7966204480574	0	311.300382049369	241.941031796362	209.883070729303	227.270103288552	194.832517670811	167.18014067253	201.181458236055	211.203962632605	53.7226406037729
OliveGIS	30set19	19:27:10	D:\wx_medgold\wx_agmerra_andalusia\agmerra_1429_212_ESP.txt	-2.875	37.125	1	731	12	31	CV	6.66995843208746	55.5755962905049	76.9037870285174	77.6174633981474	3.36785072412141	30	10.8289409961722	5.45005760316694	26.5152502773236	0	547.722557505166	401.8693849559	81.5940954706362	83.49470827472	77.8934519375931	78.8625614624577	81.5821006843094	77.8798286941469	40.2387663988746
OliveGIS	30set19	19:27:15	D:\wx_medgold\wx_agmerra_andalusia\agmerra_1429_213_ESP.txt	-2.875	36.875	1	731	12	31	CV	0.463897962675196	224.280458662655	9.10832815761138	8.74603340122287	5.97661624361322	30	33.0606486174738	12.3097277424053	30.9363631092376	0	0	0	30.4840595238987	30.727305409603	40.0633298044694	74.7557681348999	27.7531046558666	14.7025054089312	11.9698045317778
OliveGIS	30set19	19:27:24	D:\wx_medgold\wx_agmerra_andalusia\agmerra_1430_207_ESP.txt	-2.625	38.375	1	731	12	31	CV	4.9807774404499	82.0136066301946	34.0310203094162	33.4905948481207	5.34108558039089	30	16.0714079703622	8.87123478155011	20.3782045823924	0	428.509847792524	306.061123353278	35.5996940048066	36.7188819773627	32.6591244304465	50.6202184471125	36.8846609568697	32.8775204254716	14.4993437844732
OliveGIS	30set19	19:27:31	D:\wx_medgold\wx_agmerra_andalusia\agmerra_1430_208_ESP.txt	-2.625	38.125	1	731	12	31	CV	5.26179796117496	83.1903873356777	34.1644004374625	33.5381555459122	5.14942097172938	30	13.5889777842059	8.64752119958584	22.5661486196464	0	547.722557505166	326.105546696475	35.3823208014462	37.4707403915899	32.2818749250932	49.0407307726794	36.8753317918516	32.4787790648468	14.7804619784855
OliveGIS	30set19	19:27:37	D:\wx_medgold\wx_agmerra_andalusia\agmerra_1430_209_ESP.txt	-2.625	37.875	1	731	12	31	CV	5.35215187727835	93.3843382780149	46.7656854902416	33.764862365664	5.20558362553094	30	13.9018113416157	8.2663137225648	22.4902103981313	0	402.577899936449	309.616002437725	35.9437887216414	37.7105180642266	34.9442299970145	38.4733228199413	35.6178064859604	32.6724703761404	10.6257280128211
OliveGIS	30set19	19:27:44	D:\wx_medgold\wx_agmerra_andalusia\agmerra_1430_210_ESP.txt	-2.625	37.625	1	731	12	31	CV	5.0521699587033	102.48956538957	16.0243794174026	15.4069549942963	5.34098183316862	30	14.3442225661476	8.04256643340719	20.8156479701551	0	473.28340883759	416.327565507676	21.1230877513564	22.9217267119887	21.9055708161036	39.8938034137528	22.6117986699252	16.5320664974532	9.88516687387614
OliveGIS	30set19	19:27:50	D:\wx_medgold\wx_agmerra_andalusia\agmerra_1430_211_ESP.txt	-2.625	37.375	1	731	12	31	CV	7.7727366926385	42.3706013140609	315.988733884382	301.189830633666	3.35564456114326	30	9.81782812496302	5.18465875958486	24.4386442671074	0	315.893781308954	252.923631144236	159.646381880073	184.807274839635	180.543915709178	138.059274941224	166.993730464653	187.972091434706	59.2716482503037
OliveGIS	30set19	19:27:55	D:\wx_medgold\wx_agmerra_andalusia\agmerra_1430_212_ESP.txt	-2.625	37.125	1	731	12	31	CV	6.82857045592175	66.0733564217043	52.7076812045021	49.2529820194015	3.6398450767363	30	11.7299793138664	5.43179368399519	25.2960823393874	0	0	402.577899936449	48.4636134482893	51.5368121125915	48.4043052858511	53.1811141777276	50.2375281270588	45.1264730783688	26.9722224129883
OliveGIS	30set19	19:28:00	D:\wx_medgold\wx_agmerra_andalusia\agmerra_1430_213_ESP.txt	-2.625	36.875	1	731	12	31	CV	0.444958744860159	273.429310307469	8.04957246540179	7.64364708560185	6.4780451924681	30	37.9442742214383	14.3859681967369	30.1165370799011	0	0	0	30.9889435634819	29.6581028919287	36.0103581549872	68.6652708288052	27.1546528189922	14.8033625542237	12.1103384787609
OliveGIS	30set19	19:28:10	D:\wx_medgold\wx_agmerra_andalusia\agmerra_1431_209_ESP.txt	-2.375	37.875	1	731	12	31	CV	5.93236698085515	67.1721912259653	55.2846326256147	55.0838667740867	4.25502298149075	30	10.7207269997655	6.92497065045934	20.2205951086091	0	428.509847792524	293.707154912789	53.8864049000581	58.10001060262	56.8696266528788	61.7479595674979	58.1321380323384	51.6489253519268	31.8281636581482
OliveGIS	30set19	19:28:15	D:\wx_medgold\wx_agmerra_andalusia\agmerra_1431_210_ESP.txt	-2.375	37.625	1	731	12	31	CV	5.49487104276808	80.6109736348375	40.6058835203492	35.5753933423602	4.38336716393159	30	11.6399755377236	6.94820049469495	20.1787356221314	0	547.722557505166	390.00165782141	40.0574104037492	41.1006569854942	37.9807851862534	49.9819779991685	38.8122851898124	33.8299746450548	16.5390002329507
OliveGIS	30set19	19:28:21	D:\wx_medgold\wx_agmerra_andalusia\agmerra_1431_211_ESP.txt	-2.375	37.375	1	731	12	31	CV	5.6142918207967	80.5314424305468	40.4566849128531	35.0175358169445	4.23485098880452	30	12.2203934266248	6.50078598272187	27.6735639853514	0	0	325.629364091479	38.2639905002814	40.7322755568972	36.8875550401906	47.1773303525782	38.3511254417208	33.730554324866	15.0768801844445
OliveGIS	30set19	19:28:27	D:\wx_medgold\wx_agmerra_andalusia\agmerra_1431_212_ESP.txt	-2.375	37.125	1	731	12	31	CV	5.05396141401553	145.685937529586	10.9717001992141	10.1987857742313	5.08998622259763	30	16.9590448258413	6.80836338657505	28.7328510041913	0	0	0	17.5533395761443	19.379024883236	17.8546213064586	28.7076898769111	18.9480831313378	11.6675261090029	5.2334045597134
OliveGIS	30set19	19:28:34	D:\wx_medgold\wx_agmerra_andalusia\agmerra_1431_213_ESP.txt	-2.375	36.875	1	731	12	31	CV	0.479342019361392	291.244073499458	8.08802778455475	7.89805575131447	6.74071014661053	30	36.7095581840212	16.6563431265862	32.1203997542667	0	0	0	30.6379429278723	29.9793841186602	39.4982328876289	65.7337530535279	26.6733324308038	13.5094702311825	11.5728021580658
OliveGIS	30set19	19:28:44	D:\wx_medgold\wx_agmerra_andalusia\agmerra_1432_209_ESP.txt	-2.125	37.875	1	731	12	31	CV	5.55808300633039	75.5191130480075	44.7570680116124	38.5769155826505	4.28060075648487	30	11.6589673094107	6.79805451071286	20.2400826318486	0	547.722557505166	363.975582361705	38.541207515152	40.0284462631133	37.5482538675732	45.7984089063179	38.6806652337277	34.7578388550136	17.0937010219212
OliveGIS	30set19	19:28:50	D:\wx_medgold\wx_agmerra_andalusia\agmerra_1432_210_ESP.txt	-2.125	37.625	1	731	12	31	CV	5.0226927017816	98.995899999019	31.1609031630597	22.5142376756506	4.81835167289616	30	13.7484873384268	7.04395150076288	20.133764719233	0	0	0	25.1417807515089	25.9849049588713	26.3544608549866	32.3256907262468	26.6859277457863	22.3488482721056	8.01513924647004
OliveGIS	30set19	19:28:57	D:\wx_medgold\wx_agmerra_andalusia\agmerra_1432_211_ESP.txt	-2.125	37.375	1	731	12	31	CV	5.14608854684035	111.46736751298	27.1844501696724	17.8436355869876	4.86376020215527	30	15.1650565995498	6.7243208238148	27.3007271468571	0	0	0	21.4555988305355	23.0093471397474	23.0008895244781	29.1907258602134	21.6552868363311	17.5316319064542	6.54186950013158
OliveGIS	30set19	19:29:04	D:\wx_medgold\wx_agmerra_andalusia\agmerra_1432_212_ESP.txt	-2.125	37.125	1	731	12	31	CV	2.64221719888704	269.098110553471	9.705620791613	9.73116490526662	5.55609152467312	30	29.8729871888852	7.55402720126853	27.8869666149498	0	0	0	13.4632218191895	15.0085054109214	28.3413390072458	21.2403145920696	14.1478990832398	10.1078439689652	2.5895286719027
OliveGIS	30set19	19:29:13	D:\wx_medgold\wx_agmerra_andalusia\agmerra_1432_213_ESP.txt	-2.125	36.875	1	731	12	31	CV	0.606357594760509	473.28340883759	7.299985029699	7.60205291329784	6.89059236685276	30	51.3984538669204	20.6875471754875	32.0841613102258	0	0	0	27.0550923728004	25.0350725286477	32.3597891980904	44.0082661346851	23.34666021508	12.2167936539105	10.8276040730117
OliveGIS	30set19	19:29:21	D:\wx_medgold\wx_agmerra_andalusia\agmerra_1433_211_ESP.txt	-1.875	37.375	1	731	12	31	CV	0.512021075006263	200.410209803368	10.5204580669522	10.140336788832	6.92397341600146	30	32.2679432631596	14.9042084712121	27.8718547529953	0	0	0	28.2254005550871	28.2998824880383	37.0665087666783	61.2719178994256	24.6763031172036	13.7849925573081	11.4625687472306
OliveGIS	30set19	19:29:30	D:\wx_medgold\wx_agmerra_andalusia\agmerra_1433_212_ESP.txt	-1.875	37.125	1	731	12	31	CV	0.646619146060062	383.37551905932	8.15368667376716	8.31501387139384	7.21583940583266	30	51.6877736991888	20.3099505110764	27.9261819731123	0	0	0	24.4651510980961	22.17826582907	27.6765665607038	49.1035582244719	20.994908458382	11.5981739939197	9.47658682692676
