Model	Date	Time	WxFile	Long	Lat	JdStart	DysToOut	Month	Day	Year	dd	ddbZero	FruWgt	fruNum	Bloomday	BloomYr	DDBSum	ChillHD	PrcpYrSum	TempIncr	ddbMinus10	ddbMinus83	OFEgDays	OFLrDays	OFPuDays	OFAdDays	OfPupSum	DamFrSum	PrcntAtkd
OliveGIS	30set19	19:10:02	D:\wx_medgold\wx_agmerra_andalusia\agmerra_1411_210_ESP.txt	-7.3750	37.6250	1	10958	12	31	2009	2642.5	0.5	9090.2	9470.5	    97.0	     1.0	46.7	1665.2	581.2	0.000	0.0	0.0	18595.37	94028.88	39680.662	15241.51	5358.42	6434.11	64.85
OliveGIS	30set19	19:10:13	D:\wx_medgold\wx_agmerra_andalusia\agmerra_1411_211_ESP.txt	-7.3750	37.3750	1	10958	12	31	2009	2633.5	0.1	8630.1	8858.5	    96.0	     1.0	44.3	1614.2	561.6	0.000	0.0	0.0	17346.14	88011.15	37361.729	14090.73	5071.84	6015.94	65.01
OliveGIS	30set19	19:10:20	D:\wx_medgold\wx_agmerra_andalusia\agmerra_1412_209_ESP.txt	-7.1250	37.8750	1	10958	12	31	2009	2627.4	0.7	6926.4	7205.6	   110.0	     1.0	62.4	1963.3	609.1	0.000	0.0	0.0	22046.15	105472.80	46621.666	35636.18	5712.17	5748.88	75.76
OliveGIS	30set19	19:10:27	D:\wx_medgold\wx_agmerra_andalusia\agmerra_1412_210_ESP.txt	-7.1250	37.6250	1	10958	12	31	2009	2634.3	0.5	8482.3	8862.1	   100.0	     1.0	52.0	1707.2	642.4	0.000	0.0	0.0	17967.26	90648.93	38270.721	16396.93	5152.47	6110.80	65.91
OliveGIS	30set19	19:10:35	D:\wx_medgold\wx_agmerra_andalusia\agmerra_1412_211_ESP.txt	-7.1250	37.3750	1	10958	12	31	2009	2632.4	0.2	8944.0	9220.8	    97.0	     1.0	49.3	1596.5	572.9	0.000	0.0	0.0	16307.88	84513.77	35689.640	13953.25	4966.42	6022.10	62.57
OliveGIS	30set19	19:10:42	D:\wx_medgold\wx_agmerra_andalusia\agmerra_1413_208_ESP.txt	-6.8750	38.1250	1	10958	12	31	2009	2615.7	1.5	6991.0	7309.2	   115.0	     1.0	95.8	2030.5	663.2	0.000	0.0	0.0	20052.86	97483.65	43335.095	48121.16	5337.97	5638.86	73.22
OliveGIS	30set19	19:10:50	D:\wx_medgold\wx_agmerra_andalusia\agmerra_1413_209_ESP.txt	-6.8750	37.8750	1	10958	12	31	2009	2625.4	0.5	7436.3	7731.1	   104.0	     1.0	61.5	1848.6	701.3	0.000	0.0	0.0	18408.92	90281.57	38742.164	23965.49	5051.77	5671.72	69.99
OliveGIS	30set19	19:10:58	D:\wx_medgold\wx_agmerra_andalusia\agmerra_1413_210_ESP.txt	-6.8750	37.6250	1	10958	12	31	2009	2640.4	0.3	8682.4	9046.8	    96.0	     1.0	48.4	1514.1	748.0	0.000	0.0	0.0	13212.21	71458.28	29795.780	9986.72	4350.62	5435.87	57.43
OliveGIS	30set19	19:11:09	D:\wx_medgold\wx_agmerra_andalusia\agmerra_1413_211_ESP.txt	-6.8750	37.3750	1	10958	12	31	2009	2637.2	0.2	8373.4	8668.1	    94.0	     1.0	42.4	1396.2	625.1	0.000	0.0	0.0	14510.48	77478.87	32625.308	11984.90	4677.05	5642.36	62.07
OliveGIS	30set19	19:11:16	D:\wx_medgold\wx_agmerra_andalusia\agmerra_1414_209_ESP.txt	-6.6250	37.8750	1	10958	12	31	2009	2628.0	0.7	7196.9	7466.7	   112.0	     1.0	73.1	1983.2	735.6	0.000	0.0	0.0	19955.06	97202.61	42211.533	40389.17	5331.17	5726.65	72.76
OliveGIS	30set19	19:11:24	D:\wx_medgold\wx_agmerra_andalusia\agmerra_1414_210_ESP.txt	-6.6250	37.6250	1	10958	12	31	2009	2631.8	0.4	9292.8	9712.8	    98.0	     1.0	54.7	1581.0	747.9	0.000	0.0	0.0	14452.35	78101.46	32958.986	12558.41	4773.76	5928.98	58.42
OliveGIS	30set19	19:11:32	D:\wx_medgold\wx_agmerra_andalusia\agmerra_1414_211_ESP.txt	-6.6250	37.3750	1	10958	12	31	2009	2625.7	0.3	8390.3	8741.2	    95.0	     1.0	49.5	1369.8	622.1	0.000	0.0	0.0	12893.71	69250.25	28590.401	10697.53	4183.84	5360.13	58.66
OliveGIS	30set19	19:11:40	D:\wx_medgold\wx_agmerra_andalusia\agmerra_1414_212_ESP.txt	-6.6250	37.1250	1	10958	12	31	2009	2646.5	0.0	10415.1	10710.8	    85.0	     1.0	13.9	1229.7	531.1	0.000	0.0	0.0	29124.16	144382.35	66947.267	23838.23	8631.32	8400.03	75.10
OliveGIS	30set19	19:11:48	D:\wx_medgold\wx_agmerra_andalusia\agmerra_1415_209_ESP.txt	-6.3750	37.8750	1	10958	12	31	2009	2623.9	1.0	7269.9	7571.7	   113.0	     1.0	87.0	1927.0	677.9	0.000	0.0	0.0	15550.99	77936.28	31907.662	23862.69	4240.23	5184.39	65.39
OliveGIS	30set19	19:11:56	D:\wx_medgold\wx_agmerra_andalusia\agmerra_1415_210_ESP.txt	-6.3750	37.6250	1	10958	12	31	2009	2627.3	0.6	8550.3	8983.2	    99.0	     1.0	64.8	1556.4	673.4	0.000	0.0	0.0	9246.86	51962.09	20976.897	6483.49	3292.34	4488.06	47.75
OliveGIS	30set19	19:12:04	D:\wx_medgold\wx_agmerra_andalusia\agmerra_1415_211_ESP.txt	-6.3750	37.3750	1	10958	12	31	2009	2636.7	0.2	8205.6	8735.3	    91.0	     1.0	40.8	1120.1	637.8	0.000	0.0	0.0	9067.14	51924.27	20701.848	6402.29	3226.84	4521.61	49.57
OliveGIS	30set19	19:12:13	D:\wx_medgold\wx_agmerra_andalusia\agmerra_1415_212_ESP.txt	-6.3750	37.1250	1	10958	12	31	2009	2644.4	0.0	9885.7	10355.1	    83.0	     1.0	16.4	946.2	586.0	0.000	0.0	0.0	15567.77	84387.61	36399.589	11485.88	5287.12	6490.35	60.14
OliveGIS	30set19	19:12:22	D:\wx_medgold\wx_agmerra_andalusia\agmerra_1415_213_ESP.txt	-6.3750	36.8750	1	10958	12	31	2009	2646.0	0.0	10731.0	11086.6	    86.0	     1.0	17.5	1125.0	659.1	0.000	0.0	0.0	24510.10	126346.04	56915.301	21839.47	7803.63	8200.95	70.55
OliveGIS	30set19	19:12:30	D:\wx_medgold\wx_agmerra_andalusia\agmerra_1416_209_ESP.txt	-6.1250	37.8750	1	10958	12	31	2009	2624.7	1.1	7235.4	7555.4	   113.0	     1.0	92.3	1878.0	666.4	0.000	0.0	0.0	14069.75	71885.66	29395.606	19646.14	3988.04	4992.51	63.19
OliveGIS	30set19	19:12:37	D:\wx_medgold\wx_agmerra_andalusia\agmerra_1416_210_ESP.txt	-6.1250	37.6250	1	10958	12	31	2009	2636.3	0.7	8197.4	8661.1	   100.0	     1.0	68.0	1510.9	642.7	0.000	0.0	0.0	8634.73	49301.35	19743.539	5979.80	3144.27	4278.33	47.22
OliveGIS	30set19	19:12:46	D:\wx_medgold\wx_agmerra_andalusia\agmerra_1416_211_ESP.txt	-6.1250	37.3750	1	10958	12	31	2009	2649.3	0.3	8304.6	8928.5	    91.0	     1.0	50.0	1048.9	613.9	0.000	0.0	0.0	7775.83	44312.05	17529.029	5519.97	2735.04	4183.62	44.54
OliveGIS	30set19	19:12:56	D:\wx_medgold\wx_agmerra_andalusia\agmerra_1416_212_ESP.txt	-6.1250	37.1250	1	10958	12	31	2009	2659.4	0.1	9463.5	10068.7	    86.0	     1.0	30.3	887.7	588.6	0.000	0.0	0.0	10928.53	62998.00	27038.542	8367.01	4077.70	5421.49	51.29
OliveGIS	30set19	19:13:05	D:\wx_medgold\wx_agmerra_andalusia\agmerra_1416_213_ESP.txt	-6.1250	36.8750	1	10958	12	31	2009	2634.4	0.2	9466.6	9989.9	    90.0	     1.0	37.4	991.2	662.0	0.000	0.0	0.0	13488.45	74328.88	31346.121	10676.80	4636.91	5971.77	57.34
OliveGIS	30set19	19:13:13	D:\wx_medgold\wx_agmerra_andalusia\agmerra_1416_214_ESP.txt	-6.1250	36.6250	1	10958	12	31	2009	2642.0	0.0	10166.7	10509.3	    87.0	     1.0	20.9	1243.9	645.0	0.000	0.0	0.0	26260.66	131203.61	60310.949	24422.94	7980.50	8111.82	73.43
OliveGIS	30set19	19:13:23	D:\wx_medgold\wx_agmerra_andalusia\agmerra_1416_215_ESP.txt	-6.1250	36.3750	1	10958	12	31	2009	2632.7	0.0	9574.7	10143.4	    92.0	     1.0	31.7	1118.9	600.3	0.000	0.0	0.0	12116.78	68315.43	28577.973	8725.70	4303.33	5734.05	54.15
OliveGIS	30set19	19:13:30	D:\wx_medgold\wx_agmerra_andalusia\agmerra_1417_208_ESP.txt	-5.8750	38.1250	1	10958	12	31	2009	2616.8	2.6	6609.7	7023.1	   121.0	     1.0	140.3	1911.9	603.1	0.000	0.0	0.0	14888.30	76271.85	32354.091	32342.77	4143.18	4884.26	66.39
OliveGIS	30set19	19:13:38	D:\wx_medgold\wx_agmerra_andalusia\agmerra_1417_209_ESP.txt	-5.8750	37.8750	1	10958	12	31	2009	2637.1	1.4	7051.5	7444.1	   112.0	     1.0	99.6	1750.5	644.7	0.000	0.0	0.0	9309.10	50651.36	21281.460	11798.14	3140.27	4229.98	54.09
OliveGIS	30set19	19:13:46	D:\wx_medgold\wx_agmerra_andalusia\agmerra_1417_210_ESP.txt	-5.8750	37.6250	1	10958	12	31	2009	2641.5	0.9	9293.4	9913.0	    99.0	     1.0	75.7	1402.9	605.9	0.000	0.0	0.0	8912.59	50509.67	19426.479	5611.37	3138.01	4681.20	45.04
OliveGIS	30set19	19:13:55	D:\wx_medgold\wx_agmerra_andalusia\agmerra_1417_211_ESP.txt	-5.8750	37.3750	1	10958	12	31	2009	2650.8	0.4	8920.0	9701.5	    91.0	     1.0	51.1	972.6	602.8	0.000	0.0	0.0	6308.47	37645.93	16402.199	5142.12	2544.48	3791.54	37.07
OliveGIS	30set19	19:14:06	D:\wx_medgold\wx_agmerra_andalusia\agmerra_1417_212_ESP.txt	-5.8750	37.1250	1	10958	12	31	2009	2645.4	0.2	10118.9	10891.7	    87.0	     1.0	39.5	941.4	575.2	0.000	0.0	0.0	8512.11	50933.36	22095.304	6609.77	3409.69	4783.56	41.79
OliveGIS	30set19	19:14:15	D:\wx_medgold\wx_agmerra_andalusia\agmerra_1417_213_ESP.txt	-5.8750	36.8750	1	10958	12	31	2009	2635.7	0.3	8366.5	8819.1	    96.0	     1.0	49.5	1284.3	541.6	0.000	0.0	0.0	12831.85	69566.88	29414.088	10187.00	4375.52	5478.70	59.47
OliveGIS	30set19	19:14:23	D:\wx_medgold\wx_agmerra_andalusia\agmerra_1417_214_ESP.txt	-5.8750	36.6250	1	10958	12	31	2009	2631.2	0.1	8542.3	8872.1	    93.0	     1.0	28.9	1449.4	674.9	0.000	0.0	0.0	19807.35	101095.62	45716.981	19220.68	6215.73	6561.10	70.58
OliveGIS	30set19	19:14:31	D:\wx_medgold\wx_agmerra_andalusia\agmerra_1417_215_ESP.txt	-5.8750	36.3750	1	10958	12	31	2009	2642.0	0.0	9004.2	9212.9	    96.0	     1.0	23.4	1722.0	770.1	0.000	0.0	0.0	24860.05	122556.33	55339.164	17719.68	7089.49	7211.70	74.57
OliveGIS	30set19	19:14:38	D:\wx_medgold\wx_agmerra_andalusia\agmerra_1418_208_ESP.txt	-5.6250	38.1250	1	10958	12	31	2009	2622.1	2.3	6823.9	7314.7	   120.0	     1.0	135.5	1809.0	613.8	0.000	0.0	0.0	11433.47	59665.94	25225.413	20922.45	3486.23	4546.72	59.47
OliveGIS	30set19	19:14:46	D:\wx_medgold\wx_agmerra_andalusia\agmerra_1418_209_ESP.txt	-5.6250	37.8750	1	10958	12	31	2009	2624.2	1.2	7096.6	7551.9	   110.0	     1.0	95.7	1622.5	639.4	0.000	0.0	0.0	7783.49	44605.43	18473.349	8162.93	2876.92	3880.62	49.12
OliveGIS	30set19	19:14:54	D:\wx_medgold\wx_agmerra_andalusia\agmerra_1418_210_ESP.txt	-5.6250	37.6250	1	10958	12	31	2009	2628.4	0.8	9302.8	9954.0	    98.0	     1.0	75.7	1348.0	583.4	0.000	0.0	0.0	8397.52	47936.35	18561.203	5349.04	3052.12	4527.54	43.55
OliveGIS	30set19	19:15:03	D:\wx_medgold\wx_agmerra_andalusia\agmerra_1418_211_ESP.txt	-5.6250	37.3750	1	10958	12	31	2009	2643.1	0.4	8261.0	8961.4	    93.0	     1.0	56.4	1058.9	602.5	0.000	0.0	0.0	6827.30	38939.62	16058.421	5001.86	2496.77	3876.93	41.23
OliveGIS	30set19	19:15:12	D:\wx_medgold\wx_agmerra_andalusia\agmerra_1418_212_ESP.txt	-5.6250	37.1250	1	10958	12	31	2009	2632.3	0.3	8105.8	8663.0	    94.0	     1.0	50.2	1282.8	600.6	0.000	0.0	0.0	8906.58	51211.70	20720.517	6343.10	3307.92	4506.50	49.77
OliveGIS	30set19	19:15:20	D:\wx_medgold\wx_agmerra_andalusia\agmerra_1418_213_ESP.txt	-5.6250	36.8750	1	10958	12	31	2009	2626.7	0.5	7413.4	7753.5	   106.0	     1.0	66.6	1698.5	607.4	0.000	0.0	0.0	16736.58	85485.60	37913.548	21227.80	5172.88	5697.22	69.75
OliveGIS	30set19	19:15:28	D:\wx_medgold\wx_agmerra_andalusia\agmerra_1418_214_ESP.txt	-5.6250	36.6250	1	10958	12	31	2009	2628.7	0.1	8193.2	8434.2	   100.0	     1.0	40.1	1800.9	747.5	0.000	0.0	0.0	21515.84	106027.24	46554.848	27123.68	6060.80	6480.75	73.02
OliveGIS	30set19	19:15:35	D:\wx_medgold\wx_agmerra_andalusia\agmerra_1418_215_ESP.txt	-5.6250	36.3750	1	10958	12	31	2009	2626.3	0.0	8056.7	8208.3	   102.0	     1.0	31.9	1940.6	962.0	0.000	0.0	0.0	25260.78	124027.46	54637.842	22726.81	6591.34	6571.46	76.39
OliveGIS	30set19	19:15:42	D:\wx_medgold\wx_agmerra_andalusia\agmerra_1418_216_ESP.txt	-5.6250	36.1250	1	10958	12	31	2009	2648.2	0.0	9155.0	9238.8	    95.0	     1.0	5.6	1914.0	690.8	0.000	0.0	0.0	38005.85	186783.52	95025.918	41107.19	10320.96	8089.05	83.12
OliveGIS	30set19	19:15:49	D:\wx_medgold\wx_agmerra_andalusia\agmerra_1419_207_ESP.txt	-5.3750	38.3750	1	10958	12	31	2009	2609.6	4.0	6280.2	6759.0	   126.0	     1.0	187.8	1886.1	549.5	0.000	0.0	0.0	13586.13	70639.76	29836.089	26389.27	3764.82	4543.94	64.27
OliveGIS	30set19	19:15:57	D:\wx_medgold\wx_agmerra_andalusia\agmerra_1419_208_ESP.txt	-5.3750	38.1250	1	10958	12	31	2009	2624.6	3.3	6557.9	7160.8	   122.0	     1.0	158.3	1719.1	608.3	0.000	0.0	0.0	8604.53	47275.29	20551.099	17893.16	2964.20	4022.84	53.49
OliveGIS	30set19	19:16:06	D:\wx_medgold\wx_agmerra_andalusia\agmerra_1419_209_ESP.txt	-5.3750	37.8750	1	10958	12	31	2009	2624.7	1.0	7785.7	8578.9	   104.0	     1.0	90.1	1305.0	674.6	0.000	0.0	0.0	6564.15	38695.17	15461.300	5392.17	2573.39	3754.12	41.77
OliveGIS	30set19	19:16:15	D:\wx_medgold\wx_agmerra_andalusia\agmerra_1419_210_ESP.txt	-5.3750	37.6250	1	10958	12	31	2009	2632.6	0.7	8534.5	9374.0	    96.0	     1.0	74.2	1107.8	595.9	0.000	0.0	0.0	6456.16	36536.62	15132.019	4723.11	2357.52	3784.46	38.45
OliveGIS	30set19	19:16:23	D:\wx_medgold\wx_agmerra_andalusia\agmerra_1419_211_ESP.txt	-5.3750	37.3750	1	10958	12	31	2009	2626.9	0.6	8776.1	9495.6	    99.0	     1.0	74.5	1227.3	588.6	0.000	0.0	0.0	7707.21	44994.82	17540.374	5378.35	2913.57	4252.50	42.89
OliveGIS	30set19	19:16:31	D:\wx_medgold\wx_agmerra_andalusia\agmerra_1419_212_ESP.txt	-5.3750	37.1250	1	10958	12	31	2009	2632.5	0.7	7327.6	7788.9	   109.0	     1.0	77.4	1679.6	624.2	0.000	0.0	0.0	10054.42	54800.60	22497.884	7353.64	3388.41	4494.58	55.09
OliveGIS	30set19	19:16:39	D:\wx_medgold\wx_agmerra_andalusia\agmerra_1419_213_ESP.txt	-5.3750	36.8750	1	10958	12	31	2009	2609.3	3.0	6139.3	6160.5	   136.0	     1.0	179.1	2688.7	604.9	0.000	0.0	0.0	31170.77	179640.22	169813.467	77245.68	7304.76	5362.74	81.87
OliveGIS	30set19	19:16:46	D:\wx_medgold\wx_agmerra_andalusia\agmerra_1419_214_ESP.txt	-5.3750	36.6250	1	10958	12	31	2009	2611.0	0.7	6410.8	6400.1	   131.0	     1.0	122.4	2852.4	726.6	0.000	0.0	0.0	36357.10	205891.20	187043.568	93974.66	8869.53	5783.69	84.63
OliveGIS	30set19	19:16:54	D:\wx_medgold\wx_agmerra_andalusia\agmerra_1419_215_ESP.txt	-5.3750	36.3750	1	10958	12	31	2009	2621.7	0.0	7980.4	8161.3	   111.0	     1.0	50.6	2012.4	810.2	0.000	0.0	0.0	26195.93	137377.25	66968.702	28792.56	7271.51	6558.49	76.72
OliveGIS	30set19	19:17:01	D:\wx_medgold\wx_agmerra_andalusia\agmerra_1420_206_ESP.txt	-5.1250	38.6250	1	10958	12	31	2009	2614.8	3.0	6245.4	6851.6	   125.0	     1.0	173.2	1768.2	538.8	0.000	0.0	0.0	10169.77	54359.66	24061.844	25189.46	3308.75	4253.25	59.30
OliveGIS	30set19	19:17:09	D:\wx_medgold\wx_agmerra_andalusia\agmerra_1420_207_ESP.txt	-5.1250	38.3750	1	10958	12	31	2009	2610.1	4.2	6250.9	6691.3	   127.0	     1.0	193.0	1916.7	560.3	0.000	0.0	0.0	14758.93	76580.07	33873.886	27941.11	4094.66	4709.16	67.18
OliveGIS	30set19	19:17:17	D:\wx_medgold\wx_agmerra_andalusia\agmerra_1420_208_ESP.txt	-5.1250	38.1250	1	10958	12	31	2009	2624.3	3.3	6579.4	7180.6	   121.0	     1.0	158.7	1682.6	616.3	0.000	0.0	0.0	8722.99	48698.96	21310.186	15155.36	3108.94	4105.11	54.36
OliveGIS	30set19	19:17:26	D:\wx_medgold\wx_agmerra_andalusia\agmerra_1420_209_ESP.txt	-5.1250	37.8750	1	10958	12	31	2009	2619.4	1.0	7498.8	8265.4	   103.0	     1.0	91.5	1243.8	653.5	0.000	0.0	0.0	6187.52	36702.86	14639.292	5180.25	2464.93	3553.37	41.06
OliveGIS	30set19	19:17:35	D:\wx_medgold\wx_agmerra_andalusia\agmerra_1420_210_ESP.txt	-5.1250	37.6250	1	10958	12	31	2009	2630.8	0.6	9027.7	9907.1	    98.0	     1.0	78.2	1125.8	574.2	0.000	0.0	0.0	6638.44	38037.51	15120.748	4699.99	2388.16	3900.57	37.63
OliveGIS	30set19	19:17:44	D:\wx_medgold\wx_agmerra_andalusia\agmerra_1420_211_ESP.txt	-5.1250	37.3750	1	10958	12	31	2009	2637.1	0.5	8206.0	8869.5	   102.0	     1.0	79.9	1249.5	578.8	0.000	0.0	0.0	8077.47	46507.43	18321.543	5627.40	2983.62	4304.37	46.39
OliveGIS	30set19	19:17:52	D:\wx_medgold\wx_agmerra_andalusia\agmerra_1420_212_ESP.txt	-5.1250	37.1250	1	10958	12	31	2009	2625.6	0.6	7291.9	7749.8	   111.0	     1.0	83.6	1673.7	617.9	0.000	0.0	0.0	9701.24	52767.96	21461.296	8694.26	3247.80	4383.90	54.09
OliveGIS	30set19	19:18:00	D:\wx_medgold\wx_agmerra_andalusia\agmerra_1420_213_ESP.txt	-5.1250	36.8750	1	10958	12	31	2009	2603.7	2.1	6344.8	6373.4	   135.0	     1.0	169.8	2630.8	607.9	0.000	0.0	0.0	33025.80	180645.56	172739.518	88347.82	7768.31	5598.58	82.86
OliveGIS	30set19	19:18:07	D:\wx_medgold\wx_agmerra_andalusia\agmerra_1420_214_ESP.txt	-5.1250	36.6250	1	10958	12	31	2009	2612.9	0.0	7006.0	6998.2	   129.0	     1.0	90.5	2780.3	695.4	0.000	0.0	0.0	38097.99	204208.59	170161.691	110963.32	9335.37	6324.77	84.91
OliveGIS	30set19	19:18:15	D:\wx_medgold\wx_agmerra_andalusia\agmerra_1421_206_ESP.txt	-4.8750	38.6250	1	10958	12	31	2009	2605.7	3.6	6429.9	7125.0	   124.0	     1.0	170.8	1692.4	553.0	0.000	0.0	0.0	8180.38	45914.63	20321.637	19242.57	2965.73	3927.11	52.71
OliveGIS	30set19	19:18:23	D:\wx_medgold\wx_agmerra_andalusia\agmerra_1421_207_ESP.txt	-4.8750	38.3750	1	10958	12	31	2009	2607.2	7.6	7015.9	7419.2	   134.0	     1.0	250.9	2116.2	561.5	0.000	0.0	0.0	24185.37	125178.21	94251.356	51147.27	6081.85	5906.57	75.49
OliveGIS	30set19	19:18:31	D:\wx_medgold\wx_agmerra_andalusia\agmerra_1421_208_ESP.txt	-4.8750	38.1250	1	10958	12	31	2009	2616.6	5.5	6467.8	7017.1	   127.0	     1.0	206.3	1830.7	569.5	0.000	0.0	0.0	14846.39	76892.28	32216.724	27452.25	4009.46	4772.81	65.00
OliveGIS	30set19	19:18:40	D:\wx_medgold\wx_agmerra_andalusia\agmerra_1421_209_ESP.txt	-4.8750	37.8750	1	10958	12	31	2009	2618.0	2.0	6852.0	7599.3	   114.0	     1.0	132.5	1463.7	697.7	0.000	0.0	0.0	6634.60	39061.48	15145.103	6111.77	2504.77	3589.17	45.11
OliveGIS	30set19	19:18:50	D:\wx_medgold\wx_agmerra_andalusia\agmerra_1421_210_ESP.txt	-4.8750	37.6250	1	10958	12	31	2009	2630.1	1.4	7165.1	7922.1	   112.0	     1.0	118.9	1436.1	632.3	0.000	0.0	0.0	7110.43	41427.29	15841.439	4838.02	2607.20	3808.29	45.87
OliveGIS	30set19	19:18:58	D:\wx_medgold\wx_agmerra_andalusia\agmerra_1421_211_ESP.txt	-4.8750	37.3750	1	10958	12	31	2009	2615.3	1.0	7908.8	8428.7	   116.0	     1.0	121.0	1761.0	597.6	0.000	0.0	0.0	10621.29	55869.98	22160.428	10432.19	3243.65	4625.99	52.60
OliveGIS	30set19	19:19:07	D:\wx_medgold\wx_agmerra_andalusia\agmerra_1421_212_ESP.txt	-4.8750	37.1250	1	10958	12	31	2009	2614.4	1.0	6868.4	7202.0	   122.0	     1.0	124.1	2042.2	623.9	0.000	0.0	0.0	17248.56	88447.93	37118.766	25365.67	4380.38	5038.21	67.13
OliveGIS	30set19	19:19:16	D:\wx_medgold\wx_agmerra_andalusia\agmerra_1421_213_ESP.txt	-4.8750	36.8750	1	10958	12	31	2009	2619.4	0.3	7072.8	7266.0	   123.0	     1.0	116.2	2156.2	616.9	0.000	0.0	0.0	22761.77	120205.80	56674.571	30687.75	5770.45	5553.54	73.22
OliveGIS	30set19	19:19:24	D:\wx_medgold\wx_agmerra_andalusia\agmerra_1421_214_ESP.txt	-4.8750	36.6250	1	10958	12	31	2009	2623.9	0.0	8152.4	8317.9	   110.0	     1.0	36.3	2066.1	641.7	0.000	0.0	0.0	25642.03	132749.95	61316.243	24097.26	6901.94	6577.16	75.46
OliveGIS	30set19	19:19:31	D:\wx_medgold\wx_agmerra_andalusia\agmerra_1422_207_ESP.txt	-4.6250	38.3750	1	10958	12	31	2009	2601.9	8.2	6776.0	7132.6	   135.0	     1.0	258.9	2153.8	569.1	0.000	0.0	0.0	24581.29	127254.99	104148.855	53155.25	6120.36	5766.51	76.63
OliveGIS	30set19	19:19:41	D:\wx_medgold\wx_agmerra_andalusia\agmerra_1422_208_ESP.txt	-4.6250	38.1250	1	10958	12	31	2009	2598.3	5.8	6525.2	7074.5	   126.0	     1.0	210.4	1802.2	542.6	0.000	0.0	0.0	14431.53	74452.83	31862.950	29043.78	3999.72	4784.13	64.72
OliveGIS	30set19	19:19:51	D:\wx_medgold\wx_agmerra_andalusia\agmerra_1422_209_ESP.txt	-4.6250	37.8750	1	10958	12	31	2009	2616.7	2.1	6872.2	7614.9	   114.0	     1.0	138.5	1445.5	651.4	0.000	0.0	0.0	6743.03	39641.77	15407.167	6206.27	2544.46	3630.46	45.52
OliveGIS	30set19	19:20:01	D:\wx_medgold\wx_agmerra_andalusia\agmerra_1422_210_ESP.txt	-4.6250	37.6250	1	10958	12	31	2009	2626.4	1.4	7000.9	7714.5	   114.0	     1.0	129.8	1511.4	622.8	0.000	0.0	0.0	7063.74	41428.35	16243.159	6252.21	2690.70	3747.58	46.35
OliveGIS	30set19	19:20:10	D:\wx_medgold\wx_agmerra_andalusia\agmerra_1422_211_ESP.txt	-4.6250	37.3750	1	10958	12	31	2009	2614.0	1.0	7320.4	7777.2	   120.0	     1.0	133.0	1812.5	601.2	0.000	0.0	0.0	13802.49	70142.02	27501.747	18759.04	3605.26	4777.24	59.00
OliveGIS	30set19	19:20:20	D:\wx_medgold\wx_agmerra_andalusia\agmerra_1422_212_ESP.txt	-4.6250	37.1250	1	10958	12	31	2009	2623.3	0.9	7029.3	7383.9	   123.0	     1.0	132.0	1993.9	631.2	0.000	0.0	0.0	17929.19	93013.17	39022.640	27971.40	4596.92	5198.47	67.42
OliveGIS	30set19	19:20:29	D:\wx_medgold\wx_agmerra_andalusia\agmerra_1422_213_ESP.txt	-4.6250	36.8750	1	10958	12	31	2009	2623.5	0.0	7577.6	7820.6	   121.0	     1.0	108.2	2030.3	590.0	0.000	0.0	0.0	22895.43	121696.74	56032.896	31813.18	5997.13	5907.88	72.25
OliveGIS	30set19	19:20:37	D:\wx_medgold\wx_agmerra_andalusia\agmerra_1422_214_ESP.txt	-4.6250	36.6250	1	10958	12	31	2009	2631.3	0.0	8478.9	8696.6	   104.0	     1.0	19.0	1822.3	518.0	0.000	0.0	0.0	24684.94	125256.09	55969.292	18846.59	6871.28	6815.43	74.88
OliveGIS	30set19	19:20:46	D:\wx_medgold\wx_agmerra_andalusia\agmerra_1423_208_ESP.txt	-4.3750	38.1250	1	10958	12	31	2009	2612.1	5.4	6632.4	7230.1	   127.0	     1.0	214.9	1777.8	550.9	0.000	0.0	0.0	14337.88	74166.65	30776.381	29741.28	3853.80	4753.34	62.82
OliveGIS	30set19	19:20:57	D:\wx_medgold\wx_agmerra_andalusia\agmerra_1423_209_ESP.txt	-4.3750	37.8750	1	10958	12	31	2009	2635.3	0.9	7056.8	8027.0	   112.0	     1.0	114.9	1199.5	655.6	0.000	0.0	0.0	5043.11	30626.66	11568.818	3862.63	2026.25	3102.75	36.70
OliveGIS	30set19	19:21:07	D:\wx_medgold\wx_agmerra_andalusia\agmerra_1423_210_ESP.txt	-4.3750	37.6250	1	10958	12	31	2009	2627.5	0.6	7054.8	7904.4	   114.0	     1.0	117.4	1423.0	646.0	0.000	0.0	0.0	5911.52	35146.01	13086.490	4048.97	2235.49	3395.24	40.96
OliveGIS	30set19	19:21:16	D:\wx_medgold\wx_agmerra_andalusia\agmerra_1423_211_ESP.txt	-4.3750	37.3750	1	10958	12	31	2009	2617.4	1.4	6815.1	7260.5	   125.0	     1.0	157.4	1893.9	635.6	0.000	0.0	0.0	14102.95	72457.96	28342.973	20891.60	3548.57	4554.15	60.18
OliveGIS	30set19	19:21:24	D:\wx_medgold\wx_agmerra_andalusia\agmerra_1423_212_ESP.txt	-4.3750	37.1250	1	10958	12	31	2009	2615.9	0.9	6977.2	7411.9	   124.0	     1.0	143.5	1910.4	662.8	0.000	0.0	0.0	14596.11	74155.92	29421.921	18415.23	3691.92	4744.81	61.43
OliveGIS	30set19	19:21:34	D:\wx_medgold\wx_agmerra_andalusia\agmerra_1423_213_ESP.txt	-4.3750	36.8750	1	10958	12	31	2009	2618.3	0.1	7517.8	7836.0	   122.0	     1.0	125.8	1945.8	628.2	0.000	0.0	0.0	16786.60	86176.84	34020.024	15269.19	4184.19	5168.34	63.33
OliveGIS	30set19	19:21:42	D:\wx_medgold\wx_agmerra_andalusia\agmerra_1424_207_ESP.txt	-4.1250	38.3750	1	10958	12	31	2009	2604.6	8.4	7277.1	7826.2	   135.0	     1.0	273.3	1998.7	565.9	0.000	0.0	0.0	23570.63	125490.20	72953.188	45798.56	6008.10	5948.23	72.43
OliveGIS	30set19	19:21:51	D:\wx_medgold\wx_agmerra_andalusia\agmerra_1424_208_ESP.txt	-4.1250	38.1250	1	10958	12	31	2009	2600.3	5.9	6461.4	7069.0	   127.0	     1.0	227.2	1752.8	517.9	0.000	0.0	0.0	13276.66	69097.15	28946.355	26263.70	3637.20	4542.01	61.56
OliveGIS	30set19	19:22:00	D:\wx_medgold\wx_agmerra_andalusia\agmerra_1424_209_ESP.txt	-4.1250	37.8750	1	10958	12	31	2009	2621.8	1.1	6751.1	7659.0	   114.0	     1.0	129.6	1307.7	618.7	0.000	0.0	0.0	5308.96	30897.22	11617.458	3786.49	2021.60	3138.51	39.12
OliveGIS	30set19	19:22:08	D:\wx_medgold\wx_agmerra_andalusia\agmerra_1424_210_ESP.txt	-4.1250	37.6250	1	10958	12	31	2009	2626.6	1.0	7046.4	7798.7	   121.0	     1.0	145.2	1644.7	631.9	0.000	0.0	0.0	7434.96	41318.46	17001.216	8048.32	2618.95	3802.72	46.43
OliveGIS	30set19	19:22:16	D:\wx_medgold\wx_agmerra_andalusia\agmerra_1424_211_ESP.txt	-4.1250	37.3750	1	10958	12	31	2009	2612.1	2.1	7065.1	7442.1	   130.0	     1.0	192.1	2089.9	621.8	0.000	0.0	0.0	22938.26	121781.10	58088.262	43087.84	5832.48	5670.70	72.83
OliveGIS	30set19	19:22:25	D:\wx_medgold\wx_agmerra_andalusia\agmerra_1424_212_ESP.txt	-4.1250	37.1250	1	10958	12	31	2009	2614.5	1.2	6796.6	7175.2	   127.0	     1.0	162.1	1997.1	632.4	0.000	0.0	0.0	16923.22	87245.07	36501.961	21416.61	4216.01	4932.97	66.02
OliveGIS	30set19	19:22:37	D:\wx_medgold\wx_agmerra_andalusia\agmerra_1424_213_ESP.txt	-4.1250	36.8750	1	10958	12	31	2009	2616.3	0.0	7653.3	7922.1	   124.0	     1.0	129.5	1993.4	592.4	0.000	0.0	0.0	20011.07	107634.93	45946.735	18733.52	5150.00	5519.17	66.90
OliveGIS	30set19	19:22:46	D:\wx_medgold\wx_agmerra_andalusia\agmerra_1425_207_ESP.txt	-3.8750	38.3750	1	10958	12	31	2009	2605.1	4.1	6638.4	7307.5	   129.0	     1.0	215.5	1763.5	603.3	0.000	0.0	0.0	12802.38	67370.38	28149.133	24898.79	3628.29	4602.42	60.46
OliveGIS	30set19	19:22:56	D:\wx_medgold\wx_agmerra_andalusia\agmerra_1425_208_ESP.txt	-3.8750	38.1250	1	10958	12	31	2009	2625.4	2.8	6959.3	7785.4	   123.0	     1.0	179.4	1541.3	552.1	0.000	0.0	0.0	6257.21	35843.20	14740.490	8054.17	2329.52	3451.34	42.09
OliveGIS	30set19	19:23:06	D:\wx_medgold\wx_agmerra_andalusia\agmerra_1425_209_ESP.txt	-3.8750	37.8750	1	10958	12	31	2009	2626.0	0.8	6853.0	8033.3	   115.0	     1.0	132.2	1192.1	636.9	0.000	0.0	0.0	3987.93	24415.76	8936.232	3146.28	1632.85	2595.73	30.61
OliveGIS	30set19	19:23:15	D:\wx_medgold\wx_agmerra_andalusia\agmerra_1425_210_ESP.txt	-3.8750	37.6250	1	10958	12	31	2009	2622.7	1.0	6694.2	7562.1	   125.0	     1.0	158.8	1620.2	667.9	0.000	0.0	0.0	5974.40	33486.48	13639.175	6551.88	2148.83	3274.03	41.19
OliveGIS	30set19	19:23:23	D:\wx_medgold\wx_agmerra_andalusia\agmerra_1425_211_ESP.txt	-3.8750	37.3750	1	10958	12	31	2009	2606.0	3.4	7315.1	7754.1	   132.0	     1.0	222.4	2063.6	546.4	0.000	0.0	0.0	23270.97	122504.37	56489.459	43199.71	5779.37	5828.28	71.89
OliveGIS	30set19	19:23:33	D:\wx_medgold\wx_agmerra_andalusia\agmerra_1425_212_ESP.txt	-3.8750	37.1250	1	10958	12	31	2009	2622.6	2.1	6675.8	7128.4	   128.0	     1.0	181.2	1886.4	565.2	0.000	0.0	0.0	15156.48	77385.40	31840.195	20017.07	3866.72	4767.41	64.01
OliveGIS	30set19	19:23:43	D:\wx_medgold\wx_agmerra_andalusia\agmerra_1425_213_ESP.txt	-3.8750	36.8750	1	10958	12	31	2009	2623.8	0.3	7970.9	8620.3	   121.0	     1.0	141.5	1611.2	618.4	0.000	0.0	0.0	9716.00	52272.58	20282.581	5934.56	3106.24	4524.29	50.09
OliveGIS	30set19	19:23:52	D:\wx_medgold\wx_agmerra_andalusia\agmerra_1426_207_ESP.txt	-3.6250	38.3750	1	10958	12	31	2009	2602.2	4.4	6671.2	7348.1	   130.0	     1.0	229.7	1791.3	568.1	0.000	0.0	0.2	14775.44	77098.74	32764.800	28026.63	4087.41	4903.42	64.05
OliveGIS	30set19	19:24:01	D:\wx_medgold\wx_agmerra_andalusia\agmerra_1426_208_ESP.txt	-3.6250	38.1250	1	10958	12	31	2009	2609.0	3.2	6676.0	7461.2	   126.0	     1.0	197.5	1603.3	508.0	0.000	0.0	0.0	7030.94	38633.89	16063.758	13761.80	2414.42	3562.31	45.64
OliveGIS	30set19	19:24:10	D:\wx_medgold\wx_agmerra_andalusia\agmerra_1426_209_ESP.txt	-3.6250	37.8750	1	10958	12	31	2009	2615.8	1.2	7070.9	8274.7	   120.0	     1.0	153.4	1301.6	607.1	0.000	0.0	0.0	4256.91	25484.52	9193.099	3165.83	1651.42	2750.79	31.54
OliveGIS	30set19	19:24:19	D:\wx_medgold\wx_agmerra_andalusia\agmerra_1426_210_ESP.txt	-3.6250	37.6250	1	10958	12	31	2009	2620.3	1.7	6661.2	7415.6	   129.0	     1.0	192.0	1809.9	636.7	0.000	0.0	0.0	12677.82	65090.19	25425.384	18404.33	3247.01	4379.50	56.68
OliveGIS	30set19	19:24:26	D:\wx_medgold\wx_agmerra_andalusia\agmerra_1426_211_ESP.txt	-3.6250	37.3750	1	10958	12	31	2009	2603.5	5.3	6781.6	7089.8	   137.0	     1.0	265.5	2201.4	553.8	0.000	0.0	0.0	30030.80	165061.14	130642.930	53762.71	7384.68	5838.81	78.36
OliveGIS	30set19	19:24:35	D:\wx_medgold\wx_agmerra_andalusia\agmerra_1426_212_ESP.txt	-3.6250	37.1250	1	10958	12	31	2009	2600.7	3.4	7235.5	7661.2	   131.0	     1.0	214.9	2042.9	672.8	0.000	0.0	0.0	23494.20	123934.83	58251.035	37016.82	5891.13	5797.50	72.52
OliveGIS	30set19	19:24:45	D:\wx_medgold\wx_agmerra_andalusia\agmerra_1426_213_ESP.txt	-3.6250	36.8750	1	10958	12	31	2009	2616.9	0.9	7443.2	7999.6	   125.0	     1.0	160.7	1766.3	589.4	0.000	0.0	0.0	13076.90	67006.37	25782.155	9711.37	3469.85	4753.96	56.96
OliveGIS	30set19	19:24:54	D:\wx_medgold\wx_agmerra_andalusia\agmerra_1427_207_ESP.txt	-3.3750	38.3750	1	10958	12	31	2009	2615.2	2.8	6371.3	7030.7	   128.0	     1.0	202.4	1657.5	590.9	0.000	0.2	0.6	8656.22	45546.47	18604.771	13551.67	2634.39	3810.43	51.95
OliveGIS	30set19	19:25:05	D:\wx_medgold\wx_agmerra_andalusia\agmerra_1427_208_ESP.txt	-3.3750	38.1250	1	10958	12	31	2009	2622.9	2.0	7028.1	7854.6	   124.0	     1.0	178.4	1512.7	545.5	0.000	0.0	0.0	5836.03	33388.44	13748.296	7111.95	2182.35	3295.12	39.87
OliveGIS	30set19	19:25:14	D:\wx_medgold\wx_agmerra_andalusia\agmerra_1427_209_ESP.txt	-3.3750	37.8750	1	10958	12	31	2009	2616.1	1.0	7283.9	8119.5	   121.0	     1.0	158.2	1467.0	554.7	0.000	0.0	0.0	5009.31	29709.95	12147.772	5050.85	2014.15	3051.11	35.65
OliveGIS	30set19	19:25:22	D:\wx_medgold\wx_agmerra_andalusia\agmerra_1427_210_ESP.txt	-3.3750	37.6250	1	10958	12	31	2009	2601.7	1.9	6927.3	7409.7	   130.0	     1.0	207.1	2000.1	579.1	0.000	0.0	0.0	21560.37	114072.42	53751.263	40934.02	5661.27	5591.26	72.29
OliveGIS	30set19	19:25:28	D:\wx_medgold\wx_agmerra_andalusia\agmerra_1427_211_ESP.txt	-3.3750	37.3750	1	10958	12	31	2009	2143.6	25.0	1891.5	1964.3	   161.0	     1.0	590.9	2770.6	313.8	0.000	0.0	0.0	9265.31	60271.95	73142.086	11004.78	1678.44	1347.97	64.70
OliveGIS	30set19	19:25:35	D:\wx_medgold\wx_agmerra_andalusia\agmerra_1427_212_ESP.txt	-3.3750	37.1250	1	10958	12	31	2009	2305.8	16.5	6527.1	6631.8	   153.0	     1.0	488.2	2724.1	887.7	0.000	0.0	0.0	29680.87	206140.90	228813.828	46183.60	6097.73	4488.17	66.41
OliveGIS	30set19	19:25:44	D:\wx_medgold\wx_agmerra_andalusia\agmerra_1427_213_ESP.txt	-3.3750	36.8750	1	10958	12	31	2009	2598.8	5.5	6529.1	6725.2	   141.0	     1.0	288.9	2334.7	809.4	0.000	0.0	0.0	34823.76	206240.91	185369.945	61947.15	7996.89	5574.45	79.21
OliveGIS	30set19	19:25:52	D:\wx_medgold\wx_agmerra_andalusia\agmerra_1428_207_ESP.txt	-3.1250	38.3750	1	10958	12	31	2009	2609.5	3.8	6745.0	7306.0	   131.0	     1.0	232.6	1885.7	555.8	0.000	0.4	1.0	18768.87	99130.16	44591.411	31788.12	5142.02	5383.54	70.40
OliveGIS	30set19	19:26:00	D:\wx_medgold\wx_agmerra_andalusia\agmerra_1428_208_ESP.txt	-3.1250	38.1250	1	10958	12	31	2009	2611.6	3.1	6509.1	7086.1	   129.0	     1.0	217.5	1802.3	556.0	0.000	0.0	0.2	16256.03	87457.74	37163.533	26410.58	4434.82	4926.15	66.48
OliveGIS	30set19	19:26:09	D:\wx_medgold\wx_agmerra_andalusia\agmerra_1428_209_ESP.txt	-3.1250	37.8750	1	10958	12	31	2009	2615.6	1.7	6787.4	7418.7	   128.0	     1.0	192.2	1743.0	548.7	0.000	0.0	0.0	13006.98	67818.05	26001.498	15175.15	3407.54	4487.53	58.04
OliveGIS	30set19	19:26:16	D:\wx_medgold\wx_agmerra_andalusia\agmerra_1428_210_ESP.txt	-3.1250	37.6250	1	10958	12	31	2009	2612.9	2.6	7238.3	7688.0	   133.0	     1.0	228.1	2099.5	545.4	0.000	0.0	0.0	27084.10	147860.78	78722.257	48956.78	7169.44	6120.73	75.97
OliveGIS	30set19	19:26:21	D:\wx_medgold\wx_agmerra_andalusia\agmerra_1428_211_ESP.txt	-3.1250	37.3750	1	10958	12	31	2009	2149.3	24.6	2628.4	2727.9	   159.0	     1.0	585.7	2763.8	307.3	0.000	0.0	0.0	12162.45	79156.61	88958.787	12041.25	2160.67	1783.39	62.45
OliveGIS	30set19	19:26:28	D:\wx_medgold\wx_agmerra_andalusia\agmerra_1428_212_ESP.txt	-3.1250	37.1250	1	10958	12	31	2009	2377.1	12.4	3794.2	4744.0	   151.0	     1.0	444.9	2693.6	673.6	0.000	0.0	0.0	23636.35	156179.54	181487.839	44565.90	5177.72	3574.63	73.60
OliveGIS	30set19	19:26:37	D:\wx_medgold\wx_agmerra_andalusia\agmerra_1428_213_ESP.txt	-3.1250	36.8750	1	10958	12	31	2009	2605.1	3.6	6691.1	6920.4	   139.0	     1.0	258.6	2262.3	542.8	0.000	0.0	0.0	32516.18	190804.31	150257.482	60549.81	8173.33	5687.69	78.50
OliveGIS	30set19	19:26:44	D:\wx_medgold\wx_agmerra_andalusia\agmerra_1429_207_ESP.txt	-2.8750	38.3750	1	10958	12	31	2009	2597.8	7.9	6667.6	7025.9	   139.0	     1.0	302.5	2121.8	507.7	0.000	0.8	1.4	29843.27	161990.56	130237.217	54698.12	7363.37	5854.63	79.14
OliveGIS	30set19	19:26:51	D:\wx_medgold\wx_agmerra_andalusia\agmerra_1429_208_ESP.txt	-2.8750	38.1250	1	10958	12	31	2009	2594.5	7.4	6577.7	6936.6	   139.0	     1.0	302.9	2154.6	586.7	0.000	0.3	0.9	30749.41	175970.15	145690.607	64597.82	7522.64	5769.63	79.06
OliveGIS	30set19	19:26:57	D:\wx_medgold\wx_agmerra_andalusia\agmerra_1429_209_ESP.txt	-2.8750	37.8750	1	10958	12	31	2009	2600.0	5.4	6546.7	6801.6	   140.0	     1.0	287.7	2328.5	628.2	0.000	0.0	0.2	33899.18	193865.16	179343.003	77856.62	7882.53	5735.12	80.08
OliveGIS	30set19	19:27:04	D:\wx_medgold\wx_agmerra_andalusia\agmerra_1429_210_ESP.txt	-2.8750	37.6250	1	10958	12	31	2009	2592.4	6.0	6662.9	6839.0	   141.0	     1.0	316.9	2460.6	444.0	0.000	0.0	0.0	37433.95	235376.03	233569.870	81174.71	8383.18	5698.11	79.07
OliveGIS	30set19	19:27:09	D:\wx_medgold\wx_agmerra_andalusia\agmerra_1429_211_ESP.txt	-2.8750	37.3750	1	10958	12	31	2009	1557.1	70.8	0.8	1.0	   178.0	     1.0	896.1	3179.3	435.1	0.000	0.1	0.8	17.36	80.97	170.728	128.06	2.70	1.21	75.68
OliveGIS	30set19	19:27:14	D:\wx_medgold\wx_agmerra_andalusia\agmerra_1429_212_ESP.txt	-2.8750	37.1250	1	10958	12	31	2009	1803.7	30.3	300.2	372.8	   169.0	     1.0	653.9	3180.4	528.4	0.000	0.0	0.1	2611.10	15566.58	44041.218	9101.17	457.01	291.57	56.77
OliveGIS	30set19	19:27:24	D:\wx_medgold\wx_agmerra_andalusia\agmerra_1429_213_ESP.txt	-2.8750	36.8750	1	10958	12	31	2009	2612.0	0.0	8190.6	8599.2	   121.0	     1.0	123.4	1754.9	509.7	0.000	0.0	0.0	16839.45	88021.09	35212.486	14947.78	4653.68	5682.25	63.42
OliveGIS	30set19	19:27:30	D:\wx_medgold\wx_agmerra_andalusia\agmerra_1430_207_ESP.txt	-2.6250	38.3750	1	10958	12	31	2009	2591.2	9.7	6698.0	6940.8	   141.0	     1.0	349.7	2316.9	519.3	0.000	0.9	1.6	33514.05	220875.61	194272.244	63866.09	7921.20	5702.80	78.00
OliveGIS	30set19	19:27:36	D:\wx_medgold\wx_agmerra_andalusia\agmerra_1430_208_ESP.txt	-2.6250	38.1250	1	10958	12	31	2009	2587.4	10.4	7015.1	7254.7	   143.0	     1.0	417.6	2385.2	677.8	0.000	0.8	1.4	36369.76	267842.88	260933.745	68772.68	8131.00	5787.08	76.20
OliveGIS	30set19	19:27:43	D:\wx_medgold\wx_agmerra_andalusia\agmerra_1430_209_ESP.txt	-2.6250	37.8750	1	10958	12	31	2009	2548.6	7.3	4106.6	5087.9	   143.0	     1.0	382.9	2514.7	641.3	0.000	0.2	0.6	24769.30	175029.30	181291.328	57130.91	5669.03	4021.96	76.00
OliveGIS	30set19	19:27:50	D:\wx_medgold\wx_agmerra_andalusia\agmerra_1430_210_ESP.txt	-2.6250	37.6250	1	10958	12	31	2009	2593.1	6.8	7040.3	7205.5	   142.0	     1.0	362.2	2500.2	448.5	0.000	0.0	0.0	39183.71	270703.08	277258.644	86905.22	8646.22	5893.08	77.91
OliveGIS	30set19	19:27:54	D:\wx_medgold\wx_agmerra_andalusia\agmerra_1430_211_ESP.txt	-2.6250	37.3750	1	10958	12	31	2009	1607.9	60.2	6.6	8.0	   175.0	     1.0	837.6	3191.3	397.5	0.000	0.1	0.7	208.17	989.71	1513.713	499.04	32.74	17.99	66.55
OliveGIS	30set19	19:27:59	D:\wx_medgold\wx_agmerra_andalusia\agmerra_1430_212_ESP.txt	-2.6250	37.1250	1	10958	12	31	2009	1913.1	19.1	2687.4	3110.1	   166.0	     1.0	560.1	3202.8	413.6	0.000	0.0	0.0	12340.56	76911.00	102813.546	24525.01	2143.61	1810.75	54.93
OliveGIS	30set19	19:28:09	D:\wx_medgold\wx_agmerra_andalusia\agmerra_1430_213_ESP.txt	-2.6250	36.8750	1	10958	12	31	2009	2627.6	0.0	7786.4	8186.4	   115.0	     1.0	95.5	1552.5	357.4	0.000	0.0	0.0	12470.71	65904.54	26602.440	8296.13	3864.50	5061.83	58.95
OliveGIS	30set19	19:28:15	D:\wx_medgold\wx_agmerra_andalusia\agmerra_1431_209_ESP.txt	-2.3750	37.8750	1	10958	12	31	2009	2149.8	15.6	3814.0	3983.9	   156.0	     1.0	520.3	2883.8	486.2	0.000	0.2	0.7	23535.50	152033.76	156909.704	29973.51	4064.31	2961.74	71.76
OliveGIS	30set19	19:28:21	D:\wx_medgold\wx_agmerra_andalusia\agmerra_1431_210_ESP.txt	-2.3750	37.6250	1	10958	12	31	2009	2277.9	11.2	4679.3	5994.3	   152.0	     1.0	449.4	2817.7	460.4	0.000	0.0	0.0	35485.56	237130.67	257006.129	53970.80	6834.55	4623.26	75.35
OliveGIS	30set19	19:28:27	D:\wx_medgold\wx_agmerra_andalusia\agmerra_1431_211_ESP.txt	-2.3750	37.3750	1	10958	12	31	2009	2190.6	10.5	4492.7	6088.8	   154.0	     1.0	443.7	2978.1	333.9	0.000	0.0	0.0	34471.67	218312.69	249369.004	47450.32	6335.69	4479.31	71.47
OliveGIS	30set19	19:28:33	D:\wx_medgold\wx_agmerra_andalusia\agmerra_1431_212_ESP.txt	-2.3750	37.1250	1	10958	12	31	2009	2545.8	1.2	6656.4	6734.0	   142.0	     1.0	244.9	2835.4	397.6	0.000	0.0	0.0	41907.87	266896.15	280507.607	124066.52	9951.14	5880.63	83.91
OliveGIS	30set19	19:28:43	D:\wx_medgold\wx_agmerra_andalusia\agmerra_1431_213_ESP.txt	-2.3750	36.8750	1	10958	12	31	2009	2625.9	0.0	7850.6	8233.9	   113.0	     1.0	78.1	1440.8	275.4	0.000	0.0	0.0	11826.66	63384.90	25658.440	7556.08	3804.17	5006.04	57.99
OliveGIS	30set19	19:28:49	D:\wx_medgold\wx_agmerra_andalusia\agmerra_1432_209_ESP.txt	-2.1250	37.8750	1	10958	12	31	2009	2257.3	10.6	4760.8	6244.7	   153.0	     1.0	441.7	2874.7	464.8	0.000	0.0	0.3	35301.60	229836.97	256672.839	53600.76	6830.04	4716.01	73.68
OliveGIS	30set19	19:28:56	D:\wx_medgold\wx_agmerra_andalusia\agmerra_1432_210_ESP.txt	-2.1250	37.6250	1	10958	12	31	2009	2487.4	6.1	6555.1	6683.3	   144.0	     1.0	340.2	2698.6	460.5	0.000	0.0	0.0	37164.58	237418.70	255074.256	83242.85	8484.50	5416.16	78.99
OliveGIS	30set19	19:29:03	D:\wx_medgold\wx_agmerra_andalusia\agmerra_1432_211_ESP.txt	-2.1250	37.3750	1	10958	12	31	2009	2427.0	4.1	6278.5	6391.9	   145.0	     1.0	308.3	2877.7	338.2	0.000	0.0	0.0	39864.30	252072.36	272968.276	95082.67	8831.89	5360.82	81.49
OliveGIS	30set19	19:29:10	D:\wx_medgold\wx_agmerra_andalusia\agmerra_1432_212_ESP.txt	-2.1250	37.1250	1	10958	12	31	2009	2606.4	0.0	6883.0	6970.7	   133.0	     1.0	123.8	2694.7	319.2	0.000	0.0	0.0	38838.19	212173.42	178385.065	129158.33	9956.17	6355.20	85.77
OliveGIS	30set19	19:29:20	D:\wx_medgold\wx_agmerra_andalusia\agmerra_1432_213_ESP.txt	-2.1250	36.8750	1	10958	12	31	2009	2632.4	0.0	9028.1	9407.3	   103.0	     1.0	37.7	1235.2	267.5	0.000	0.0	0.0	12308.08	68710.94	28264.090	8502.42	4334.76	5546.40	56.31
OliveGIS	30set19	19:29:29	D:\wx_medgold\wx_agmerra_andalusia\agmerra_1433_211_ESP.txt	-1.8750	37.3750	1	10958	12	31	2009	2620.3	0.3	7813.6	8282.5	   121.0	     1.0	134.5	1678.7	362.1	0.000	0.0	0.0	14193.46	75015.49	29132.245	13690.69	3990.50	5122.76	59.37
OliveGIS	30set19	19:29:38	D:\wx_medgold\wx_agmerra_andalusia\agmerra_1433_212_ESP.txt	-1.8750	37.1250	1	10958	12	31	2009	2629.3	0.0	8264.0	8632.4	   109.0	     1.0	48.0	1408.1	304.9	0.000	0.0	0.0	14682.81	78567.74	34266.555	10794.62	4896.29	5768.98	64.05
