Model	Date	Time	WxFile	Long	Lat	JdStart	DysToOut	Month	Day	Year	dd	ddbZero	FruWgt	fruNum	Bloomday	BloomYr	DDBSum	ChillHD	PrcpYrSum	TempIncr	ddbMinus10	ddbMinus83	OFEgDays	OFLrDays	OFPuDays	OFAdDays	OfPupSum	DamFrSum	PrcntAtkd
OliveGIS	30set19	19:10:01	D:\wx_medgold\wx_agmerra_andalusia\agmerra_1411_210_ESP.txt	-7.3750	37.6250	1	8766	12	31	2003	2648.1	0.1	8042.7	8421.0	   106.0	     1.0	63.9	1689.2	653.2	0.000	0.0	0.0	17344.83	85970.48	35820.349	31245.01	4627.88	5716.66	64.59
OliveGIS	30set19	19:10:11	D:\wx_medgold\wx_agmerra_andalusia\agmerra_1411_211_ESP.txt	-7.3750	37.3750	1	8766	12	31	2003	2650.3	0.0	7659.8	7867.9	   106.0	     1.0	64.0	1681.4	677.3	0.000	0.0	0.0	17724.87	88604.24	37870.151	28164.99	4899.33	5640.17	68.15
OliveGIS	30set19	19:10:19	D:\wx_medgold\wx_agmerra_andalusia\agmerra_1412_209_ESP.txt	-7.1250	37.8750	1	8766	12	31	2003	2628.0	0.3	7007.9	7560.5	   115.0	     1.0	80.7	2015.4	700.7	0.000	0.0	0.0	19711.60	95262.88	40929.639	102776.58	4956.06	5666.19	71.13
OliveGIS	30set19	19:10:26	D:\wx_medgold\wx_agmerra_andalusia\agmerra_1412_210_ESP.txt	-7.1250	37.6250	1	8766	12	31	2003	2650.0	0.1	8030.4	8461.5	   108.0	     1.0	68.6	1745.6	717.5	0.000	0.0	0.0	18781.06	93133.28	39631.111	40070.71	5116.33	6012.19	67.25
OliveGIS	30set19	19:10:34	D:\wx_medgold\wx_agmerra_andalusia\agmerra_1412_211_ESP.txt	-7.1250	37.3750	1	8766	12	31	2003	2637.0	0.0	7784.2	8066.3	   107.0	     1.0	68.9	1679.0	696.0	0.000	0.0	0.0	16979.15	85216.54	36205.938	29079.74	4728.70	5606.78	66.33
OliveGIS	30set19	19:10:41	D:\wx_medgold\wx_agmerra_andalusia\agmerra_1413_208_ESP.txt	-6.8750	38.1250	1	8766	12	31	2003	2623.6	1.3	6502.8	7124.8	   120.0	     1.0	107.4	2126.8	718.1	0.000	0.0	0.0	15519.66	74734.75	29848.140	86126.53	3676.68	4783.47	64.02
OliveGIS	30set19	19:10:48	D:\wx_medgold\wx_agmerra_andalusia\agmerra_1413_209_ESP.txt	-6.8750	37.8750	1	8766	12	31	2003	2637.9	0.3	7751.5	8277.2	   110.0	     1.0	78.5	1910.7	835.0	0.000	0.0	0.0	18210.19	88329.15	37099.032	48424.28	4669.81	5738.99	65.83
OliveGIS	30set19	19:10:56	D:\wx_medgold\wx_agmerra_andalusia\agmerra_1413_210_ESP.txt	-6.8750	37.6250	1	8766	12	31	2003	2644.3	0.1	7464.6	7808.4	   103.0	     1.0	63.7	1591.7	864.3	0.000	0.0	0.0	12471.31	62703.51	25365.566	13523.04	3429.58	4659.18	56.93
OliveGIS	30set19	19:11:07	D:\wx_medgold\wx_agmerra_andalusia\agmerra_1413_211_ESP.txt	-6.8750	37.3750	1	8766	12	31	2003	2638.3	0.0	7744.2	8025.9	   103.0	     1.0	62.8	1571.2	763.5	0.000	0.0	0.0	13729.02	69812.51	28873.024	15809.54	3913.72	5034.06	59.99
OliveGIS	30set19	19:11:14	D:\wx_medgold\wx_agmerra_andalusia\agmerra_1414_209_ESP.txt	-6.6250	37.8750	1	8766	12	31	2003	2634.4	0.5	7079.7	7587.3	   115.0	     1.0	88.8	2024.5	853.7	0.000	0.0	0.0	18667.39	91492.55	38785.028	84356.49	4695.58	5542.09	69.22
OliveGIS	30set19	19:11:22	D:\wx_medgold\wx_agmerra_andalusia\agmerra_1414_210_ESP.txt	-6.6250	37.6250	1	8766	12	31	2003	2648.6	0.1	7579.0	7993.7	   106.0	     1.0	69.2	1678.6	851.9	0.000	0.0	0.0	14054.25	70060.77	28616.427	21470.15	3810.63	5031.95	59.83
OliveGIS	30set19	19:11:30	D:\wx_medgold\wx_agmerra_andalusia\agmerra_1414_211_ESP.txt	-6.6250	37.3750	1	8766	12	31	2003	2636.7	0.2	7615.6	7972.0	   104.0	     1.0	70.1	1572.1	765.4	0.000	0.0	0.0	13520.10	69011.06	28696.318	11645.01	3920.37	5001.95	59.90
OliveGIS	30set19	19:11:38	D:\wx_medgold\wx_agmerra_andalusia\agmerra_1414_212_ESP.txt	-6.6250	37.1250	1	8766	12	31	2003	2662.7	0.0	9625.5	9792.9	    92.0	     1.0	24.8	1339.2	664.0	0.000	0.0	0.0	16907.75	88980.85	36199.443	10693.66	5089.00	6280.02	61.32
OliveGIS	30set19	19:11:46	D:\wx_medgold\wx_agmerra_andalusia\agmerra_1415_209_ESP.txt	-6.3750	37.8750	1	8766	12	31	2003	2632.9	0.8	6631.7	7142.4	   116.0	     1.0	96.5	1961.3	770.6	0.000	0.0	0.0	13486.84	66342.61	26900.299	54180.25	3472.94	4596.85	61.12
OliveGIS	30set19	19:11:54	D:\wx_medgold\wx_agmerra_andalusia\agmerra_1415_210_ESP.txt	-6.3750	37.6250	1	8766	12	31	2003	2647.7	0.2	7516.4	7951.0	   106.0	     1.0	74.2	1614.0	754.5	0.000	0.0	0.0	8438.47	42505.19	17029.588	8042.44	2368.84	3688.56	44.04
OliveGIS	30set19	19:12:03	D:\wx_medgold\wx_agmerra_andalusia\agmerra_1415_211_ESP.txt	-6.3750	37.3750	1	8766	12	31	2003	2640.4	0.0	8072.2	8510.1	    98.0	     1.0	54.6	1313.9	742.7	0.000	0.0	0.0	4870.01	24789.63	8328.555	2640.41	1462.46	2622.75	29.04
OliveGIS	30set19	19:12:12	D:\wx_medgold\wx_agmerra_andalusia\agmerra_1415_212_ESP.txt	-6.3750	37.1250	1	8766	12	31	2003	2651.7	0.0	9884.4	10205.9	    88.0	     1.0	26.0	1048.1	697.7	0.000	0.0	0.0	6969.70	38579.24	13783.512	4659.39	2364.02	3842.41	35.75
OliveGIS	30set19	19:12:20	D:\wx_medgold\wx_agmerra_andalusia\agmerra_1415_213_ESP.txt	-6.3750	36.8750	1	8766	12	31	2003	2658.4	0.0	9161.0	9367.0	    95.0	     1.0	31.6	1338.5	728.8	0.000	0.0	0.0	17519.39	93055.53	39896.248	12236.26	5541.18	6358.79	64.91
OliveGIS	30set19	19:12:28	D:\wx_medgold\wx_agmerra_andalusia\agmerra_1416_209_ESP.txt	-6.1250	37.8750	1	8766	12	31	2003	2627.3	0.8	6857.4	7359.5	   116.0	     1.0	101.0	1924.6	757.3	0.000	0.0	0.0	13835.60	68818.32	28321.290	44941.13	3679.14	4764.48	61.58
OliveGIS	30set19	19:12:36	D:\wx_medgold\wx_agmerra_andalusia\agmerra_1416_210_ESP.txt	-6.1250	37.6250	1	8766	12	31	2003	2636.3	0.3	7653.7	8097.6	   105.0	     1.0	76.3	1545.8	726.3	0.000	0.0	0.0	6677.88	34455.82	13738.087	4301.71	2001.55	3174.35	37.20
OliveGIS	30set19	19:12:45	D:\wx_medgold\wx_agmerra_andalusia\agmerra_1416_211_ESP.txt	-6.1250	37.3750	1	8766	12	31	2003	2640.0	0.2	8066.7	8566.4	    98.0	     1.0	63.6	1244.1	714.9	0.000	0.0	0.0	3949.99	20589.68	7193.354	2330.92	1289.89	2252.40	24.57
OliveGIS	30set19	19:12:54	D:\wx_medgold\wx_agmerra_andalusia\agmerra_1416_212_ESP.txt	-6.1250	37.1250	1	8766	12	31	2003	2666.2	0.1	9305.6	9718.5	    91.0	     1.0	42.6	996.7	704.7	0.000	0.0	0.0	5625.87	31807.22	11411.293	4085.38	2004.41	3288.49	31.82
OliveGIS	30set19	19:13:03	D:\wx_medgold\wx_agmerra_andalusia\agmerra_1416_213_ESP.txt	-6.1250	36.8750	1	8766	12	31	2003	2652.4	0.5	8610.9	8931.2	    98.0	     1.0	58.4	1243.8	747.1	0.000	0.0	0.0	8856.77	47137.87	17137.551	4591.74	2717.22	4194.88	44.71
OliveGIS	30set19	19:13:11	D:\wx_medgold\wx_agmerra_andalusia\agmerra_1416_214_ESP.txt	-6.1250	36.6250	1	8766	12	31	2003	2646.2	0.1	8602.6	8776.5	    96.0	     1.0	38.2	1432.3	716.7	0.000	0.0	0.0	19166.01	99818.67	44915.994	15220.47	5905.31	6337.62	69.24
OliveGIS	30set19	19:13:21	D:\wx_medgold\wx_agmerra_andalusia\agmerra_1416_215_ESP.txt	-6.1250	36.3750	1	8766	12	31	2003	2657.6	0.1	9392.8	9734.1	    94.0	     1.0	44.0	1096.9	655.8	0.000	0.0	0.0	6051.62	33189.06	11960.659	3492.56	2029.83	3473.69	33.71
OliveGIS	30set19	19:13:29	D:\wx_medgold\wx_agmerra_andalusia\agmerra_1417_208_ESP.txt	-5.8750	38.1250	1	8766	12	31	2003	2613.7	2.2	6773.1	7424.9	   124.0	     1.0	137.3	2086.9	624.4	0.000	0.0	0.0	14956.79	73392.21	29619.507	49466.10	3654.00	4842.63	62.34
OliveGIS	30set19	19:13:36	D:\wx_medgold\wx_agmerra_andalusia\agmerra_1417_209_ESP.txt	-5.8750	37.8750	1	8766	12	31	2003	2633.7	0.8	6788.8	7328.0	   114.0	     1.0	99.1	1831.3	713.8	0.000	0.0	0.0	11168.71	55530.27	22290.668	17864.70	2993.42	4274.04	55.39
OliveGIS	30set19	19:13:44	D:\wx_medgold\wx_agmerra_andalusia\agmerra_1417_210_ESP.txt	-5.8750	37.6250	1	8766	12	31	2003	2648.1	0.3	7635.7	8100.4	   103.0	     1.0	75.4	1461.6	663.6	0.000	0.0	0.0	5841.23	30765.89	11364.387	3138.15	1800.45	2956.04	34.43
OliveGIS	30set19	19:13:53	D:\wx_medgold\wx_agmerra_andalusia\agmerra_1417_211_ESP.txt	-5.8750	37.3750	1	8766	12	31	2003	2645.6	0.1	8783.1	9328.6	    95.0	     1.0	56.0	1135.5	723.3	0.000	0.0	0.0	3509.42	18166.18	6367.663	2545.42	1199.49	2127.71	21.18
OliveGIS	30set19	19:14:04	D:\wx_medgold\wx_agmerra_andalusia\agmerra_1417_212_ESP.txt	-5.8750	37.1250	1	8766	12	31	2003	2657.8	0.1	9290.3	9725.9	    91.0	     1.0	46.5	1067.9	693.2	0.000	0.0	0.0	4576.31	25558.59	9069.215	3380.94	1640.21	2773.72	26.65
OliveGIS	30set19	19:14:13	D:\wx_medgold\wx_agmerra_andalusia\agmerra_1417_213_ESP.txt	-5.8750	36.8750	1	8766	12	31	2003	2640.7	0.5	7890.9	8181.9	   101.0	     1.0	58.0	1465.7	663.9	0.000	0.0	0.0	10789.54	56644.67	22383.976	7584.25	3279.22	4533.30	53.00
OliveGIS	30set19	19:14:21	D:\wx_medgold\wx_agmerra_andalusia\agmerra_1417_214_ESP.txt	-5.8750	36.6250	1	8766	12	31	2003	2650.5	0.2	8482.9	8653.3	    97.0	     1.0	37.1	1570.9	771.8	0.000	0.0	0.0	19009.76	98194.20	43485.394	15295.98	5713.84	6254.87	68.94
OliveGIS	30set19	19:14:29	D:\wx_medgold\wx_agmerra_andalusia\agmerra_1417_215_ESP.txt	-5.8750	36.3750	1	8766	12	31	2003	2655.9	0.0	8516.4	8626.8	    98.0	     1.0	31.1	1610.6	833.7	0.000	0.0	0.0	24017.21	119852.45	55536.028	28067.06	6925.70	6816.88	75.19
OliveGIS	30set19	19:14:36	D:\wx_medgold\wx_agmerra_andalusia\agmerra_1418_208_ESP.txt	-5.6250	38.1250	1	8766	12	31	2003	2624.9	2.1	7055.1	7762.0	   123.0	     1.0	134.9	1984.7	631.2	0.000	0.0	0.0	12323.61	60547.01	23456.878	28035.79	3085.31	4494.60	55.14
OliveGIS	30set19	19:14:44	D:\wx_medgold\wx_agmerra_andalusia\agmerra_1418_209_ESP.txt	-5.6250	37.8750	1	8766	12	31	2003	2639.2	0.9	7193.7	7757.8	   112.0	     1.0	96.9	1680.3	704.4	0.000	0.0	0.0	8157.20	40710.55	16221.373	8486.97	2261.46	3589.83	43.88
OliveGIS	30set19	19:14:53	D:\wx_medgold\wx_agmerra_andalusia\agmerra_1418_210_ESP.txt	-5.6250	37.6250	1	8766	12	31	2003	2640.2	0.5	7520.8	7966.7	   101.0	     1.0	76.4	1349.3	649.8	0.000	0.0	0.0	5952.78	30952.84	10791.566	3062.60	1807.09	3039.46	36.17
OliveGIS	30set19	19:15:01	D:\wx_medgold\wx_agmerra_andalusia\agmerra_1418_211_ESP.txt	-5.6250	37.3750	1	8766	12	31	2003	2650.0	0.3	8094.1	8572.7	    97.0	     1.0	62.0	1173.5	711.0	0.000	0.0	0.0	4066.82	21008.17	7450.231	2553.95	1343.19	2337.42	25.49
OliveGIS	30set19	19:15:10	D:\wx_medgold\wx_agmerra_andalusia\agmerra_1418_212_ESP.txt	-5.6250	37.1250	1	8766	12	31	2003	2640.4	0.3	8178.1	8555.6	    97.0	     1.0	58.5	1351.4	696.3	0.000	0.0	0.0	7216.70	37762.15	13401.084	3701.69	2194.88	3609.13	40.13
OliveGIS	30set19	19:15:18	D:\wx_medgold\wx_agmerra_andalusia\agmerra_1418_213_ESP.txt	-5.6250	36.8750	1	8766	12	31	2003	2637.7	0.9	7393.9	7656.9	   110.0	     1.0	76.1	1820.7	702.8	0.000	0.0	0.0	15970.24	80863.38	34165.588	39011.70	4460.75	5309.32	66.05
OliveGIS	30set19	19:15:26	D:\wx_medgold\wx_agmerra_andalusia\agmerra_1418_214_ESP.txt	-5.6250	36.6250	1	8766	12	31	2003	2646.4	0.2	7532.6	7656.7	   105.0	     1.0	46.5	1881.1	823.3	0.000	0.0	0.0	21395.30	105845.72	46459.965	53174.39	5795.11	5990.00	74.15
OliveGIS	30set19	19:15:34	D:\wx_medgold\wx_agmerra_andalusia\agmerra_1418_215_ESP.txt	-5.6250	36.3750	1	8766	12	31	2003	2647.0	0.0	7569.5	7649.8	   103.0	     1.0	37.7	1819.2	1002.9	0.000	0.0	0.0	23498.19	115142.55	52109.694	47379.82	6384.68	6201.58	77.01
OliveGIS	30set19	19:15:41	D:\wx_medgold\wx_agmerra_andalusia\agmerra_1418_216_ESP.txt	-5.6250	36.1250	1	8766	12	31	2003	2656.2	0.0	9431.8	9451.6	    93.0	     1.0	6.7	1745.0	729.4	0.000	0.0	0.0	40524.32	197363.01	99827.284	49318.78	10893.04	8346.89	83.62
OliveGIS	30set19	19:15:48	D:\wx_medgold\wx_agmerra_andalusia\agmerra_1419_207_ESP.txt	-5.3750	38.3750	1	8766	12	31	2003	2616.5	3.5	6606.7	7316.1	   130.0	     1.0	171.8	2101.5	568.1	0.000	0.0	0.0	14296.29	70118.06	28338.939	44549.93	3427.35	4664.98	60.66
OliveGIS	30set19	19:15:56	D:\wx_medgold\wx_agmerra_andalusia\agmerra_1419_208_ESP.txt	-5.3750	38.1250	1	8766	12	31	2003	2614.6	2.5	7033.7	7810.9	   125.0	     1.0	147.0	1963.4	598.8	0.000	0.0	0.0	11030.93	53808.80	20685.489	24686.32	2778.90	4223.27	51.65
OliveGIS	30set19	19:16:04	D:\wx_medgold\wx_agmerra_andalusia\agmerra_1419_209_ESP.txt	-5.3750	37.8750	1	8766	12	31	2003	2626.6	0.5	7710.5	8413.0	   106.0	     1.0	81.9	1395.2	698.4	0.000	0.0	0.0	4102.38	21713.59	8404.011	2416.39	1386.61	2296.52	25.54
OliveGIS	30set19	19:16:13	D:\wx_medgold\wx_agmerra_andalusia\agmerra_1419_210_ESP.txt	-5.3750	37.6250	1	8766	12	31	2003	2645.9	0.3	8017.9	8630.0	    97.0	     1.0	66.4	1129.5	627.9	0.000	0.0	0.0	2816.26	15046.81	5740.500	2269.87	996.81	1780.43	19.00
OliveGIS	30set19	19:16:22	D:\wx_medgold\wx_agmerra_andalusia\agmerra_1419_211_ESP.txt	-5.3750	37.3750	1	8766	12	31	2003	2648.9	0.4	7805.4	8236.7	   100.0	     1.0	67.4	1295.1	689.3	0.000	0.0	0.0	6634.49	34969.25	12348.953	3327.20	2043.85	3353.45	38.62
OliveGIS	30set19	19:16:29	D:\wx_medgold\wx_agmerra_andalusia\agmerra_1419_212_ESP.txt	-5.3750	37.1250	1	8766	12	31	2003	2635.0	0.6	7465.8	7827.2	   106.0	     1.0	73.0	1714.6	714.9	0.000	0.0	0.0	11390.21	58254.03	23341.062	9533.61	3251.53	4511.29	55.05
OliveGIS	30set19	19:16:37	D:\wx_medgold\wx_agmerra_andalusia\agmerra_1419_213_ESP.txt	-5.3750	36.8750	1	8766	12	31	2003	2612.9	2.9	6524.3	6549.7	   135.0	     1.0	149.0	2687.4	729.3	0.000	0.0	0.0	31293.86	179276.70	198764.484	54565.99	7608.62	5610.30	80.45
OliveGIS	30set19	19:16:45	D:\wx_medgold\wx_agmerra_andalusia\agmerra_1419_214_ESP.txt	-5.3750	36.6250	1	8766	12	31	2003	2620.2	0.9	6240.9	6209.1	   130.0	     1.0	93.6	2806.5	830.3	0.000	0.0	0.0	33792.67	186063.00	184066.334	135220.25	8177.58	5602.46	83.85
OliveGIS	30set19	19:16:52	D:\wx_medgold\wx_agmerra_andalusia\agmerra_1419_215_ESP.txt	-5.3750	36.3750	1	8766	12	31	2003	2645.4	0.0	7278.3	7377.4	   106.0	     1.0	41.8	1853.9	879.1	0.000	0.0	0.0	21123.40	105149.72	45839.886	36076.78	5681.54	5791.13	74.56
OliveGIS	30set19	19:17:00	D:\wx_medgold\wx_agmerra_andalusia\agmerra_1420_206_ESP.txt	-5.1250	38.6250	1	8766	12	31	2003	2617.4	2.5	6365.4	7113.9	   129.0	     1.0	161.8	2074.2	523.6	0.000	0.0	0.0	11773.57	57538.04	22199.581	30735.30	2793.52	4107.12	55.12
OliveGIS	30set19	19:17:07	D:\wx_medgold\wx_agmerra_andalusia\agmerra_1420_207_ESP.txt	-5.1250	38.3750	1	8766	12	31	2003	2606.7	3.4	6778.4	7457.0	   131.0	     1.0	176.2	2133.8	569.3	0.000	0.0	0.0	15045.68	73901.02	30210.167	43421.60	3611.20	4811.47	61.68
OliveGIS	30set19	19:17:15	D:\wx_medgold\wx_agmerra_andalusia\agmerra_1420_208_ESP.txt	-5.1250	38.1250	1	8766	12	31	2003	2614.0	2.5	7289.0	8080.6	   124.0	     1.0	147.7	1906.7	598.3	0.000	0.0	0.0	11111.20	54840.54	20996.102	15860.55	2870.75	4341.47	51.35
OliveGIS	30set19	19:17:24	D:\wx_medgold\wx_agmerra_andalusia\agmerra_1420_209_ESP.txt	-5.1250	37.8750	1	8766	12	31	2003	2641.4	0.6	7486.6	8170.1	   105.0	     1.0	83.8	1317.6	673.9	0.000	0.0	0.0	4193.76	21857.61	7585.200	2204.23	1338.91	2331.19	26.68
OliveGIS	30set19	19:17:33	D:\wx_medgold\wx_agmerra_andalusia\agmerra_1420_210_ESP.txt	-5.1250	37.6250	1	8766	12	31	2003	2632.3	0.4	8048.3	8687.1	    98.0	     1.0	70.1	1140.2	609.9	0.000	0.0	0.0	2823.12	14987.73	5694.404	2250.14	989.53	1787.48	19.00
OliveGIS	30set19	19:17:42	D:\wx_medgold\wx_agmerra_andalusia\agmerra_1420_211_ESP.txt	-5.1250	37.3750	1	8766	12	31	2003	2639.2	0.5	7618.2	8069.6	   102.0	     1.0	72.0	1329.9	693.5	0.000	0.0	0.0	6790.39	36294.88	13181.357	3758.90	2126.66	3383.81	39.83
OliveGIS	30set19	19:17:50	D:\wx_medgold\wx_agmerra_andalusia\agmerra_1420_212_ESP.txt	-5.1250	37.1250	1	8766	12	31	2003	2629.8	0.7	7264.7	7636.7	   108.0	     1.0	76.6	1719.1	704.2	0.000	0.0	0.0	10411.15	52970.90	20962.101	11919.01	2938.28	4215.72	52.75
OliveGIS	30set19	19:17:58	D:\wx_medgold\wx_agmerra_andalusia\agmerra_1420_213_ESP.txt	-5.1250	36.8750	1	8766	12	31	2003	2616.3	2.0	6628.9	6649.1	   135.0	     1.0	139.8	2652.8	723.6	0.000	0.0	0.0	31305.32	183072.51	192615.104	72578.67	7714.56	5641.44	80.00
OliveGIS	30set19	19:18:05	D:\wx_medgold\wx_agmerra_andalusia\agmerra_1420_214_ESP.txt	-5.1250	36.6250	1	8766	12	31	2003	2625.9	0.0	6622.0	6582.5	   125.0	     1.0	64.4	2728.6	776.4	0.000	0.0	0.0	35559.73	198306.46	158232.205	94618.65	9107.28	6027.29	85.18
OliveGIS	30set19	19:18:14	D:\wx_medgold\wx_agmerra_andalusia\agmerra_1421_206_ESP.txt	-4.8750	38.6250	1	8766	12	31	2003	2614.8	2.0	6664.3	7513.9	   125.0	     1.0	151.4	1933.9	534.3	0.000	0.0	0.0	10117.32	49237.06	18491.631	18571.21	2525.58	3942.26	49.99
OliveGIS	30set19	19:18:21	D:\wx_medgold\wx_agmerra_andalusia\agmerra_1421_207_ESP.txt	-4.8750	38.3750	1	8766	12	31	2003	2606.9	5.1	6446.9	6988.5	   135.0	     1.0	209.5	2291.9	579.5	0.000	0.0	0.0	21866.98	105906.32	87805.775	38138.13	4741.97	5342.82	72.60
OliveGIS	30set19	19:18:29	D:\wx_medgold\wx_agmerra_andalusia\agmerra_1421_208_ESP.txt	-4.8750	38.1250	1	8766	12	31	2003	2618.6	3.7	6791.8	7520.0	   129.0	     1.0	174.1	1991.4	543.9	0.000	0.0	0.0	12689.45	62167.48	24438.018	31056.94	3077.47	4467.00	56.64
OliveGIS	30set19	19:18:38	D:\wx_medgold\wx_agmerra_andalusia\agmerra_1421_209_ESP.txt	-4.8750	37.8750	1	8766	12	31	2003	2627.9	1.2	7511.1	8313.3	   111.0	     1.0	101.3	1436.6	692.5	0.000	0.0	0.0	4171.10	22796.96	9673.234	3734.90	1470.87	2332.48	26.14
OliveGIS	30set19	19:18:48	D:\wx_medgold\wx_agmerra_andalusia\agmerra_1421_210_ESP.txt	-4.8750	37.6250	1	8766	12	31	2003	2631.8	0.9	7776.8	8490.7	   107.0	     1.0	88.2	1353.0	633.8	0.000	0.0	0.0	4764.69	25367.96	9230.018	2980.23	1540.08	2627.40	29.19
OliveGIS	30set19	19:18:57	D:\wx_medgold\wx_agmerra_andalusia\agmerra_1421_211_ESP.txt	-4.8750	37.3750	1	8766	12	31	2003	2632.9	1.0	7199.0	7669.6	   114.0	     1.0	91.6	1734.3	673.8	0.000	0.0	0.0	11120.31	56449.55	22072.383	10914.05	3030.83	4352.78	54.22
OliveGIS	30set19	19:19:05	D:\wx_medgold\wx_agmerra_andalusia\agmerra_1421_212_ESP.txt	-4.8750	37.1250	1	8766	12	31	2003	2629.7	1.1	7210.8	7550.2	   118.0	     1.0	93.2	2042.8	666.9	0.000	0.0	0.0	15281.70	75021.57	29597.268	40217.58	3799.08	4994.98	63.18
OliveGIS	30set19	19:19:14	D:\wx_medgold\wx_agmerra_andalusia\agmerra_1421_213_ESP.txt	-4.8750	36.8750	1	8766	12	31	2003	2628.0	0.6	7287.9	7487.2	   118.0	     1.0	87.3	2075.9	757.8	0.000	0.0	0.0	17878.96	90057.18	37556.119	42045.37	4655.00	5359.04	68.25
OliveGIS	30set19	19:19:23	D:\wx_medgold\wx_agmerra_andalusia\agmerra_1421_214_ESP.txt	-4.8750	36.6250	1	8766	12	31	2003	2655.6	0.0	7794.4	7895.3	   103.0	     1.0	22.4	1917.1	764.5	0.000	0.0	0.0	22203.94	111381.21	48588.253	20987.39	6027.14	6140.84	73.91
OliveGIS	30set19	19:19:30	D:\wx_medgold\wx_agmerra_andalusia\agmerra_1422_207_ESP.txt	-4.6250	38.3750	1	8766	12	31	2003	2610.4	5.3	6494.5	6989.0	   136.0	     1.0	216.6	2308.9	583.1	0.000	0.0	0.0	23424.39	116004.56	89463.189	41303.75	5035.05	5410.76	73.59
OliveGIS	30set19	19:19:39	D:\wx_medgold\wx_agmerra_andalusia\agmerra_1422_208_ESP.txt	-4.6250	38.1250	1	8766	12	31	2003	2609.4	3.9	6541.0	7234.6	   126.0	     1.0	177.5	1930.3	527.2	0.000	0.0	0.0	11777.50	57614.33	22404.840	23733.12	2864.42	4212.69	55.67
OliveGIS	30set19	19:19:49	D:\wx_medgold\wx_agmerra_andalusia\agmerra_1422_209_ESP.txt	-4.6250	37.8750	1	8766	12	31	2003	2620.3	1.3	7535.8	8350.7	   111.0	     1.0	106.0	1391.7	642.3	0.000	0.0	0.0	4258.70	23434.63	9374.968	3156.19	1471.60	2392.34	26.86
OliveGIS	30set19	19:19:59	D:\wx_medgold\wx_agmerra_andalusia\agmerra_1422_210_ESP.txt	-4.6250	37.6250	1	8766	12	31	2003	2641.6	1.1	7393.3	8107.0	   109.0	     1.0	96.6	1413.7	621.3	0.000	0.0	0.0	5147.12	28184.21	10814.058	4680.94	1698.13	2760.77	32.00
OliveGIS	30set19	19:20:08	D:\wx_medgold\wx_agmerra_andalusia\agmerra_1422_211_ESP.txt	-4.6250	37.3750	1	8766	12	31	2003	2635.3	1.2	6997.0	7468.7	   117.0	     1.0	100.4	1798.6	665.0	0.000	0.0	0.0	12494.43	63270.45	25065.148	25479.18	3387.25	4598.07	58.58
OliveGIS	30set19	19:20:18	D:\wx_medgold\wx_agmerra_andalusia\agmerra_1422_212_ESP.txt	-4.6250	37.1250	1	8766	12	31	2003	2624.7	1.2	7111.3	7471.3	   118.0	     1.0	96.8	2011.6	677.5	0.000	0.0	0.0	15651.33	76919.24	30985.935	40226.27	3940.12	5063.66	64.57
OliveGIS	30set19	19:20:27	D:\wx_medgold\wx_agmerra_andalusia\agmerra_1422_213_ESP.txt	-4.6250	36.8750	1	8766	12	31	2003	2639.0	0.2	7287.4	7509.1	   117.0	     1.0	77.4	1972.3	732.0	0.000	0.0	0.0	17402.90	88400.76	36684.820	27632.55	4645.74	5356.56	67.78
OliveGIS	30set19	19:20:36	D:\wx_medgold\wx_agmerra_andalusia\agmerra_1422_214_ESP.txt	-4.6250	36.6250	1	8766	12	31	2003	2658.3	0.0	8359.7	8497.4	    97.0	     1.0	9.6	1687.0	638.1	0.000	0.0	0.0	23371.07	116760.86	52925.584	17556.21	6683.60	6674.88	74.77
OliveGIS	30set19	19:20:44	D:\wx_medgold\wx_agmerra_andalusia\agmerra_1423_208_ESP.txt	-4.3750	38.1250	1	8766	12	31	2003	2608.3	3.1	6986.0	7823.0	   125.0	     1.0	168.3	1851.4	532.0	0.000	0.0	0.0	9900.21	48068.66	17551.041	17075.80	2423.30	3933.20	48.03
OliveGIS	30set19	19:20:55	D:\wx_medgold\wx_agmerra_andalusia\agmerra_1423_209_ESP.txt	-4.3750	37.8750	1	8766	12	31	2003	2636.1	0.7	7423.1	8307.4	   108.0	     1.0	89.9	1251.4	616.2	0.000	0.0	0.0	2944.80	16152.80	6166.774	2053.71	1073.29	1818.70	20.20
OliveGIS	30set19	19:21:05	D:\wx_medgold\wx_agmerra_andalusia\agmerra_1423_210_ESP.txt	-4.3750	37.6250	1	8766	12	31	2003	2636.0	0.7	7216.4	8004.3	   110.0	     1.0	89.5	1412.8	605.1	0.000	0.0	0.0	5081.82	27654.91	10506.086	2955.83	1660.46	2744.80	32.31
OliveGIS	30set19	19:21:14	D:\wx_medgold\wx_agmerra_andalusia\agmerra_1423_211_ESP.txt	-4.3750	37.3750	1	8766	12	31	2003	2628.5	1.5	7183.6	7719.9	   120.0	     1.0	119.6	1884.7	589.2	0.000	0.0	0.0	12798.18	63098.47	24453.384	25589.47	3248.17	4626.80	57.16
OliveGIS	30set19	19:21:22	D:\wx_medgold\wx_agmerra_andalusia\agmerra_1423_212_ESP.txt	-4.3750	37.1250	1	8766	12	31	2003	2628.8	1.2	7181.4	7618.4	   119.0	     1.0	106.0	1955.8	609.3	0.000	0.0	0.0	14115.98	69638.80	27510.835	25091.86	3591.15	4864.25	60.81
OliveGIS	30set19	19:21:32	D:\wx_medgold\wx_agmerra_andalusia\agmerra_1423_213_ESP.txt	-4.3750	36.8750	1	8766	12	31	2003	2628.1	0.4	7368.6	7686.8	   117.0	     1.0	92.8	1874.1	734.0	0.000	0.0	0.0	13990.10	69192.82	27590.868	14831.33	3715.63	4937.59	61.28
OliveGIS	30set19	19:21:41	D:\wx_medgold\wx_agmerra_andalusia\agmerra_1424_207_ESP.txt	-4.1250	38.3750	1	8766	12	31	2003	2602.7	5.3	6776.4	7494.2	   134.0	     1.0	219.2	2111.7	536.8	0.000	0.0	0.0	17307.77	85203.66	46161.243	39267.26	4152.95	5206.43	66.00
OliveGIS	30set19	19:21:49	D:\wx_medgold\wx_agmerra_andalusia\agmerra_1424_208_ESP.txt	-4.1250	38.1250	1	8766	12	31	2003	2601.5	3.8	7146.4	7991.0	   124.0	     1.0	178.9	1810.0	492.7	0.000	0.0	0.0	10961.55	53975.26	20369.913	12579.00	2764.28	4270.16	51.01
OliveGIS	30set19	19:21:59	D:\wx_medgold\wx_agmerra_andalusia\agmerra_1424_209_ESP.txt	-4.1250	37.8750	1	8766	12	31	2003	2634.9	0.9	8566.6	9599.3	   110.0	     1.0	101.3	1320.0	583.2	0.000	0.0	0.0	3416.61	18566.85	7636.386	1838.91	1214.45	2087.84	20.06
OliveGIS	30set19	19:22:07	D:\wx_medgold\wx_agmerra_andalusia\agmerra_1424_210_ESP.txt	-4.1250	37.6250	1	8766	12	31	2003	2626.0	1.0	6813.4	7585.8	   117.0	     1.0	110.4	1650.9	595.3	0.000	0.0	0.0	7914.02	39320.69	14871.384	7769.30	2135.04	3542.82	44.41
OliveGIS	30set19	19:22:15	D:\wx_medgold\wx_agmerra_andalusia\agmerra_1424_211_ESP.txt	-4.1250	37.3750	1	8766	12	31	2003	2612.9	1.9	7013.6	7470.6	   127.0	     1.0	145.9	2141.6	578.4	0.000	0.0	0.0	17737.20	87638.54	37031.262	57622.75	4372.63	5291.62	67.68
OliveGIS	30set19	19:22:24	D:\wx_medgold\wx_agmerra_andalusia\agmerra_1424_212_ESP.txt	-4.1250	37.1250	1	8766	12	31	2003	2612.3	1.4	6753.3	7176.1	   122.0	     1.0	119.4	2050.4	596.8	0.000	0.0	0.0	15838.24	79074.47	33201.126	35385.51	4092.05	4985.55	66.44
OliveGIS	30set19	19:22:35	D:\wx_medgold\wx_agmerra_andalusia\agmerra_1424_213_ESP.txt	-4.1250	36.8750	1	8766	12	31	2003	2629.8	0.3	7575.3	7890.3	   119.0	     1.0	94.6	1914.2	694.3	0.000	0.0	0.0	16334.47	81852.68	33122.276	26980.10	4272.80	5333.67	64.55
OliveGIS	30set19	19:22:44	D:\wx_medgold\wx_agmerra_andalusia\agmerra_1425_207_ESP.txt	-3.8750	38.3750	1	8766	12	31	2003	2615.8	2.7	6665.3	7619.9	   129.0	     1.0	172.6	1814.6	551.6	0.000	0.0	0.0	9262.78	45402.59	16620.160	12942.61	2321.46	3757.53	46.94
OliveGIS	30set19	19:22:54	D:\wx_medgold\wx_agmerra_andalusia\agmerra_1425_208_ESP.txt	-3.8750	38.1250	1	8766	12	31	2003	2625.0	1.9	7572.3	8593.6	   119.0	     1.0	141.2	1552.4	512.7	0.000	0.0	0.0	5966.33	29746.23	10732.352	3335.14	1658.67	3014.76	33.17
OliveGIS	30set19	19:23:04	D:\wx_medgold\wx_agmerra_andalusia\agmerra_1425_209_ESP.txt	-3.8750	37.8750	1	8766	12	31	2003	2633.0	0.8	8485.3	9801.7	   112.0	     1.0	102.9	1193.9	565.8	0.000	0.0	0.0	2379.54	13392.62	5264.642	1588.91	938.61	1630.13	15.08
OliveGIS	30set19	19:23:13	D:\wx_medgold\wx_agmerra_andalusia\agmerra_1425_210_ESP.txt	-3.8750	37.6250	1	8766	12	31	2003	2615.3	1.0	7075.1	8097.7	   120.0	     1.0	121.4	1623.4	611.5	0.000	0.0	0.0	6610.63	32522.75	11583.992	4849.36	1773.73	3164.09	37.28
OliveGIS	30set19	19:23:22	D:\wx_medgold\wx_agmerra_andalusia\agmerra_1425_211_ESP.txt	-3.8750	37.3750	1	8766	12	31	2003	2606.6	3.4	6929.2	7407.3	   130.0	     1.0	173.2	2096.1	450.5	0.000	0.0	0.0	17626.85	87015.48	36666.309	54428.63	4329.50	5242.75	67.59
OliveGIS	30set19	19:23:31	D:\wx_medgold\wx_agmerra_andalusia\agmerra_1425_212_ESP.txt	-3.8750	37.1250	1	8766	12	31	2003	2622.5	1.8	6904.4	7418.3	   123.0	     1.0	136.9	1939.6	458.0	0.000	0.0	0.0	14311.07	70823.71	28993.513	34893.40	3653.25	4830.16	62.10
OliveGIS	30set19	19:23:41	D:\wx_medgold\wx_agmerra_andalusia\agmerra_1425_213_ESP.txt	-3.8750	36.8750	1	8766	12	31	2003	2627.5	0.6	7515.4	8114.6	   118.0	     1.0	113.1	1583.5	635.8	0.000	0.0	0.0	9558.66	50147.51	19789.755	9625.25	2907.80	4244.68	49.98
OliveGIS	30set19	19:23:50	D:\wx_medgold\wx_agmerra_andalusia\agmerra_1426_207_ESP.txt	-3.6250	38.3750	1	8766	12	31	2003	2610.6	3.0	6975.2	7919.1	   130.0	     1.0	182.4	1827.0	518.8	0.000	0.0	0.0	10548.79	51569.47	19332.600	16327.44	2605.64	4100.24	49.50
OliveGIS	30set19	19:23:59	D:\wx_medgold\wx_agmerra_andalusia\agmerra_1426_208_ESP.txt	-3.6250	38.1250	1	8766	12	31	2003	2612.0	2.2	7806.9	8856.6	   121.0	     1.0	155.0	1583.2	482.0	0.000	0.0	0.0	7717.58	37946.28	13582.225	6843.21	2042.98	3610.71	38.90
OliveGIS	30set19	19:24:08	D:\wx_medgold\wx_agmerra_andalusia\agmerra_1426_209_ESP.txt	-3.6250	37.8750	1	8766	12	31	2003	2625.2	1.0	8337.0	9661.0	   116.0	     1.0	119.1	1300.3	541.3	0.000	0.0	0.0	3780.03	20196.08	7705.894	2038.58	1258.25	2311.29	22.30
OliveGIS	30set19	19:24:17	D:\wx_medgold\wx_agmerra_andalusia\agmerra_1426_210_ESP.txt	-3.6250	37.6250	1	8766	12	31	2003	2610.8	1.5	6660.5	7512.5	   124.0	     1.0	148.1	1799.9	576.4	0.000	0.0	0.0	9551.14	47309.06	17336.127	13923.44	2459.38	3852.06	48.97
OliveGIS	30set19	19:24:25	D:\wx_medgold\wx_agmerra_andalusia\agmerra_1426_211_ESP.txt	-3.6250	37.3750	1	8766	12	31	2003	2602.3	5.0	7151.1	7469.7	   134.0	     1.0	209.1	2254.9	453.8	0.000	0.0	0.0	26067.85	129880.29	100099.287	72623.05	5819.66	5946.80	75.65
OliveGIS	30set19	19:24:33	D:\wx_medgold\wx_agmerra_andalusia\agmerra_1426_212_ESP.txt	-3.6250	37.1250	1	8766	12	31	2003	2613.3	2.6	7010.9	7415.0	   130.0	     1.0	164.0	2113.0	542.1	0.000	0.0	0.0	20157.46	100889.23	44658.034	34771.05	5080.66	5602.32	71.92
OliveGIS	30set19	19:24:43	D:\wx_medgold\wx_agmerra_andalusia\agmerra_1426_213_ESP.txt	-3.6250	36.8750	1	8766	12	31	2003	2618.8	0.8	7622.8	8183.4	   121.0	     1.0	129.3	1744.5	607.4	0.000	0.0	0.0	11857.15	60457.13	23948.704	16717.90	3372.62	4732.64	55.45
OliveGIS	30set19	19:24:53	D:\wx_medgold\wx_agmerra_andalusia\agmerra_1427_207_ESP.txt	-3.3750	38.3750	1	8766	12	31	2003	2622.5	2.2	7007.0	7983.2	   124.0	     1.0	163.3	1677.7	538.1	0.000	0.0	0.0	9278.91	46329.71	16827.878	10978.23	2437.85	3959.52	47.27
OliveGIS	30set19	19:25:03	D:\wx_medgold\wx_agmerra_andalusia\agmerra_1427_208_ESP.txt	-3.3750	38.1250	1	8766	12	31	2003	2619.5	1.7	9136.2	10361.5	   119.0	     1.0	143.2	1447.0	511.2	0.000	0.0	0.0	6153.00	31017.20	10892.180	2729.84	1780.36	3278.68	29.92
OliveGIS	30set19	19:25:12	D:\wx_medgold\wx_agmerra_andalusia\agmerra_1427_209_ESP.txt	-3.3750	37.8750	1	8766	12	31	2003	2617.8	1.1	8324.4	9338.0	   117.0	     1.0	125.1	1398.7	453.1	0.000	0.0	0.0	7062.39	36438.12	13443.137	3796.46	2147.23	3634.09	37.02
OliveGIS	30set19	19:25:20	D:\wx_medgold\wx_agmerra_andalusia\agmerra_1427_210_ESP.txt	-3.3750	37.6250	1	8766	12	31	2003	2624.6	1.8	6973.8	7541.1	   130.0	     1.0	164.0	1979.1	482.1	0.000	0.0	0.0	15723.45	79156.67	32685.394	45146.97	3919.42	4957.99	62.75
OliveGIS	30set19	19:25:27	D:\wx_medgold\wx_agmerra_andalusia\agmerra_1427_211_ESP.txt	-3.3750	37.3750	1	8766	12	31	2003	2094.1	21.7	4385.9	4548.5	   157.0	     1.0	535.0	2835.8	277.1	0.000	0.0	0.0	20386.77	158449.03	198603.768	16725.57	3737.08	3137.22	65.87
OliveGIS	30set19	19:25:34	D:\wx_medgold\wx_agmerra_andalusia\agmerra_1427_212_ESP.txt	-3.3750	37.1250	1	8766	12	31	2003	2225.3	13.0	7233.0	7366.0	   154.0	     1.0	431.7	2824.9	734.3	0.000	0.0	0.0	26524.91	186305.51	266018.626	25103.43	5705.94	4696.98	62.50
OliveGIS	30set19	19:25:42	D:\wx_medgold\wx_agmerra_andalusia\agmerra_1427_213_ESP.txt	-3.3750	36.8750	1	8766	12	31	2003	2604.2	4.9	6681.7	6889.8	   140.0	     1.0	240.3	2293.0	754.4	0.000	0.0	0.0	27234.62	158460.95	147316.194	42104.28	6627.72	5518.87	75.88
OliveGIS	30set19	19:25:50	D:\wx_medgold\wx_agmerra_andalusia\agmerra_1428_207_ESP.txt	-3.1250	38.3750	1	8766	12	31	2003	2609.1	3.2	6885.6	7626.0	   130.0	     1.0	189.6	1858.0	510.3	0.000	0.0	0.0	14793.59	74549.35	31037.473	28052.33	3801.16	4946.46	61.96
OliveGIS	30set19	19:25:58	D:\wx_medgold\wx_agmerra_andalusia\agmerra_1428_208_ESP.txt	-3.1250	38.1250	1	8766	12	31	2003	2613.4	2.7	6816.6	7559.8	   125.0	     1.0	177.1	1765.2	527.3	0.000	0.0	0.0	13448.93	66712.04	26779.299	29023.71	3437.35	4712.79	59.49
OliveGIS	30set19	19:26:07	D:\wx_medgold\wx_agmerra_andalusia\agmerra_1428_209_ESP.txt	-3.1250	37.8750	1	8766	12	31	2003	2618.6	1.7	7141.6	7898.9	   123.0	     1.0	153.0	1685.5	462.3	0.000	0.0	0.0	12524.41	63409.35	25119.250	15040.12	3425.98	4739.00	57.36
OliveGIS	30set19	19:26:14	D:\wx_medgold\wx_agmerra_andalusia\agmerra_1428_210_ESP.txt	-3.1250	37.6250	1	8766	12	31	2003	2612.1	2.2	7104.7	7571.3	   132.0	     1.0	180.1	2071.0	458.8	0.000	0.0	0.0	20389.62	102671.06	45414.314	46651.30	4978.48	5570.25	70.27
OliveGIS	30set19	19:26:20	D:\wx_medgold\wx_agmerra_andalusia\agmerra_1428_211_ESP.txt	-3.1250	37.3750	1	8766	12	31	2003	2110.2	21.0	4418.5	4548.2	   156.0	     1.0	529.6	2802.4	267.4	0.000	0.0	0.0	21229.43	163885.07	209098.285	22110.52	3980.86	3194.94	67.23
OliveGIS	30set19	19:26:27	D:\wx_medgold\wx_agmerra_andalusia\agmerra_1428_212_ESP.txt	-3.1250	37.1250	1	8766	12	31	2003	2318.3	9.6	7978.4	8020.4	   151.0	     1.0	389.3	2737.7	563.6	0.000	0.0	0.0	27212.57	187899.64	260128.608	27424.46	5994.04	5017.31	61.59
OliveGIS	30set19	19:26:35	D:\wx_medgold\wx_agmerra_andalusia\agmerra_1428_213_ESP.txt	-3.1250	36.8750	1	8766	12	31	2003	2608.1	3.3	6769.1	7023.4	   137.0	     1.0	215.6	2173.9	500.6	0.000	0.0	0.0	25361.83	130895.46	106970.292	32131.34	5979.21	5650.75	76.58
OliveGIS	30set19	19:26:43	D:\wx_medgold\wx_agmerra_andalusia\agmerra_1429_207_ESP.txt	-2.8750	38.3750	1	8766	12	31	2003	2609.1	6.9	6780.5	7277.3	   137.0	     1.0	252.7	2083.3	464.0	0.000	0.0	0.0	24578.48	126591.30	123206.177	47600.47	5793.62	5742.90	74.94
OliveGIS	30set19	19:26:49	D:\wx_medgold\wx_agmerra_andalusia\agmerra_1429_208_ESP.txt	-2.8750	38.1250	1	8766	12	31	2003	2610.3	6.7	6781.1	7241.0	   137.0	     1.0	251.3	2080.6	539.0	0.000	0.0	0.0	24708.58	128362.62	124723.051	65460.32	5896.27	5721.44	75.08
OliveGIS	30set19	19:26:56	D:\wx_medgold\wx_agmerra_andalusia\agmerra_1429_209_ESP.txt	-2.8750	37.8750	1	8766	12	31	2003	2606.9	5.0	6685.2	6932.4	   138.0	     1.0	237.2	2243.3	538.5	0.000	0.0	0.0	27652.24	156929.73	154354.381	86801.18	6601.58	5615.42	76.98
OliveGIS	30set19	19:27:03	D:\wx_medgold\wx_agmerra_andalusia\agmerra_1429_210_ESP.txt	-2.8750	37.6250	1	8766	12	31	2003	2608.4	4.9	6563.1	6703.1	   140.0	     1.0	256.4	2388.2	390.1	0.000	0.0	0.0	26389.73	163744.39	197930.546	51858.10	6490.90	5220.15	73.85
OliveGIS	30set19	19:27:08	D:\wx_medgold\wx_agmerra_andalusia\agmerra_1429_211_ESP.txt	-2.8750	37.3750	1	8766	12	31	2003	1546.1	59.2	15.5	24.2	   173.0	     1.0	841.1	3215.6	382.2	0.000	0.0	0.0	94.45	695.34	600.253	130.46	13.08	14.33	54.69
OliveGIS	30set19	19:27:13	D:\wx_medgold\wx_agmerra_andalusia\agmerra_1429_212_ESP.txt	-2.8750	37.1250	1	8766	12	31	2003	1786.2	24.8	2863.9	3546.8	   166.0	     1.0	602.8	3220.0	452.7	0.000	0.0	0.0	11411.55	88725.73	96973.200	11607.15	1832.37	1806.81	48.11
OliveGIS	30set19	19:27:21	D:\wx_medgold\wx_agmerra_andalusia\agmerra_1429_213_ESP.txt	-2.8750	36.8750	1	8766	12	31	2003	2625.6	0.1	7743.6	8111.1	   118.0	     1.0	102.1	1593.3	432.2	0.000	0.0	0.0	12645.63	65014.36	26497.496	20186.55	3748.40	4981.17	58.78
OliveGIS	30set19	19:27:29	D:\wx_medgold\wx_agmerra_andalusia\agmerra_1430_207_ESP.txt	-2.6250	38.3750	1	8766	12	31	2003	2596.0	8.9	6599.3	6914.1	   140.0	     1.0	294.9	2233.7	486.6	0.000	0.0	0.0	28583.53	175135.39	202016.127	60238.89	7165.71	5692.99	77.80
OliveGIS	30set19	19:27:35	D:\wx_medgold\wx_agmerra_andalusia\agmerra_1430_208_ESP.txt	-2.6250	38.1250	1	8766	12	31	2003	2584.8	9.8	6632.8	6901.6	   142.0	     1.0	372.7	2301.6	622.1	0.000	0.0	0.0	29023.05	183721.21	281621.343	67589.12	7355.36	5595.45	76.90
OliveGIS	30set19	19:27:42	D:\wx_medgold\wx_agmerra_andalusia\agmerra_1430_209_ESP.txt	-2.6250	37.8750	1	8766	12	31	2003	2550.2	6.8	2062.8	3555.5	   142.0	     1.0	336.4	2425.5	535.3	0.000	0.0	0.0	14839.51	90409.29	132789.940	43563.43	3631.87	2865.03	76.65
OliveGIS	30set19	19:27:49	D:\wx_medgold\wx_agmerra_andalusia\agmerra_1430_210_ESP.txt	-2.6250	37.6250	1	8766	12	31	2003	2605.6	5.1	6543.6	6674.4	   140.0	     1.0	311.9	2400.5	384.1	0.000	0.0	0.0	26727.67	169791.87	259456.499	56470.04	6698.89	5176.92	73.59
OliveGIS	30set19	19:27:54	D:\wx_medgold\wx_agmerra_andalusia\agmerra_1430_211_ESP.txt	-2.6250	37.3750	1	8766	12	31	2003	1614.2	49.9	44.7	65.0	   170.0	     1.0	784.5	3211.5	353.0	0.000	0.0	0.0	290.90	2352.30	2279.187	590.29	41.25	39.37	54.77
OliveGIS	30set19	19:27:58	D:\wx_medgold\wx_agmerra_andalusia\agmerra_1430_212_ESP.txt	-2.6250	37.1250	1	8766	12	31	2003	1921.9	15.4	2178.4	3798.3	   161.0	     1.0	510.9	3144.6	368.5	0.000	0.0	0.0	17919.41	142454.55	132863.879	30357.87	2946.83	2587.49	64.87
OliveGIS	30set19	19:28:07	D:\wx_medgold\wx_agmerra_andalusia\agmerra_1430_213_ESP.txt	-2.6250	36.8750	1	8766	12	31	2003	2633.0	0.0	8227.5	8633.3	   113.0	     1.0	79.4	1340.3	302.6	0.000	0.0	0.0	9522.34	51690.47	20611.649	7684.55	3145.74	4489.95	49.75
OliveGIS	30set19	19:28:14	D:\wx_medgold\wx_agmerra_andalusia\agmerra_1431_209_ESP.txt	-2.3750	37.8750	1	8766	12	31	2003	2182.1	16.5	6810.7	6964.9	   154.0	     1.0	486.3	2740.1	442.9	0.000	0.0	0.0	33242.77	237880.00	332939.240	44716.90	6921.28	5099.19	70.78
OliveGIS	30set19	19:28:20	D:\wx_medgold\wx_agmerra_andalusia\agmerra_1431_210_ESP.txt	-2.3750	37.6250	1	8766	12	31	2003	2319.4	10.3	4393.6	5850.5	   149.0	     1.0	412.1	2656.7	417.4	0.000	0.0	0.0	25857.49	164753.65	258227.836	46380.22	5861.49	4361.29	72.57
OliveGIS	30set19	19:28:25	D:\wx_medgold\wx_agmerra_andalusia\agmerra_1431_211_ESP.txt	-2.3750	37.3750	1	8766	12	31	2003	2244.1	10.1	2593.2	3423.7	   150.0	     1.0	409.5	2777.4	298.0	0.000	0.0	0.0	17111.94	103163.43	200710.505	35107.29	3643.82	2717.59	75.96
OliveGIS	30set19	19:28:32	D:\wx_medgold\wx_agmerra_andalusia\agmerra_1431_212_ESP.txt	-2.3750	37.1250	1	8766	12	31	2003	2592.0	1.2	6588.9	6581.7	   138.0	     1.0	212.7	2615.6	363.0	0.000	0.0	0.0	32382.16	187391.66	244974.293	80766.14	8092.19	5659.89	81.16
OliveGIS	30set19	19:28:41	D:\wx_medgold\wx_agmerra_andalusia\agmerra_1431_213_ESP.txt	-2.3750	36.8750	1	8766	12	31	2003	2641.7	0.0	8280.0	8714.2	   111.0	     1.0	69.9	1259.2	249.5	0.000	0.0	0.0	10021.26	56351.59	23044.148	9958.85	3551.44	4797.87	52.49
OliveGIS	30set19	19:28:48	D:\wx_medgold\wx_agmerra_andalusia\agmerra_1432_209_ESP.txt	-2.1250	37.8750	1	8766	12	31	2003	2321.6	11.4	2733.1	3568.1	   150.0	     1.0	413.5	2657.1	430.0	0.000	0.0	0.0	16903.05	102969.04	197261.095	40443.57	3869.08	2814.69	76.17
OliveGIS	30set19	19:28:55	D:\wx_medgold\wx_agmerra_andalusia\agmerra_1432_210_ESP.txt	-2.1250	37.6250	1	8766	12	31	2003	2560.4	5.2	3903.7	4735.4	   141.0	     1.0	310.4	2482.2	421.9	0.000	0.0	0.0	21026.97	125233.95	160151.575	50266.62	5087.59	3863.20	77.90
OliveGIS	30set19	19:29:02	D:\wx_medgold\wx_agmerra_andalusia\agmerra_1432_211_ESP.txt	-2.1250	37.3750	1	8766	12	31	2003	2508.7	3.6	3818.4	4606.4	   141.0	     1.0	282.1	2631.6	310.7	0.000	0.0	0.0	21925.15	127550.78	158124.839	52272.80	5341.14	3808.50	79.63
OliveGIS	30set19	19:29:09	D:\wx_medgold\wx_agmerra_andalusia\agmerra_1432_212_ESP.txt	-2.1250	37.1250	1	8766	12	31	2003	2627.4	0.1	7161.2	7213.0	   129.0	     1.0	100.4	2429.7	295.5	0.000	0.0	0.0	32927.44	173867.87	108534.678	95847.40	8548.98	6347.07	83.21
OliveGIS	30set19	19:29:19	D:\wx_medgold\wx_agmerra_andalusia\agmerra_1432_213_ESP.txt	-2.1250	36.8750	1	8766	12	31	2003	2655.0	0.0	9299.7	9704.0	   102.0	     1.0	37.0	1027.3	243.6	0.000	0.0	0.0	10075.59	59010.40	23651.142	6973.31	3778.09	5160.67	50.70
OliveGIS	30set19	19:29:27	D:\wx_medgold\wx_agmerra_andalusia\agmerra_1433_211_ESP.txt	-1.8750	37.3750	1	8766	12	31	2003	2630.3	0.8	7553.9	8158.8	   117.0	     1.0	122.7	1383.5	368.3	0.000	0.0	0.0	9543.56	51371.72	20661.593	14177.64	3061.98	4324.19	50.71
OliveGIS	30set19	19:29:37	D:\wx_medgold\wx_agmerra_andalusia\agmerra_1433_212_ESP.txt	-1.8750	37.1250	1	8766	12	31	2003	2651.7	0.0	8648.5	9093.7	   106.0	     1.0	45.2	1180.4	313.9	0.000	0.0	0.0	9832.24	56047.45	22714.029	6628.63	3573.06	4850.67	50.79
