Model	Date	Time	WxFile	Long	Lat	JdStart	DysToOut	Month	Day	Year	dd	ddbZero	FruWgt	fruNum	Bloomday	BloomYr	DDBSum	ChillHD	PrcpYrSum	TempIncr	ddbMinus10	ddbMinus83	OFEgDays	OFLrDays	OFPuDays	OFAdDays	OfPupSum	DamFrSum	PrcntAtkd
OliveGIS	30set19	19:09:55	D:\wx_medgold\wx_agmerra_andalusia\agmerra_1411_210_ESP.txt	-7.3750	37.6250	1	2192	12	31	1985	2626.1	1.6	8020.8	8306.2	   107.0	     1.0	82.3	2113.0	536.4	0.000	0.0	0.0	23412.95	111919.03	49310.972	49467.04	6075.33	6496.79	73.85
OliveGIS	30set19	19:10:04	D:\wx_medgold\wx_agmerra_andalusia\agmerra_1411_211_ESP.txt	-7.3750	37.3750	1	2192	12	31	1985	2626.0	1.0	8771.4	9050.3	   105.0	     1.0	74.7	1942.2	490.3	0.000	0.0	0.0	26698.78	127181.38	56304.288	46415.67	7018.88	7264.97	75.43
OliveGIS	30set19	19:10:15	D:\wx_medgold\wx_agmerra_andalusia\agmerra_1412_209_ESP.txt	-7.1250	37.8750	1	2192	12	31	1985	2611.9	2.3	6381.3	6564.3	   118.0	     1.0	106.7	2370.5	572.3	0.000	0.0	0.0	23812.52	111648.52	54475.255	60831.23	5772.27	5550.30	79.21
OliveGIS	30set19	19:10:22	D:\wx_medgold\wx_agmerra_andalusia\agmerra_1412_210_ESP.txt	-7.1250	37.6250	1	2192	12	31	1985	2628.6	1.7	7729.5	8002.8	   109.0	     1.0	89.7	2155.2	587.2	0.000	0.0	0.0	23120.12	112962.13	51272.199	52152.82	6223.07	6370.12	74.88
OliveGIS	30set19	19:10:29	D:\wx_medgold\wx_agmerra_andalusia\agmerra_1412_211_ESP.txt	-7.1250	37.3750	1	2192	12	31	1985	2618.4	1.4	8686.9	9007.0	   106.0	     1.0	81.8	1924.7	494.1	0.000	0.0	0.0	25223.08	120836.36	53581.277	44637.38	6780.97	7121.26	74.64
OliveGIS	30set19	19:10:37	D:\wx_medgold\wx_agmerra_andalusia\agmerra_1413_208_ESP.txt	-6.8750	38.1250	1	2192	12	31	1985	2622.2	3.8	5870.6	6031.3	   124.0	     1.0	147.7	2428.5	662.3	0.000	0.0	0.0	21313.46	99356.09	61855.323	48318.90	5000.65	5003.81	77.83
OliveGIS	30set19	19:10:44	D:\wx_medgold\wx_agmerra_andalusia\agmerra_1413_209_ESP.txt	-6.8750	37.8750	1	2192	12	31	1985	2614.4	2.1	7481.8	7765.5	   111.0	     1.0	105.9	2222.5	694.8	0.000	0.0	0.0	23003.99	110789.89	49488.099	36405.10	6054.11	6207.37	75.41
OliveGIS	30set19	19:10:52	D:\wx_medgold\wx_agmerra_andalusia\agmerra_1413_210_ESP.txt	-6.8750	37.6250	1	2192	12	31	1985	2620.8	1.4	8942.7	9361.2	   105.0	     1.0	85.0	1956.5	736.5	0.000	0.0	0.0	24127.92	115745.75	51025.691	29781.14	6613.04	7179.18	72.61
OliveGIS	30set19	19:11:00	D:\wx_medgold\wx_agmerra_andalusia\agmerra_1413_211_ESP.txt	-6.8750	37.3750	1	2192	12	31	1985	2635.5	1.2	9019.7	9498.9	   103.0	     1.0	75.2	1692.5	565.5	0.000	0.0	0.0	22392.82	110240.67	48371.643	23258.58	6534.16	7127.17	70.82
OliveGIS	30set19	19:11:10	D:\wx_medgold\wx_agmerra_andalusia\agmerra_1414_209_ESP.txt	-6.6250	37.8750	1	2192	12	31	1985	2613.2	2.5	6400.2	6620.9	   119.0	     1.0	121.4	2309.8	733.9	0.000	0.0	0.0	22292.42	105500.68	50856.611	57977.50	5595.79	5502.51	78.00
OliveGIS	30set19	19:11:18	D:\wx_medgold\wx_agmerra_andalusia\agmerra_1414_210_ESP.txt	-6.6250	37.6250	1	2192	12	31	1985	2611.8	1.6	8107.8	8499.4	   107.0	     1.0	93.5	1998.3	731.9	0.000	0.0	0.0	22066.99	107410.48	47880.464	38039.99	6162.89	6567.35	73.21
OliveGIS	30set19	19:11:26	D:\wx_medgold\wx_agmerra_andalusia\agmerra_1414_211_ESP.txt	-6.6250	37.3750	1	2192	12	31	1985	2636.1	1.7	8719.1	9236.8	   104.0	     1.0	84.8	1668.4	558.0	0.000	0.0	0.0	21205.63	105845.92	46780.993	19897.06	6393.20	6932.53	70.57
OliveGIS	30set19	19:11:34	D:\wx_medgold\wx_agmerra_andalusia\agmerra_1414_212_ESP.txt	-6.6250	37.1250	1	2192	12	31	1985	2633.9	0.0	9266.8	9646.2	    93.0	     1.0	33.6	1533.5	483.3	0.000	0.0	0.0	28739.92	138704.62	64349.938	25711.01	8117.99	7789.53	76.65
OliveGIS	30set19	19:11:42	D:\wx_medgold\wx_agmerra_andalusia\agmerra_1415_209_ESP.txt	-6.3750	37.8750	1	2192	12	31	1985	2617.2	3.4	6819.3	7094.4	   120.0	     1.0	137.8	2240.5	657.9	0.000	0.0	0.0	20951.73	102420.22	46753.367	44352.09	5658.43	5710.96	75.70
OliveGIS	30set19	19:11:49	D:\wx_medgold\wx_agmerra_andalusia\agmerra_1415_210_ESP.txt	-6.3750	37.6250	1	2192	12	31	1985	2621.0	2.2	7704.8	8128.9	   108.0	     1.0	105.5	1926.6	637.0	0.000	0.0	0.0	16851.24	83941.21	36614.516	20872.04	5010.61	5785.29	67.70
OliveGIS	30set19	19:11:58	D:\wx_medgold\wx_agmerra_andalusia\agmerra_1415_211_ESP.txt	-6.3750	37.3750	1	2192	12	31	1985	2632.1	1.0	9874.9	10757.1	    98.0	     1.0	72.2	1405.3	567.3	0.000	0.0	0.0	18518.57	97385.73	44263.473	15445.26	6204.25	7173.15	63.46
OliveGIS	30set19	19:12:06	D:\wx_medgold\wx_agmerra_andalusia\agmerra_1415_212_ESP.txt	-6.3750	37.1250	1	2192	12	31	1985	2635.3	0.1	9299.0	9878.0	    91.0	     1.0	36.5	1248.3	526.1	0.000	0.0	0.0	22632.63	115178.67	52647.865	17722.20	7177.64	7396.69	71.42
OliveGIS	30set19	19:12:15	D:\wx_medgold\wx_agmerra_andalusia\agmerra_1415_213_ESP.txt	-6.3750	36.8750	1	2192	12	31	1985	2642.3	0.1	9815.6	10234.9	    95.0	     1.0	39.5	1366.8	542.6	0.000	0.0	0.0	29706.41	146442.28	68912.345	26606.56	8769.92	8294.24	76.70
OliveGIS	30set19	19:12:24	D:\wx_medgold\wx_agmerra_andalusia\agmerra_1416_209_ESP.txt	-6.1250	37.8750	1	2192	12	31	1985	2613.0	3.7	6935.3	7222.7	   120.0	     1.0	142.8	2163.5	649.2	0.000	0.0	0.0	20615.97	101204.34	45477.570	41982.29	5628.15	5759.56	75.16
OliveGIS	30set19	19:12:31	D:\wx_medgold\wx_agmerra_andalusia\agmerra_1416_210_ESP.txt	-6.1250	37.6250	1	2192	12	31	1985	2621.9	2.2	8000.7	8454.9	   107.0	     1.0	108.8	1857.3	603.3	0.000	0.0	0.0	17151.42	86406.35	37781.085	18393.74	5287.54	6017.58	67.49
OliveGIS	30set19	19:12:39	D:\wx_medgold\wx_agmerra_andalusia\agmerra_1416_211_ESP.txt	-6.1250	37.3750	1	2192	12	31	1985	2638.0	1.5	9424.0	10336.0	    99.0	     1.0	83.0	1357.2	539.8	0.000	0.0	0.0	14341.21	77474.57	34992.348	11357.19	5085.98	6189.58	56.89
OliveGIS	30set19	19:12:48	D:\wx_medgold\wx_agmerra_andalusia\agmerra_1416_212_ESP.txt	-6.1250	37.1250	1	2192	12	31	1985	2628.3	0.6	9195.3	9886.8	    93.0	     1.0	56.8	1200.3	525.2	0.000	0.0	0.0	16809.24	89825.08	39138.450	12498.18	5713.02	6543.27	63.35
OliveGIS	30set19	19:12:58	D:\wx_medgold\wx_agmerra_andalusia\agmerra_1416_213_ESP.txt	-6.1250	36.8750	1	2192	12	31	1985	2635.8	1.1	10323.7	10943.5	    97.0	     1.0	68.8	1271.4	532.8	0.000	0.0	0.0	23498.07	120285.12	55018.742	18785.68	7461.07	8025.72	69.60
OliveGIS	30set19	19:13:07	D:\wx_medgold\wx_agmerra_andalusia\agmerra_1416_214_ESP.txt	-6.1250	36.6250	1	2192	12	31	1985	2635.1	0.3	10038.8	10381.6	    95.0	     1.0	43.2	1492.5	525.0	0.000	0.0	0.0	31639.08	152562.67	70274.226	28790.51	8879.86	8523.24	77.38
OliveGIS	30set19	19:13:15	D:\wx_medgold\wx_agmerra_andalusia\agmerra_1416_215_ESP.txt	-6.1250	36.3750	1	2192	12	31	1985	2627.5	0.6	9405.9	9961.5	   101.0	     1.0	62.0	1434.4	473.6	0.000	0.0	0.0	17464.83	92062.48	40133.492	12879.87	5650.27	6684.73	63.92
OliveGIS	30set19	19:13:25	D:\wx_medgold\wx_agmerra_andalusia\agmerra_1417_208_ESP.txt	-5.8750	38.1250	1	2192	12	31	1985	2611.6	6.7	5772.4	6033.2	   129.0	     1.0	191.4	2226.6	559.4	0.000	0.0	0.0	18954.49	89845.81	66993.562	43891.53	4782.27	4924.71	76.61
OliveGIS	30set19	19:13:32	D:\wx_medgold\wx_agmerra_andalusia\agmerra_1417_209_ESP.txt	-5.8750	37.8750	1	2192	12	31	1985	2610.7	4.3	7061.2	7414.2	   118.0	     1.0	148.3	2082.9	631.6	0.000	0.0	0.0	18671.95	92874.16	40955.329	31078.96	5285.47	5679.84	72.48
OliveGIS	30set19	19:13:40	D:\wx_medgold\wx_agmerra_andalusia\agmerra_1417_210_ESP.txt	-5.8750	37.6250	1	2192	12	31	1985	2634.0	2.5	8390.1	8916.9	   107.0	     1.0	114.6	1826.9	562.4	0.000	0.0	0.0	15937.51	82784.53	35216.275	14508.62	5063.53	6022.63	63.97
OliveGIS	30set19	19:13:48	D:\wx_medgold\wx_agmerra_andalusia\agmerra_1417_211_ESP.txt	-5.8750	37.3750	1	2192	12	31	1985	2637.2	1.1	9924.9	10950.3	    97.0	     1.0	80.1	1270.2	536.3	0.000	0.0	0.0	12022.29	67886.96	28385.654	8439.83	4538.14	5701.07	49.61
OliveGIS	30set19	19:13:57	D:\wx_medgold\wx_agmerra_andalusia\agmerra_1417_212_ESP.txt	-5.8750	37.1250	1	2192	12	31	1985	2635.0	0.7	9564.1	10343.0	    94.0	     1.0	65.4	1234.4	521.8	0.000	0.0	0.0	14014.50	77165.20	32323.596	9862.23	4963.84	6093.60	56.39
OliveGIS	30set19	19:14:08	D:\wx_medgold\wx_agmerra_andalusia\agmerra_1417_213_ESP.txt	-5.8750	36.8750	1	2192	12	31	1985	2616.6	1.0	9959.1	10551.6	    98.0	     1.0	69.1	1423.6	459.6	0.000	0.0	0.0	23130.71	116468.80	52448.287	19022.47	7084.37	7715.76	69.74
OliveGIS	30set19	19:14:17	D:\wx_medgold\wx_agmerra_andalusia\agmerra_1417_214_ESP.txt	-5.8750	36.6250	1	2192	12	31	1985	2628.4	0.4	10199.9	10561.6	    95.0	     1.0	42.8	1563.3	553.8	0.000	0.0	0.0	28889.18	139400.40	62190.487	27391.70	8052.89	8301.44	74.60
OliveGIS	30set19	19:14:25	D:\wx_medgold\wx_agmerra_andalusia\agmerra_1417_215_ESP.txt	-5.8750	36.3750	1	2192	12	31	1985	2624.2	0.1	9827.7	10015.9	    96.0	     1.0	33.3	1868.8	541.1	0.000	0.0	0.0	36626.98	173329.55	81325.754	48348.40	9479.92	8524.74	80.45
OliveGIS	30set19	19:14:32	D:\wx_medgold\wx_agmerra_andalusia\agmerra_1418_208_ESP.txt	-5.6250	38.1250	1	2192	12	31	1985	2609.5	6.6	5978.2	6306.4	   127.0	     1.0	188.6	2140.7	575.1	0.000	0.0	0.0	16845.60	82828.70	41305.283	41605.47	4581.97	4897.43	73.42
OliveGIS	30set19	19:14:40	D:\wx_medgold\wx_agmerra_andalusia\agmerra_1418_209_ESP.txt	-5.6250	37.8750	1	2192	12	31	1985	2611.4	4.2	7590.3	8035.2	   116.0	     1.0	145.1	1974.8	612.3	0.000	0.0	0.0	17921.01	89725.86	39728.817	32118.31	5259.28	5908.43	69.67
OliveGIS	30set19	19:14:48	D:\wx_medgold\wx_agmerra_andalusia\agmerra_1418_210_ESP.txt	-5.6250	37.6250	1	2192	12	31	1985	2622.0	2.7	8695.4	9272.6	   106.0	     1.0	116.4	1744.1	562.4	0.000	0.0	0.0	15002.71	77601.43	32557.439	14795.36	4720.63	5920.33	60.83
OliveGIS	30set19	19:14:56	D:\wx_medgold\wx_agmerra_andalusia\agmerra_1418_211_ESP.txt	-5.6250	37.3750	1	2192	12	31	1985	2620.8	1.3	9819.7	10810.8	    98.0	     1.0	88.4	1345.5	546.2	0.000	0.0	0.0	11965.92	67032.02	28760.468	9103.55	4489.85	5592.48	49.42
OliveGIS	30set19	19:15:05	D:\wx_medgold\wx_agmerra_andalusia\agmerra_1418_212_ESP.txt	-5.6250	37.1250	1	2192	12	31	1985	2633.4	1.0	9602.6	10299.5	    98.0	     1.0	82.3	1527.4	525.2	0.000	0.0	0.0	18545.25	96496.72	43334.890	16008.86	6038.02	6998.78	64.43
OliveGIS	30set19	19:15:14	D:\wx_medgold\wx_agmerra_andalusia\agmerra_1418_213_ESP.txt	-5.6250	36.8750	1	2192	12	31	1985	2624.6	1.4	8515.4	8844.3	   106.0	     1.0	90.7	1799.9	482.7	0.000	0.0	0.0	23756.86	115271.84	51600.738	46648.63	6727.69	7016.72	74.53
OliveGIS	30set19	19:15:22	D:\wx_medgold\wx_agmerra_andalusia\agmerra_1418_214_ESP.txt	-5.6250	36.6250	1	2192	12	31	1985	2623.6	0.5	8835.1	9060.2	   101.0	     1.0	56.3	1859.5	613.1	0.000	0.0	0.0	29706.48	141518.25	64468.892	54398.31	7948.01	7599.26	78.51
OliveGIS	30set19	19:15:29	D:\wx_medgold\wx_agmerra_andalusia\agmerra_1418_215_ESP.txt	-5.6250	36.3750	1	2192	12	31	1985	2630.4	0.2	8859.6	8965.1	   101.0	     1.0	42.6	2065.9	688.5	0.000	0.0	0.0	35589.30	169571.07	81238.641	64087.97	9100.25	7863.55	81.91
OliveGIS	30set19	19:15:37	D:\wx_medgold\wx_agmerra_andalusia\agmerra_1418_216_ESP.txt	-5.6250	36.1250	1	2192	12	31	1985	2635.1	0.0	9152.0	9273.9	    92.0	     1.0	9.2	2008.1	477.5	0.000	0.0	0.0	46130.98	230972.35	130462.726	80261.00	12691.48	8534.87	85.93
OliveGIS	30set19	19:15:44	D:\wx_medgold\wx_agmerra_andalusia\agmerra_1419_207_ESP.txt	-5.3750	38.3750	1	2192	12	31	1985	2604.6	9.4	5952.0	6271.8	   136.0	     1.0	235.5	2161.3	474.1	0.000	0.0	0.0	19358.65	93016.80	91900.121	41937.05	4877.02	5049.92	75.77
OliveGIS	30set19	19:15:51	D:\wx_medgold\wx_agmerra_andalusia\agmerra_1419_208_ESP.txt	-5.3750	38.1250	1	2192	12	31	1985	2612.4	7.7	6055.3	6441.9	   129.0	     1.0	202.0	2040.1	511.9	0.000	0.0	0.0	16348.19	82599.59	44688.198	37562.27	4670.21	4954.61	72.59
OliveGIS	30set19	19:15:59	D:\wx_medgold\wx_agmerra_andalusia\agmerra_1419_209_ESP.txt	-5.3750	37.8750	1	2192	12	31	1985	2618.4	2.9	7766.9	8438.4	   108.0	     1.0	124.6	1725.4	573.9	0.000	0.0	0.0	13848.81	72163.04	30828.104	13698.79	4479.44	5495.92	61.83
OliveGIS	30set19	19:16:08	D:\wx_medgold\wx_agmerra_andalusia\agmerra_1419_210_ESP.txt	-5.3750	37.6250	1	2192	12	31	1985	2623.5	1.8	9271.7	10103.5	   101.0	     1.0	102.7	1536.8	509.6	0.000	0.0	0.0	11595.84	63300.11	27235.645	8748.72	3977.71	5366.89	50.58
OliveGIS	30set19	19:16:17	D:\wx_medgold\wx_agmerra_andalusia\agmerra_1419_211_ESP.txt	-5.3750	37.3750	1	2192	12	31	1985	2620.1	1.2	9554.2	10403.2	    99.0	     1.0	91.2	1415.6	482.2	0.000	0.0	0.0	12941.67	70029.60	30757.071	9118.28	4530.85	5753.84	52.84
OliveGIS	30set19	19:16:25	D:\wx_medgold\wx_agmerra_andalusia\agmerra_1419_212_ESP.txt	-5.3750	37.1250	1	2192	12	31	1985	2625.7	1.2	8245.9	8660.3	   104.0	     1.0	97.0	1799.7	493.7	0.000	0.0	0.0	18543.36	93170.31	40612.434	23494.60	5656.62	6315.45	68.83
OliveGIS	30set19	19:16:33	D:\wx_medgold\wx_agmerra_andalusia\agmerra_1419_213_ESP.txt	-5.3750	36.8750	1	2192	12	31	1985	2616.2	4.6	5320.5	5280.9	   136.0	     1.0	177.6	2705.0	424.2	0.000	0.0	0.0	27022.52	141180.05	114686.585	67020.19	6491.32	4709.30	83.34
OliveGIS	30set19	19:16:40	D:\wx_medgold\wx_agmerra_andalusia\agmerra_1419_214_ESP.txt	-5.3750	36.6250	1	2192	12	31	1985	2611.5	1.9	5319.1	5271.7	   125.0	     1.0	117.7	2813.1	517.2	0.000	0.0	0.0	29845.70	152096.18	102900.027	95531.86	6951.82	4841.55	85.67
OliveGIS	30set19	19:16:48	D:\wx_medgold\wx_agmerra_andalusia\agmerra_1419_215_ESP.txt	-5.3750	36.3750	1	2192	12	31	1985	2634.5	0.4	8656.9	8754.0	   102.0	     1.0	47.4	2037.8	491.3	0.000	0.0	0.0	32401.33	154011.05	71408.570	55040.31	8235.11	7524.12	80.32
OliveGIS	30set19	19:16:56	D:\wx_medgold\wx_agmerra_andalusia\agmerra_1420_206_ESP.txt	-5.1250	38.6250	1	2192	12	31	1985	2609.2	7.7	5735.1	6171.5	   133.0	     1.0	215.4	2069.0	472.0	0.000	0.0	0.0	17122.50	84992.93	85620.992	50317.78	4825.19	4918.59	74.98
OliveGIS	30set19	19:17:03	D:\wx_medgold\wx_agmerra_andalusia\agmerra_1420_207_ESP.txt	-5.1250	38.3750	1	2192	12	31	1985	2605.7	9.9	5890.5	6176.2	   138.0	     1.0	241.9	2207.9	476.1	0.000	0.0	0.0	20018.68	96135.77	96066.328	41057.85	4919.34	5026.02	76.49
OliveGIS	30set19	19:17:11	D:\wx_medgold\wx_agmerra_andalusia\agmerra_1420_208_ESP.txt	-5.1250	38.1250	1	2192	12	31	1985	2611.8	7.9	6068.6	6463.3	   128.0	     1.0	203.6	2011.3	514.3	0.000	0.0	0.0	16302.70	82519.07	42082.227	39017.03	4697.68	4974.50	72.66
OliveGIS	30set19	19:17:19	D:\wx_medgold\wx_agmerra_andalusia\agmerra_1420_209_ESP.txt	-5.1250	37.8750	1	2192	12	31	1985	2617.8	3.0	7895.3	8600.6	   108.0	     1.0	127.3	1684.9	560.1	0.000	0.0	0.0	12601.07	66479.26	28254.233	13000.30	4141.33	5282.99	58.45
OliveGIS	30set19	19:17:28	D:\wx_medgold\wx_agmerra_andalusia\agmerra_1420_210_ESP.txt	-5.1250	37.6250	1	2192	12	31	1985	2615.9	1.9	9081.1	9888.8	   103.0	     1.0	108.6	1568.5	486.9	0.000	0.0	0.0	12085.64	65490.02	28129.860	10182.96	4092.40	5457.36	52.62
OliveGIS	30set19	19:17:37	D:\wx_medgold\wx_agmerra_andalusia\agmerra_1420_211_ESP.txt	-5.1250	37.3750	1	2192	12	31	1985	2625.8	1.3	9160.7	9963.2	   102.0	     1.0	98.0	1455.3	469.8	0.000	0.0	0.0	13930.07	75008.92	32783.496	11528.67	4681.05	5958.26	56.87
OliveGIS	30set19	19:17:46	D:\wx_medgold\wx_agmerra_andalusia\agmerra_1420_212_ESP.txt	-5.1250	37.1250	1	2192	12	31	1985	2619.5	1.3	8144.1	8556.8	   105.0	     1.0	102.9	1772.2	475.6	0.000	0.0	0.0	17721.13	89479.24	38981.525	23493.54	5446.12	6149.45	68.01
OliveGIS	30set19	19:17:54	D:\wx_medgold\wx_agmerra_andalusia\agmerra_1420_213_ESP.txt	-5.1250	36.8750	1	2192	12	31	1985	2605.7	3.5	5383.3	5341.5	   133.0	     1.0	169.7	2651.0	422.1	0.000	0.0	0.0	26645.39	141112.06	110571.067	76261.07	6419.56	4740.12	83.13
OliveGIS	30set19	19:18:01	D:\wx_medgold\wx_agmerra_andalusia\agmerra_1420_214_ESP.txt	-5.1250	36.6250	1	2192	12	31	1985	2613.9	0.8	5783.1	5735.0	   121.0	     1.0	86.1	2716.4	475.1	0.000	0.0	0.0	30842.43	152928.94	91932.681	91221.09	7258.61	5271.00	85.61
OliveGIS	30set19	19:18:09	D:\wx_medgold\wx_agmerra_andalusia\agmerra_1421_206_ESP.txt	-4.8750	38.6250	1	2192	12	31	1985	2607.1	8.2	5862.9	6301.5	   131.0	     1.0	212.0	2034.9	473.1	0.000	0.0	0.0	17577.03	87895.38	86426.785	52800.17	5009.18	5038.52	75.30
OliveGIS	30set19	19:18:17	D:\wx_medgold\wx_agmerra_andalusia\agmerra_1421_207_ESP.txt	-4.8750	38.3750	1	2192	12	31	1985	2600.7	13.6	6274.5	6424.7	   144.0	     1.0	279.9	2363.9	457.1	0.000	0.0	0.0	26690.08	132896.81	117363.260	45211.01	6020.81	5427.85	79.42
OliveGIS	30set19	19:18:24	D:\wx_medgold\wx_agmerra_andalusia\agmerra_1421_208_ESP.txt	-4.8750	38.1250	1	2192	12	31	1985	2605.7	10.5	5950.7	6234.5	   132.0	     1.0	232.6	2132.3	444.3	0.000	0.0	0.0	19570.32	96467.93	87445.213	51555.68	5142.54	5088.40	76.60
OliveGIS	30set19	19:18:33	D:\wx_medgold\wx_agmerra_andalusia\agmerra_1421_209_ESP.txt	-4.8750	37.8750	1	2192	12	31	1985	2620.2	4.5	3962.0	4227.6	   112.0	     1.0	150.2	1812.4	562.4	0.000	0.0	0.0	8778.88	44646.08	20325.548	18309.24	2799.31	3088.85	68.93
OliveGIS	30set19	19:18:42	D:\wx_medgold\wx_agmerra_andalusia\agmerra_1421_210_ESP.txt	-4.8750	37.6250	1	2192	12	31	1985	2615.7	3.1	7659.9	8186.0	   109.0	     1.0	133.8	1774.3	501.5	0.000	0.0	0.0	13880.99	72712.46	31059.003	18437.59	4471.95	5389.02	62.73
OliveGIS	30set19	19:18:52	D:\wx_medgold\wx_agmerra_andalusia\agmerra_1421_211_ESP.txt	-4.8750	37.3750	1	2192	12	31	1985	2612.8	2.2	7527.1	7907.4	   109.0	     1.0	127.8	1885.6	405.6	0.000	0.0	0.0	18861.07	92957.70	41259.107	25496.25	5428.67	5966.59	71.44
OliveGIS	30set19	19:19:00	D:\wx_medgold\wx_agmerra_andalusia\agmerra_1421_212_ESP.txt	-4.8750	37.1250	1	2192	12	31	1985	2625.8	2.2	7192.6	7379.0	   112.0	     1.0	129.2	2098.2	410.8	0.000	0.0	0.0	22340.55	111567.01	50949.488	49329.85	6151.02	6021.02	76.43
OliveGIS	30set19	19:19:09	D:\wx_medgold\wx_agmerra_andalusia\agmerra_1421_213_ESP.txt	-4.8750	36.8750	1	2192	12	31	1985	2615.0	1.8	6834.1	6905.7	   115.0	     1.0	123.1	2194.1	306.0	0.000	0.0	0.0	25090.69	123934.78	61157.845	60272.77	6636.97	5911.65	80.25
OliveGIS	30set19	19:19:18	D:\wx_medgold\wx_agmerra_andalusia\agmerra_1421_214_ESP.txt	-4.8750	36.6250	1	2192	12	31	1985	2619.8	0.0	8563.7	8654.3	   100.0	     1.0	37.3	2129.2	321.9	0.000	0.0	0.0	34263.40	163109.53	77083.328	61099.20	8642.35	7546.51	81.68
OliveGIS	30set19	19:19:26	D:\wx_medgold\wx_agmerra_andalusia\agmerra_1422_207_ESP.txt	-4.6250	38.3750	1	2192	12	31	1985	2601.8	14.5	5785.4	5902.9	   146.0	     1.0	290.3	2388.3	450.7	0.000	0.0	0.0	25252.46	137966.93	119957.103	42972.05	5883.29	4986.17	79.18
OliveGIS	30set19	19:19:34	D:\wx_medgold\wx_agmerra_andalusia\agmerra_1422_208_ESP.txt	-4.6250	38.1250	1	2192	12	31	1985	2609.4	10.8	5958.1	6238.3	   132.0	     1.0	236.6	2109.3	426.6	0.000	0.0	0.0	19529.41	96691.17	85118.954	52195.09	5124.31	5080.03	76.47
OliveGIS	30set19	19:19:44	D:\wx_medgold\wx_agmerra_andalusia\agmerra_1422_209_ESP.txt	-4.6250	37.8750	1	2192	12	31	1985	2615.0	4.6	8358.3	8910.9	   114.0	     1.0	156.0	1802.0	507.5	0.000	0.0	0.0	15756.15	81250.29	35537.403	22005.55	5061.00	6002.88	64.12
OliveGIS	30set19	19:19:54	D:\wx_medgold\wx_agmerra_andalusia\agmerra_1422_210_ESP.txt	-4.6250	37.6250	1	2192	12	31	1985	2604.9	3.4	2274.2	2408.6	   110.0	     1.0	145.4	1844.0	492.6	0.000	0.0	0.0	5526.66	27542.33	12873.099	16841.70	1707.33	1823.38	71.54
OliveGIS	30set19	19:20:03	D:\wx_medgold\wx_agmerra_andalusia\agmerra_1422_211_ESP.txt	-4.6250	37.3750	1	2192	12	31	1985	2620.4	2.4	7486.2	7809.6	   114.0	     1.0	139.2	1949.3	403.9	0.000	0.0	0.0	20597.57	103265.95	45912.010	36961.10	5854.11	6086.99	73.64
OliveGIS	30set19	19:20:12	D:\wx_medgold\wx_agmerra_andalusia\agmerra_1422_212_ESP.txt	-4.6250	37.1250	1	2192	12	31	1985	2616.4	2.2	7168.6	7364.2	   114.0	     1.0	134.7	2059.6	417.5	0.000	0.0	0.0	22035.36	109891.99	50147.421	59095.96	6065.07	5961.72	76.30
OliveGIS	30set19	19:20:22	D:\wx_medgold\wx_agmerra_andalusia\agmerra_1422_213_ESP.txt	-4.6250	36.8750	1	2192	12	31	1985	2615.1	1.2	7255.6	7360.6	   111.0	     1.0	112.4	2085.8	293.9	0.000	0.0	0.0	25289.92	125896.11	60748.819	72634.55	6875.89	6223.96	79.26
OliveGIS	30set19	19:20:31	D:\wx_medgold\wx_agmerra_andalusia\agmerra_1422_214_ESP.txt	-4.6250	36.6250	1	2192	12	31	1985	2632.1	0.0	8802.7	8926.9	    95.0	     1.0	19.5	1907.2	270.5	0.000	0.0	0.0	36380.65	174355.75	84446.842	54710.28	9397.67	7852.65	82.50
OliveGIS	30set19	19:20:40	D:\wx_medgold\wx_agmerra_andalusia\agmerra_1423_208_ESP.txt	-4.3750	38.1250	1	2192	12	31	1985	2610.4	9.3	6070.9	6398.3	   130.0	     1.0	224.2	2081.6	428.6	0.000	0.0	0.0	19721.40	99692.96	71061.185	50815.23	5369.24	5200.21	76.40
OliveGIS	30set19	19:20:49	D:\wx_medgold\wx_agmerra_andalusia\agmerra_1423_209_ESP.txt	-4.3750	37.8750	1	2192	12	31	1985	2612.6	2.8	7963.2	8954.0	   108.0	     1.0	130.3	1432.0	516.1	0.000	0.0	0.0	9458.69	52634.99	22363.467	8913.82	3346.37	4575.06	48.72
OliveGIS	30set19	19:20:59	D:\wx_medgold\wx_agmerra_andalusia\agmerra_1423_210_ESP.txt	-4.3750	37.6250	1	2192	12	31	1985	2622.7	2.2	7451.4	8124.9	   109.0	     1.0	130.8	1657.1	508.3	0.000	0.0	0.0	12967.36	68573.64	29497.926	15642.08	4251.47	5243.84	61.30
OliveGIS	30set19	19:21:09	D:\wx_medgold\wx_agmerra_andalusia\agmerra_1423_211_ESP.txt	-4.3750	37.3750	1	2192	12	31	1985	2613.2	3.8	6493.4	6809.2	   120.0	     1.0	162.9	1954.8	440.4	0.000	0.0	0.0	18627.26	93680.06	41883.620	55536.51	5286.59	5394.10	74.61
OliveGIS	30set19	19:21:18	D:\wx_medgold\wx_agmerra_andalusia\agmerra_1423_212_ESP.txt	-4.3750	37.1250	1	2192	12	31	1985	2613.8	3.0	7231.4	7542.4	   116.0	     1.0	147.1	1953.9	453.1	0.000	0.0	0.0	20475.41	102557.69	45749.912	57623.16	5802.97	5953.49	74.38
OliveGIS	30set19	19:21:27	D:\wx_medgold\wx_agmerra_andalusia\agmerra_1423_213_ESP.txt	-4.3750	36.8750	1	2192	12	31	1985	2620.5	1.7	7283.6	7437.7	   115.0	     1.0	132.3	2016.2	265.9	0.000	0.0	0.0	22407.93	111690.64	50922.856	41588.37	6164.11	6044.02	76.32
OliveGIS	30set19	19:21:36	D:\wx_medgold\wx_agmerra_andalusia\agmerra_1424_207_ESP.txt	-4.1250	38.3750	1	2192	12	31	1985	2605.0	14.1	6615.4	6883.4	   143.0	     1.0	285.0	2245.7	445.1	0.000	0.0	0.0	27568.80	143309.45	129117.706	46364.27	6815.43	5782.53	79.13
OliveGIS	30set19	19:21:44	D:\wx_medgold\wx_agmerra_andalusia\agmerra_1424_208_ESP.txt	-4.1250	38.1250	1	2192	12	31	1985	2605.8	10.1	6164.8	6498.8	   130.0	     1.0	235.8	2053.7	415.3	0.000	0.0	0.0	19846.76	102652.52	69310.169	39760.42	5544.59	5238.94	75.92
OliveGIS	30set19	19:21:53	D:\wx_medgold\wx_agmerra_andalusia\agmerra_1424_209_ESP.txt	-4.1250	37.8750	1	2192	12	31	1985	2606.9	3.2	7836.1	8706.4	   109.0	     1.0	143.9	1516.3	506.3	0.000	0.0	0.0	12133.40	66211.44	28737.773	14021.20	4203.97	5253.81	57.45
OliveGIS	30set19	19:22:02	D:\wx_medgold\wx_agmerra_andalusia\agmerra_1424_210_ESP.txt	-4.1250	37.6250	1	2192	12	31	1985	2603.9	3.0	6982.0	7422.7	   117.0	     1.0	156.1	1902.5	515.3	0.000	0.0	0.0	18053.57	90121.17	40816.190	47572.32	5300.68	5678.67	72.42
OliveGIS	30set19	19:22:10	D:\wx_medgold\wx_agmerra_andalusia\agmerra_1424_211_ESP.txt	-4.1250	37.3750	1	2192	12	31	1985	2613.4	4.8	5633.5	5788.0	   128.0	     1.0	193.1	2212.7	440.9	0.000	0.0	0.0	20710.05	100904.18	70172.022	52026.06	5165.92	4907.74	79.25
OliveGIS	30set19	19:22:18	D:\wx_medgold\wx_agmerra_andalusia\agmerra_1424_212_ESP.txt	-4.1250	37.1250	1	2192	12	31	1985	2611.9	3.4	6541.7	6766.6	   120.0	     1.0	163.1	2048.4	444.3	0.000	0.0	0.0	20508.76	102118.23	50749.473	76168.53	5577.75	5527.80	76.51
OliveGIS	30set19	19:22:30	D:\wx_medgold\wx_agmerra_andalusia\agmerra_1424_213_ESP.txt	-4.1250	36.8750	1	2192	12	31	1985	2614.3	1.6	6519.6	6620.7	   118.0	     1.0	134.4	2090.6	261.9	0.000	0.0	0.0	21914.59	107989.33	50269.919	69007.66	5778.68	5523.78	78.19
OliveGIS	30set19	19:22:39	D:\wx_medgold\wx_agmerra_andalusia\agmerra_1425_207_ESP.txt	-3.8750	38.3750	1	2192	12	31	1985	2605.1	9.6	5729.0	6154.6	   133.0	     1.0	229.9	2040.4	464.8	0.000	0.0	0.0	17749.65	91242.07	80647.720	43940.83	4967.56	4883.91	74.95
OliveGIS	30set19	19:22:49	D:\wx_medgold\wx_agmerra_andalusia\agmerra_1425_208_ESP.txt	-3.8750	38.1250	1	2192	12	31	1985	2603.4	6.4	6844.7	7426.1	   121.0	     1.0	189.5	1828.4	438.2	0.000	0.0	0.0	17036.60	86236.56	39333.350	33766.94	5088.84	5551.46	70.75
OliveGIS	30set19	19:22:58	D:\wx_medgold\wx_agmerra_andalusia\agmerra_1425_209_ESP.txt	-3.8750	37.8750	1	2192	12	31	1985	2615.9	3.1	7525.2	8813.7	   110.0	     1.0	143.1	1329.3	517.9	0.000	0.0	0.0	7290.85	41407.91	17420.163	6432.79	2692.07	3851.84	41.46
OliveGIS	30set19	19:23:08	D:\wx_medgold\wx_agmerra_andalusia\agmerra_1425_210_ESP.txt	-3.8750	37.6250	1	2192	12	31	1985	2612.3	3.6	6815.1	7424.6	   121.0	     1.0	165.8	1801.3	551.6	0.000	0.0	0.0	16664.62	84499.33	38188.879	38630.83	5092.26	5554.00	70.84
OliveGIS	30set19	19:23:17	D:\wx_medgold\wx_agmerra_andalusia\agmerra_1425_211_ESP.txt	-3.8750	37.3750	1	2192	12	31	1985	2598.0	7.4	5628.0	5856.5	   130.0	     1.0	218.0	2110.0	391.1	0.000	0.0	0.0	19381.64	95575.11	75606.604	49793.94	4985.89	4845.50	77.84
OliveGIS	30set19	19:23:26	D:\wx_medgold\wx_agmerra_andalusia\agmerra_1425_212_ESP.txt	-3.8750	37.1250	1	2192	12	31	1985	2607.3	4.9	6508.1	6871.4	   121.0	     1.0	177.9	1887.3	392.3	0.000	0.0	0.0	18462.63	91902.27	42775.195	55496.04	5239.49	5432.01	74.49
OliveGIS	30set19	19:23:35	D:\wx_medgold\wx_agmerra_andalusia\agmerra_1425_213_ESP.txt	-3.8750	36.8750	1	2192	12	31	1985	2612.8	2.7	7833.8	8323.7	   115.0	     1.0	149.3	1715.8	331.6	0.000	0.0	0.0	17232.20	87997.25	39224.179	29319.25	5359.24	6009.22	68.51
OliveGIS	30set19	19:23:45	D:\wx_medgold\wx_agmerra_andalusia\agmerra_1426_207_ESP.txt	-3.6250	38.3750	1	2192	12	31	1985	2611.8	10.1	5772.3	6168.9	   135.0	     1.0	240.6	2056.3	447.4	0.000	0.0	0.0	18873.72	94894.50	88538.825	36467.50	4945.34	4957.89	75.58
OliveGIS	30set19	19:23:54	D:\wx_medgold\wx_agmerra_andalusia\agmerra_1426_208_ESP.txt	-3.6250	38.1250	1	2192	12	31	1985	2607.2	7.1	6323.3	6807.3	   124.0	     1.0	202.8	1913.8	417.8	0.000	0.0	0.0	17498.91	90055.64	55421.320	39932.95	5072.40	5244.16	73.01
OliveGIS	30set19	19:24:03	D:\wx_medgold\wx_agmerra_andalusia\agmerra_1426_209_ESP.txt	-3.6250	37.8750	1	2192	12	31	1985	2615.4	4.1	7493.9	8619.0	   116.0	     1.0	159.5	1463.7	502.0	0.000	0.0	0.0	9155.43	51048.54	21829.469	14151.93	3269.45	4456.70	49.11
OliveGIS	30set19	19:24:12	D:\wx_medgold\wx_agmerra_andalusia\agmerra_1426_210_ESP.txt	-3.6250	37.6250	1	2192	12	31	1985	2617.8	5.6	5808.0	6232.7	   125.0	     1.0	195.2	1968.2	531.4	0.000	0.0	0.0	17948.89	90582.19	55564.165	55502.88	5061.77	5042.40	75.93
OliveGIS	30set19	19:24:20	D:\wx_medgold\wx_agmerra_andalusia\agmerra_1426_211_ESP.txt	-3.6250	37.3750	1	2192	12	31	1985	2603.1	10.6	5753.0	5906.2	   138.0	     1.0	257.5	2262.3	394.8	0.000	0.0	0.0	24292.19	123266.89	101706.006	43392.03	5774.52	5031.58	80.07
OliveGIS	30set19	19:24:28	D:\wx_medgold\wx_agmerra_andalusia\agmerra_1426_212_ESP.txt	-3.6250	37.1250	1	2192	12	31	1985	2604.3	6.7	5903.8	6141.5	   125.0	     1.0	208.3	2047.4	470.4	0.000	0.0	0.0	20041.64	101785.28	78581.201	57880.70	5475.02	5099.21	78.02
OliveGIS	30set19	19:24:37	D:\wx_medgold\wx_agmerra_andalusia\agmerra_1426_213_ESP.txt	-3.6250	36.8750	1	2192	12	31	1985	2617.5	3.3	6714.3	7047.1	   120.0	     1.0	167.9	1842.2	320.8	0.000	0.0	0.0	18492.55	91806.57	41684.326	45508.37	5335.14	5567.59	74.29
OliveGIS	30set19	19:24:47	D:\wx_medgold\wx_agmerra_andalusia\agmerra_1427_207_ESP.txt	-3.3750	38.3750	1	2192	12	31	1985	2607.1	8.6	5965.4	6472.1	   129.0	     1.0	217.5	1902.5	475.3	0.000	0.0	0.0	16818.47	86393.10	77054.076	40943.71	4821.53	4993.62	73.01
OliveGIS	30set19	19:24:56	D:\wx_medgold\wx_agmerra_andalusia\agmerra_1427_208_ESP.txt	-3.3750	38.1250	1	2192	12	31	1985	2605.9	6.1	6685.3	7277.3	   122.0	     1.0	186.2	1797.1	452.9	0.000	0.0	0.0	16441.42	83654.01	38013.979	30343.08	4891.52	5384.34	70.27
OliveGIS	30set19	19:25:07	D:\wx_medgold\wx_agmerra_andalusia\agmerra_1427_209_ESP.txt	-3.3750	37.8750	1	2192	12	31	1985	2608.4	4.6	6685.1	7372.2	   120.0	     1.0	165.1	1638.7	426.5	0.000	0.0	0.0	13596.18	70863.00	31436.600	26790.16	4400.24	5089.20	65.70
OliveGIS	30set19	19:25:16	D:\wx_medgold\wx_agmerra_andalusia\agmerra_1427_210_ESP.txt	-3.3750	37.6250	1	2192	12	31	1985	2610.5	7.2	5479.4	5695.6	   131.0	     1.0	213.6	2190.8	451.8	0.000	0.0	0.0	20660.49	101784.56	77976.160	62376.54	5098.01	4803.19	79.12
OliveGIS	30set19	19:25:24	D:\wx_medgold\wx_agmerra_andalusia\agmerra_1427_211_ESP.txt	-3.3750	37.3750	1	2192	12	31	1985	2042.2	37.8	787.3	822.6	   168.0	     1.0	613.9	2940.1	222.0	0.000	0.0	0.1	5422.41	31792.95	37667.068	6137.39	920.37	707.72	73.17
OliveGIS	30set19	19:25:29	D:\wx_medgold\wx_agmerra_andalusia\agmerra_1427_212_ESP.txt	-3.3750	37.1250	1	2192	12	31	1985	2215.0	24.2	2564.3	2580.1	   162.0	     1.0	503.3	2846.2	601.7	0.000	0.0	0.0	17291.49	99322.83	111446.874	20351.48	2912.52	2129.69	77.14
OliveGIS	30set19	19:25:37	D:\wx_medgold\wx_agmerra_andalusia\agmerra_1427_213_ESP.txt	-3.3750	36.8750	1	2192	12	31	1985	2601.6	10.1	5826.8	5859.2	   144.0	     1.0	281.6	2413.4	472.1	0.000	0.0	0.0	28120.21	152981.21	112591.585	52701.80	6555.71	5049.68	81.07
OliveGIS	30set19	19:25:45	D:\wx_medgold\wx_agmerra_andalusia\agmerra_1428_207_ESP.txt	-3.1250	38.3750	1	2192	12	31	1985	2609.7	11.1	5745.2	6037.8	   136.0	     1.0	245.4	2097.5	457.9	0.000	0.0	0.0	21180.90	105399.74	107912.334	50526.23	5255.73	5037.57	78.24
OliveGIS	30set19	19:25:54	D:\wx_medgold\wx_agmerra_andalusia\agmerra_1428_208_ESP.txt	-3.1250	38.1250	1	2192	12	31	1985	2606.6	9.1	5792.1	6069.7	   131.0	     1.0	222.7	2088.1	475.1	0.000	0.0	0.0	20617.24	103581.72	91631.826	48303.56	5367.83	5064.37	78.26
OliveGIS	30set19	19:26:02	D:\wx_medgold\wx_agmerra_andalusia\agmerra_1428_209_ESP.txt	-3.1250	37.8750	1	2192	12	31	1985	2608.3	6.9	6027.7	6405.0	   124.0	     1.0	195.2	1930.4	438.2	0.000	0.0	0.0	18473.21	93901.43	66366.024	57954.09	5244.33	5169.66	75.95
OliveGIS	30set19	19:26:10	D:\wx_medgold\wx_agmerra_andalusia\agmerra_1428_210_ESP.txt	-3.1250	37.6250	1	2192	12	31	1985	2608.7	8.7	5513.8	5670.1	   133.0	     1.0	230.2	2254.5	439.3	0.000	0.0	0.0	22849.18	113268.11	97000.824	54020.60	5449.62	4880.21	80.53
OliveGIS	30set19	19:26:17	D:\wx_medgold\wx_agmerra_andalusia\agmerra_1428_211_ESP.txt	-3.1250	37.3750	1	2192	12	31	1985	2071.7	37.0	757.0	784.5	   166.0	     1.0	603.3	2892.7	218.5	0.000	0.0	0.2	5635.53	29514.64	40797.704	7579.13	891.46	682.32	73.23
OliveGIS	30set19	19:26:23	D:\wx_medgold\wx_agmerra_andalusia\agmerra_1428_212_ESP.txt	-3.1250	37.1250	1	2192	12	31	1985	2310.4	18.8	6409.6	6393.2	   156.0	     1.0	452.9	2772.5	452.9	0.000	0.0	0.0	37478.99	241038.34	231710.857	46254.15	6665.46	5026.42	76.03
OliveGIS	30set19	19:26:30	D:\wx_medgold\wx_agmerra_andalusia\agmerra_1428_213_ESP.txt	-3.1250	36.8750	1	2192	12	31	1985	2607.7	7.8	5637.8	5696.7	   139.0	     1.0	247.2	2308.9	298.0	0.000	0.0	0.0	25239.81	129122.70	97622.661	51019.43	5824.89	4896.09	81.05
OliveGIS	30set19	19:26:38	D:\wx_medgold\wx_agmerra_andalusia\agmerra_1429_207_ESP.txt	-2.8750	38.3750	1	2192	12	31	1985	2605.1	18.8	4215.4	4324.7	   147.0	     1.0	320.3	2316.8	427.4	0.000	0.0	0.1	20833.11	115068.32	111835.232	39381.57	5103.63	3794.55	81.93
OliveGIS	30set19	19:26:46	D:\wx_medgold\wx_agmerra_andalusia\agmerra_1429_208_ESP.txt	-2.8750	38.1250	1	2192	12	31	1985	2601.5	17.3	6264.3	6377.0	   147.0	     1.0	311.3	2371.2	507.9	0.000	0.0	0.1	31623.00	178662.43	169830.685	55021.09	7737.98	5569.65	81.93
OliveGIS	30set19	19:26:52	D:\wx_medgold\wx_agmerra_andalusia\agmerra_1429_209_ESP.txt	-2.8750	37.8750	1	2192	12	31	1985	2563.0	14.4	6423.1	6485.3	   148.0	     1.0	372.3	2534.2	518.3	0.000	0.0	0.0	34370.60	231666.68	223154.040	64410.18	7771.41	5557.93	81.50
OliveGIS	30set19	19:26:59	D:\wx_medgold\wx_agmerra_andalusia\agmerra_1429_210_ESP.txt	-2.8750	37.6250	1	2192	12	31	1985	2499.0	14.9	6068.5	6101.9	   148.0	     1.0	386.9	2607.2	375.5	0.000	0.0	0.0	32791.69	222841.42	197579.746	53333.55	6970.02	5096.25	80.34
OliveGIS	30set19	19:27:05	D:\wx_medgold\wx_agmerra_andalusia\agmerra_1429_211_ESP.txt	-2.8750	37.3750	1	2192	12	31	1985	1467.0	92.3	0.3	0.6	   188.0	     1.0	941.3	3323.0	309.8	0.000	0.3	1.4	2.37	14.14	11.197	46.11	0.31	0.34	50.88
OliveGIS	30set19	19:27:11	D:\wx_medgold\wx_agmerra_andalusia\agmerra_1429_212_ESP.txt	-2.8750	37.1250	1	2192	12	31	1985	1721.0	42.0	223.1	291.0	   177.0	     1.0	681.6	3351.9	349.6	0.000	0.0	0.1	1851.95	9603.11	11455.033	1854.04	270.65	208.22	59.39
OliveGIS	30set19	19:27:16	D:\wx_medgold\wx_agmerra_andalusia\agmerra_1429_213_ESP.txt	-2.8750	36.8750	1	2192	12	31	1985	2621.6	1.5	7293.9	7516.7	   114.0	     1.0	130.7	1839.8	280.4	0.000	0.0	0.0	22613.36	111533.23	51015.288	67343.09	6392.78	6239.80	77.34
OliveGIS	30set19	19:27:25	D:\wx_medgold\wx_agmerra_andalusia\agmerra_1430_207_ESP.txt	-2.6250	38.3750	1	2192	12	31	1985	2513.8	26.2	1170.5	1186.7	   150.0	     1.0	458.7	2475.1	449.2	0.000	0.0	0.3	7424.89	44208.49	67933.037	20766.82	1556.59	1080.84	83.22
OliveGIS	30set19	19:27:32	D:\wx_medgold\wx_agmerra_andalusia\agmerra_1430_208_ESP.txt	-2.6250	38.1250	1	2192	12	31	1985	2436.3	25.3	1616.5	1629.4	   152.0	     1.0	462.1	2580.6	591.8	0.000	0.0	0.3	10095.69	60611.44	94998.010	27562.01	2027.71	1428.55	81.98
OliveGIS	30set19	19:27:38	D:\wx_medgold\wx_agmerra_andalusia\agmerra_1430_209_ESP.txt	-2.6250	37.8750	1	2192	12	31	1985	2413.5	18.6	7019.8	7056.7	   151.0	     1.0	418.5	2690.6	520.5	0.000	0.0	0.1	40327.35	265073.06	266109.629	63431.27	8234.58	5853.33	80.50
OliveGIS	30set19	19:27:45	D:\wx_medgold\wx_agmerra_andalusia\agmerra_1430_210_ESP.txt	-2.6250	37.6250	1	2192	12	31	1985	2498.2	15.8	6036.3	6069.8	   146.0	     1.0	390.5	2622.8	364.8	0.000	0.0	0.0	32783.01	219298.78	196390.451	51858.85	6925.02	5087.78	80.72
OliveGIS	30set19	19:27:51	D:\wx_medgold\wx_agmerra_andalusia\agmerra_1430_211_ESP.txt	-2.6250	37.3750	1	2192	12	31	1985	1539.9	79.0	1.5	2.4	   183.0	     1.0	873.6	3333.6	286.1	0.000	0.2	1.1	12.25	67.96	49.845	64.92	1.44	1.53	59.14
OliveGIS	30set19	19:27:56	D:\wx_medgold\wx_agmerra_andalusia\agmerra_1430_212_ESP.txt	-2.6250	37.1250	1	2192	12	31	1985	1852.9	27.9	750.8	876.0	   169.0	     1.0	578.3	3314.8	293.0	0.000	0.0	0.0	7825.14	34053.83	82451.508	13199.93	1049.18	734.13	69.92
OliveGIS	30set19	19:28:02	D:\wx_medgold\wx_agmerra_andalusia\agmerra_1430_213_ESP.txt	-2.6250	36.8750	1	2192	12	31	1985	2626.6	1.0	7938.5	8260.6	   107.0	     1.0	100.1	1616.4	204.1	0.000	0.0	0.0	21234.26	105290.03	47738.348	47365.49	6273.92	6487.18	73.87
OliveGIS	30set19	19:28:10	D:\wx_medgold\wx_agmerra_andalusia\agmerra_1431_209_ESP.txt	-2.3750	37.8750	1	2192	12	31	1985	2010.8	32.4	786.1	835.8	   167.0	     1.0	581.0	3066.9	402.9	0.000	0.0	0.3	7489.41	36471.36	66903.876	13068.33	1052.76	782.48	74.94
OliveGIS	30set19	19:28:16	D:\wx_medgold\wx_agmerra_andalusia\agmerra_1431_210_ESP.txt	-2.3750	37.6250	1	2192	12	31	1985	2164.4	23.5	3071.3	3133.7	   160.0	     1.0	496.2	2989.5	373.8	0.000	0.0	0.0	20443.50	112718.13	141966.060	27167.07	3111.76	2464.84	74.99
OliveGIS	30set19	19:28:22	D:\wx_medgold\wx_agmerra_andalusia\agmerra_1431_211_ESP.txt	-2.3750	37.3750	1	2192	12	31	1985	2105.6	22.7	2923.8	3018.9	   162.0	     1.0	497.1	3078.1	234.4	0.000	0.0	0.0	20006.28	107812.87	144917.004	35422.99	2877.28	2349.78	74.00
OliveGIS	30set19	19:28:28	D:\wx_medgold\wx_agmerra_andalusia\agmerra_1431_212_ESP.txt	-2.3750	37.1250	1	2192	12	31	1985	2444.5	4.1	5725.7	5721.0	   145.0	     1.0	271.2	2952.0	282.2	0.000	0.0	0.0	32926.31	218388.60	192203.658	90495.74	7347.54	4871.72	82.38
OliveGIS	30set19	19:28:35	D:\wx_medgold\wx_agmerra_andalusia\agmerra_1431_213_ESP.txt	-2.3750	36.8750	1	2192	12	31	1985	2623.9	0.7	7802.3	8145.7	   105.0	     1.0	85.2	1502.9	173.3	0.000	0.0	0.0	20769.99	103650.42	46891.729	39469.39	6183.65	6390.11	73.80
OliveGIS	30set19	19:28:45	D:\wx_medgold\wx_agmerra_andalusia\agmerra_1432_209_ESP.txt	-2.1250	37.8750	1	2192	12	31	1985	2157.7	24.9	2240.5	2293.1	   159.0	     1.0	503.0	2990.8	387.3	0.000	0.0	0.1	16455.98	93007.87	114583.084	23308.84	2656.50	1932.50	78.78
OliveGIS	30set19	19:28:51	D:\wx_medgold\wx_agmerra_andalusia\agmerra_1432_210_ESP.txt	-2.1250	37.6250	1	2192	12	31	1985	2401.6	14.8	6776.4	6798.6	   147.0	     1.0	383.2	2814.5	376.3	0.000	0.0	0.0	38740.98	256698.39	224297.340	74124.67	7762.00	5598.50	80.08
OliveGIS	30set19	19:28:58	D:\wx_medgold\wx_agmerra_andalusia\agmerra_1432_211_ESP.txt	-2.1250	37.3750	1	2192	12	31	1985	2355.5	10.7	5903.4	5941.5	   148.0	     1.0	356.7	2941.0	244.7	0.000	0.0	0.0	35003.47	228930.76	202092.258	72552.16	6993.51	4930.93	80.64
OliveGIS	30set19	19:29:04	D:\wx_medgold\wx_agmerra_andalusia\agmerra_1432_212_ESP.txt	-2.1250	37.1250	1	2192	12	31	1985	2610.1	1.3	5334.1	5304.3	   129.0	     1.0	129.6	2797.5	231.8	0.000	0.0	0.0	31694.59	165558.78	120063.453	111509.43	7557.35	4933.62	86.64
OliveGIS	30set19	19:29:14	D:\wx_medgold\wx_agmerra_andalusia\agmerra_1432_213_ESP.txt	-2.1250	36.8750	1	2192	12	31	1985	2614.3	0.1	10006.4	10461.2	    97.0	     1.0	47.3	1200.7	168.3	0.000	0.0	0.0	26239.02	131580.52	60174.440	35124.65	7922.94	8114.60	73.81
OliveGIS	30set19	19:29:22	D:\wx_medgold\wx_agmerra_andalusia\agmerra_1433_211_ESP.txt	-1.8750	37.3750	1	2192	12	31	1985	2610.4	3.9	7402.2	7750.3	   111.0	     1.0	146.1	1773.1	277.1	0.000	0.0	0.0	22449.56	111226.93	51623.642	57605.93	6418.30	6272.27	76.33
OliveGIS	30set19	19:29:31	D:\wx_medgold\wx_agmerra_andalusia\agmerra_1433_212_ESP.txt	-1.8750	37.1250	1	2192	12	31	1985	2623.2	0.3	8245.3	8581.5	   101.0	     1.0	59.0	1522.7	234.3	0.000	0.0	0.0	26508.50	129585.20	61087.429	48988.51	7636.44	7167.25	78.34
