Model	Date	Time	WxFile	Long	Lat	JdStart	DysToOut	Month	Day	Year	dd	ddbZero	FruWgt	fruNum	Bloomday	BloomYr	DDBSum	ChillHD	PrcpYrSum	TempIncr	ddbMinus10	ddbMinus83	OFEgDays	OFLrDays	OFPuDays	OFAdDays	OfPupSum	DamFrSum	PrcntAtkd
OliveGIS	30set19	19:09:55	D:\wx_medgold\wx_agmerra_andalusia\agmerra_1411_210_ESP.txt	-7.3750	37.6250	1	1826	12	30	1984	2625.8	0.0	8374.0	8646.9	   114.0	     1.0	92.5	2568.4	486.2	0.000	0.0	0.0	29411.96	153583.60	70289.485	18527.05	6897.52	6653.13	73.26
OliveGIS	30set19	19:10:04	D:\wx_medgold\wx_agmerra_andalusia\agmerra_1411_211_ESP.txt	-7.3750	37.3750	1	1826	12	30	1984	2619.9	0.0	8724.5	9006.9	   113.0	     1.0	89.3	2450.6	421.7	0.000	0.0	0.0	29973.69	154387.28	67259.135	18712.59	7029.19	6936.20	73.51
OliveGIS	30set19	19:10:14	D:\wx_medgold\wx_agmerra_andalusia\agmerra_1412_209_ESP.txt	-7.1250	37.8750	1	1826	12	30	1984	2617.5	0.0	6875.2	6960.7	   122.0	     1.0	121.0	2898.2	524.7	0.000	0.0	0.0	29579.46	184997.76	105829.637	29916.11	6873.62	5406.55	74.25
OliveGIS	30set19	19:10:22	D:\wx_medgold\wx_agmerra_andalusia\agmerra_1412_210_ESP.txt	-7.1250	37.6250	1	1826	12	30	1984	2618.6	0.0	7745.7	7964.3	   116.0	     1.0	100.6	2666.9	529.6	0.000	0.0	0.0	27906.15	148375.22	71724.254	18865.67	6473.26	6109.92	73.36
OliveGIS	30set19	19:10:29	D:\wx_medgold\wx_agmerra_andalusia\agmerra_1412_211_ESP.txt	-7.1250	37.3750	1	1826	12	30	1984	2619.3	0.0	8556.5	8861.6	   114.0	     1.0	96.8	2458.0	427.5	0.000	0.0	0.0	29097.10	150362.46	65431.116	18548.47	6845.40	6785.02	73.16
OliveGIS	30set19	19:10:37	D:\wx_medgold\wx_agmerra_andalusia\agmerra_1413_208_ESP.txt	-6.8750	38.1250	1	1826	12	30	1984	2609.1	0.4	6396.5	6500.0	   128.0	     1.0	157.5	2867.5	631.3	0.000	0.0	0.0	25350.20	176041.23	93951.223	29621.91	5775.48	4817.32	70.82
OliveGIS	30set19	19:10:44	D:\wx_medgold\wx_agmerra_andalusia\agmerra_1413_209_ESP.txt	-6.8750	37.8750	1	1826	12	30	1984	2617.9	0.0	7501.8	7707.2	   119.0	     1.0	114.8	2720.8	622.5	0.000	0.0	0.0	25591.19	138118.08	65218.435	17044.81	5628.22	5642.94	70.22
OliveGIS	30set19	19:10:51	D:\wx_medgold\wx_agmerra_andalusia\agmerra_1413_210_ESP.txt	-6.8750	37.6250	1	1826	12	30	1984	2619.0	0.0	8548.3	8998.1	   112.0	     1.0	89.7	2408.4	631.7	0.000	0.0	0.0	23938.55	122466.76	48424.472	13191.64	5573.07	6383.89	67.82
OliveGIS	30set19	19:10:59	D:\wx_medgold\wx_agmerra_andalusia\agmerra_1413_211_ESP.txt	-6.8750	37.3750	1	1826	12	30	1984	2627.2	0.0	9008.9	9531.5	   111.0	     1.0	81.2	2251.2	474.5	0.000	0.0	0.0	20567.97	103032.68	40659.247	10400.05	5188.86	6474.62	64.78
OliveGIS	30set19	19:11:10	D:\wx_medgold\wx_agmerra_andalusia\agmerra_1414_209_ESP.txt	-6.6250	37.8750	1	1826	12	30	1984	2616.1	0.1	6721.4	6834.7	   125.0	     1.0	133.3	2874.2	637.8	0.000	0.0	0.0	27779.18	167077.80	86082.883	28219.63	6106.28	5189.60	72.70
OliveGIS	30set19	19:11:17	D:\wx_medgold\wx_agmerra_andalusia\agmerra_1414_210_ESP.txt	-6.6250	37.6250	1	1826	12	30	1984	2629.1	0.0	8228.0	8606.3	   115.0	     1.0	98.8	2496.0	626.9	0.000	0.0	0.0	25708.57	134110.36	55756.206	14848.43	5900.63	6222.21	69.06
OliveGIS	30set19	19:11:25	D:\wx_medgold\wx_agmerra_andalusia\agmerra_1414_211_ESP.txt	-6.6250	37.3750	1	1826	12	30	1984	2634.9	0.0	8614.1	9155.1	   113.0	     1.0	91.4	2238.3	483.4	0.000	0.0	0.0	18935.70	94732.92	36602.944	9244.38	4709.08	6063.87	63.13
OliveGIS	30set19	19:11:34	D:\wx_medgold\wx_agmerra_andalusia\agmerra_1414_212_ESP.txt	-6.6250	37.1250	1	1826	12	30	1984	2642.6	0.0	9512.1	10038.5	   102.0	     1.0	25.4	2059.8	426.9	0.000	0.0	0.0	24818.62	124455.85	54989.066	15635.85	6945.43	7493.03	71.23
OliveGIS	30set19	19:11:41	D:\wx_medgold\wx_agmerra_andalusia\agmerra_1415_209_ESP.txt	-6.3750	37.8750	1	1826	12	30	1984	2616.8	0.2	6583.5	6741.5	   127.0	     1.0	150.4	2788.7	557.6	0.000	0.0	0.0	25987.94	142087.52	68936.523	21286.04	5433.57	5129.53	72.93
OliveGIS	30set19	19:11:49	D:\wx_medgold\wx_agmerra_andalusia\agmerra_1415_210_ESP.txt	-6.3750	37.6250	1	1826	12	30	1984	2623.8	0.0	7879.4	8349.0	   116.0	     1.0	111.0	2422.6	532.1	0.000	0.0	0.0	18950.72	95531.64	34652.396	9012.95	4101.44	5336.51	61.22
OliveGIS	30set19	19:11:57	D:\wx_medgold\wx_agmerra_andalusia\agmerra_1415_211_ESP.txt	-6.3750	37.3750	1	1826	12	30	1984	2629.1	0.0	9355.7	10297.1	   109.0	     1.0	75.1	2036.9	468.0	0.000	0.0	0.0	14059.12	73272.74	28808.751	6864.37	4227.39	5837.68	54.04
OliveGIS	30set19	19:12:06	D:\wx_medgold\wx_agmerra_andalusia\agmerra_1415_212_ESP.txt	-6.3750	37.1250	1	1826	12	30	1984	2654.0	0.0	9359.8	10132.6	   101.0	     1.0	28.8	1817.4	439.5	0.000	0.0	0.0	18566.25	97120.34	40834.891	11344.92	5724.24	6799.78	63.89
OliveGIS	30set19	19:12:15	D:\wx_medgold\wx_agmerra_andalusia\agmerra_1415_213_ESP.txt	-6.3750	36.8750	1	1826	12	30	1984	2626.8	0.0	9538.4	10143.3	   107.0	     1.0	37.6	2073.0	531.9	0.000	0.0	0.0	22096.48	113211.52	49155.159	13194.62	6384.52	7211.10	67.92
OliveGIS	30set19	19:12:24	D:\wx_medgold\wx_agmerra_andalusia\agmerra_1416_209_ESP.txt	-6.1250	37.8750	1	1826	12	30	1984	2612.4	0.2	6612.0	6781.0	   127.0	     1.0	158.3	2757.1	541.2	0.000	0.0	0.0	25409.37	140293.19	68436.684	20269.25	5395.22	5080.65	71.96
OliveGIS	30set19	19:12:31	D:\wx_medgold\wx_agmerra_andalusia\agmerra_1416_210_ESP.txt	-6.1250	37.6250	1	1826	12	30	1984	2624.4	0.0	8200.0	8735.7	   115.0	     1.0	114.2	2380.2	515.6	0.000	0.0	0.0	18079.41	89391.38	32532.594	8098.30	4099.06	5522.12	60.45
OliveGIS	30set19	19:12:39	D:\wx_medgold\wx_agmerra_andalusia\agmerra_1416_211_ESP.txt	-6.1250	37.3750	1	1826	12	30	1984	2622.4	0.0	9538.2	10646.9	   109.0	     1.0	88.1	1977.4	451.7	0.000	0.0	0.0	13053.13	68991.62	26609.825	6352.41	4032.26	5700.54	51.14
OliveGIS	30set19	19:12:48	D:\wx_medgold\wx_agmerra_andalusia\agmerra_1416_212_ESP.txt	-6.1250	37.1250	1	1826	12	30	1984	2645.2	0.0	9036.0	10019.6	   103.0	     1.0	53.4	1809.1	445.8	0.000	0.0	0.0	15535.05	81764.85	33136.602	8993.36	4832.60	6205.24	59.00
OliveGIS	30set19	19:12:58	D:\wx_medgold\wx_agmerra_andalusia\agmerra_1416_213_ESP.txt	-6.1250	36.8750	1	1826	12	30	1984	2626.0	0.0	9892.6	10823.3	   109.0	     1.0	76.6	1961.1	566.1	0.000	0.0	0.0	15479.74	80082.71	31295.505	7357.83	4511.18	6221.81	54.82
OliveGIS	30set19	19:13:06	D:\wx_medgold\wx_agmerra_andalusia\agmerra_1416_214_ESP.txt	-6.1250	36.6250	1	1826	12	30	1984	2627.8	0.0	9948.6	10585.5	   108.0	     1.0	47.3	2233.2	534.9	0.000	0.0	0.0	23833.72	120248.58	50185.394	13238.66	6423.63	7520.70	67.72
OliveGIS	30set19	19:13:15	D:\wx_medgold\wx_agmerra_andalusia\agmerra_1416_215_ESP.txt	-6.1250	36.3750	1	1826	12	30	1984	2623.1	0.0	9270.3	10303.1	   110.0	     1.0	70.3	2019.9	492.5	0.000	0.0	0.0	13606.43	70049.60	26928.818	6276.62	3948.06	5664.73	52.46
OliveGIS	30set19	19:13:24	D:\wx_medgold\wx_agmerra_andalusia\agmerra_1417_208_ESP.txt	-5.8750	38.1250	1	1826	12	30	1984	2610.7	1.7	5964.2	6148.1	   138.0	     1.0	218.7	2759.1	544.7	0.000	0.0	0.0	22021.81	160617.78	99909.619	21172.99	5047.68	4197.05	65.51
OliveGIS	30set19	19:13:31	D:\wx_medgold\wx_agmerra_andalusia\agmerra_1417_209_ESP.txt	-5.8750	37.8750	1	1826	12	30	1984	2613.8	0.4	6610.2	6840.0	   127.0	     1.0	168.5	2656.1	539.4	0.000	0.0	0.0	20262.79	108696.94	47519.874	12648.62	4162.75	4626.03	64.98
OliveGIS	30set19	19:13:39	D:\wx_medgold\wx_agmerra_andalusia\agmerra_1417_210_ESP.txt	-5.8750	37.6250	1	1826	12	30	1984	2630.8	0.1	8308.3	8931.1	   115.0	     1.0	124.4	2325.1	502.8	0.000	0.0	0.0	16016.71	78026.55	28755.082	6869.09	3761.04	5379.70	57.47
OliveGIS	30set19	19:13:47	D:\wx_medgold\wx_agmerra_andalusia\agmerra_1417_211_ESP.txt	-5.8750	37.3750	1	1826	12	30	1984	2646.0	0.0	9504.4	10792.6	   108.0	     1.0	82.9	1874.5	477.8	0.000	0.0	0.0	12341.83	65978.67	25217.061	6367.11	3904.59	5630.81	49.62
OliveGIS	30set19	19:13:57	D:\wx_medgold\wx_agmerra_andalusia\agmerra_1417_212_ESP.txt	-5.8750	37.1250	1	1826	12	30	1984	2636.3	0.0	8920.8	10056.5	   103.0	     1.0	63.0	1816.4	453.9	0.000	0.0	0.0	13707.79	72711.31	28873.225	7761.15	4285.25	5814.69	55.14
OliveGIS	30set19	19:14:08	D:\wx_medgold\wx_agmerra_andalusia\agmerra_1417_213_ESP.txt	-5.8750	36.8750	1	1826	12	30	1984	2628.8	0.0	9671.0	10480.6	   109.0	     1.0	70.9	2081.9	484.6	0.000	0.0	0.0	15944.06	81648.34	32090.803	7554.84	4549.43	6191.11	56.42
OliveGIS	30set19	19:14:17	D:\wx_medgold\wx_agmerra_andalusia\agmerra_1417_214_ESP.txt	-5.8750	36.6250	1	1826	12	30	1984	2632.2	0.0	9418.1	10011.9	   106.0	     1.0	41.1	2220.7	540.1	0.000	0.0	0.0	20519.12	102758.45	42218.749	10761.09	5572.09	6821.90	64.98
OliveGIS	30set19	19:14:25	D:\wx_medgold\wx_agmerra_andalusia\agmerra_1417_215_ESP.txt	-5.8750	36.3750	1	1826	12	30	1984	2631.6	0.0	9482.8	9884.5	   107.0	     1.0	32.2	2428.8	568.9	0.000	0.0	0.0	30243.60	152367.39	68228.927	20444.78	8030.18	7852.11	75.74
OliveGIS	30set19	19:14:32	D:\wx_medgold\wx_agmerra_andalusia\agmerra_1418_208_ESP.txt	-5.6250	38.1250	1	1826	12	30	1984	2609.0	1.6	6327.0	6592.5	   134.0	     1.0	206.1	2671.9	565.7	0.000	0.0	0.0	22527.93	129294.83	58870.180	16882.33	4341.39	4430.12	64.78
OliveGIS	30set19	19:14:40	D:\wx_medgold\wx_agmerra_andalusia\agmerra_1418_209_ESP.txt	-5.6250	37.8750	1	1826	12	30	1984	2616.7	0.4	6917.7	7242.9	   124.0	     1.0	162.4	2542.5	532.3	0.000	0.0	0.0	19336.25	101731.83	42508.380	9895.70	4123.55	4817.56	63.71
OliveGIS	30set19	19:14:48	D:\wx_medgold\wx_agmerra_andalusia\agmerra_1418_210_ESP.txt	-5.6250	37.6250	1	1826	12	30	1984	2622.7	0.2	8518.7	9219.2	   114.0	     1.0	124.8	2272.5	503.2	0.000	0.0	0.0	14934.03	73089.76	27638.718	6302.75	3709.52	5369.81	55.66
OliveGIS	30set19	19:14:56	D:\wx_medgold\wx_agmerra_andalusia\agmerra_1418_211_ESP.txt	-5.6250	37.3750	1	1826	12	30	1984	2627.9	0.0	9691.0	10941.1	   109.0	     1.0	92.5	1961.1	480.3	0.000	0.0	0.0	12318.45	65360.60	24663.105	5931.70	3795.16	5556.24	48.53
OliveGIS	30set19	19:15:05	D:\wx_medgold\wx_agmerra_andalusia\agmerra_1418_212_ESP.txt	-5.6250	37.1250	1	1826	12	30	1984	2639.7	0.0	9436.9	10400.5	   109.0	     1.0	83.6	2144.0	479.9	0.000	0.0	0.0	14261.37	72995.37	28046.252	6458.05	4039.53	5791.56	52.91
OliveGIS	30set19	19:15:13	D:\wx_medgold\wx_agmerra_andalusia\agmerra_1418_213_ESP.txt	-5.6250	36.8750	1	1826	12	30	1984	2622.2	0.0	8157.1	8542.6	   117.0	     1.0	96.6	2494.1	524.0	0.000	0.0	0.0	22946.60	120948.06	48635.678	12083.30	5298.91	5835.19	65.44
OliveGIS	30set19	19:15:22	D:\wx_medgold\wx_agmerra_andalusia\agmerra_1418_214_ESP.txt	-5.6250	36.6250	1	1826	12	30	1984	2622.2	0.0	8970.6	9313.9	   112.0	     1.0	55.6	2580.7	557.7	0.000	0.0	0.0	29883.45	154433.45	69018.495	19304.07	7242.04	7162.45	73.35
OliveGIS	30set19	19:15:29	D:\wx_medgold\wx_agmerra_andalusia\agmerra_1418_215_ESP.txt	-5.6250	36.3750	1	1826	12	30	1984	2640.2	0.0	8945.1	9183.5	   112.0	     1.0	41.1	2673.0	686.7	0.000	0.0	0.0	35990.50	190289.87	100442.931	31512.51	9371.81	7668.63	79.30
OliveGIS	30set19	19:15:37	D:\wx_medgold\wx_agmerra_andalusia\agmerra_1418_216_ESP.txt	-5.6250	36.1250	1	1826	12	30	1984	2659.5	0.0	8740.6	8982.4	   103.0	     1.0	2.9	2662.9	485.8	0.000	0.0	0.0	43653.88	227560.43	135622.426	56436.49	12446.08	8153.37	85.75
OliveGIS	30set19	19:15:44	D:\wx_medgold\wx_agmerra_andalusia\agmerra_1419_207_ESP.txt	-5.3750	38.3750	1	1826	12	30	1984	2558.3	4.4	6061.2	6310.4	   152.0	     1.0	299.7	2744.4	512.7	0.000	0.0	0.0	18052.30	144084.77	116071.157	13500.18	4004.97	3528.80	54.60
OliveGIS	30set19	19:15:51	D:\wx_medgold\wx_agmerra_andalusia\agmerra_1419_208_ESP.txt	-5.3750	38.1250	1	1826	12	30	1984	2612.0	2.5	6170.9	6481.4	   140.0	     1.0	231.3	2601.1	549.6	0.000	0.0	0.0	21404.80	131152.36	58435.307	17125.31	4134.08	4202.57	62.48
OliveGIS	30set19	19:15:59	D:\wx_medgold\wx_agmerra_andalusia\agmerra_1419_209_ESP.txt	-5.3750	37.8750	1	1826	12	30	1984	2625.1	0.3	7865.9	8529.4	   118.0	     1.0	137.7	2320.8	558.2	0.000	0.0	0.0	14490.59	70399.62	25090.532	6036.24	3301.59	4899.27	54.87
OliveGIS	30set19	19:16:07	D:\wx_medgold\wx_agmerra_andalusia\agmerra_1419_210_ESP.txt	-5.3750	37.6250	1	1826	12	30	1984	2623.0	0.1	8954.0	9985.9	   110.0	     1.0	109.6	2082.7	513.0	0.000	0.0	0.0	12882.32	66165.66	25385.604	5794.61	3716.62	5366.69	51.34
OliveGIS	30set19	19:16:16	D:\wx_medgold\wx_agmerra_andalusia\agmerra_1419_211_ESP.txt	-5.3750	37.3750	1	1826	12	30	1984	2631.5	0.0	9609.7	10705.0	   109.0	     1.0	97.0	1988.0	505.3	0.000	0.0	0.0	13998.08	72856.70	28004.538	6708.84	4158.22	5890.82	52.46
OliveGIS	30set19	19:16:25	D:\wx_medgold\wx_agmerra_andalusia\agmerra_1419_212_ESP.txt	-5.3750	37.1250	1	1826	12	30	1984	2628.9	0.1	8492.9	9072.8	   114.0	     1.0	102.1	2416.9	508.5	0.000	0.0	0.0	19050.16	94493.94	35635.594	8860.98	4485.16	5902.39	62.21
OliveGIS	30set19	19:16:33	D:\wx_medgold\wx_agmerra_andalusia\agmerra_1419_213_ESP.txt	-5.3750	36.8750	1	1826	12	30	1984	2379.4	0.6	5630.0	5659.9	   150.0	     1.0	208.9	3228.2	519.8	0.000	0.0	0.0	23869.46	157236.79	145449.145	37412.69	4833.60	3904.56	67.73
OliveGIS	30set19	19:16:40	D:\wx_medgold\wx_agmerra_andalusia\agmerra_1419_214_ESP.txt	-5.3750	36.6250	1	1826	12	30	1984	2430.5	0.0	5455.6	5468.0	   135.0	     1.0	131.6	3377.4	558.0	0.000	0.0	0.0	31725.47	186921.26	175176.068	85859.37	6981.38	4575.87	81.49
OliveGIS	30set19	19:16:48	D:\wx_medgold\wx_agmerra_andalusia\agmerra_1419_215_ESP.txt	-5.3750	36.3750	1	1826	12	30	1984	2641.6	0.0	9101.4	9401.5	   110.0	     1.0	38.1	2568.1	577.5	0.000	0.0	0.0	35610.62	183433.18	93493.340	31613.88	9360.09	7874.68	79.51
OliveGIS	30set19	19:16:55	D:\wx_medgold\wx_agmerra_andalusia\agmerra_1420_206_ESP.txt	-5.1250	38.6250	1	1826	12	30	1984	2608.5	2.6	5590.7	5886.3	   148.0	     1.0	258.7	2703.7	539.8	0.000	0.0	0.0	20560.62	162743.48	106177.324	18926.70	4794.26	3850.60	63.03
OliveGIS	30set19	19:17:03	D:\wx_medgold\wx_agmerra_andalusia\agmerra_1420_207_ESP.txt	-5.1250	38.3750	1	1826	12	30	1984	2514.9	4.2	6152.3	6377.1	   153.0	     1.0	306.2	2793.7	523.4	0.000	0.0	0.0	19579.65	154898.33	137378.049	18105.57	4375.18	3677.61	56.81
OliveGIS	30set19	19:17:10	D:\wx_medgold\wx_agmerra_andalusia\agmerra_1420_208_ESP.txt	-5.1250	38.1250	1	1826	12	30	1984	2609.6	2.4	6309.8	6639.9	   136.0	     1.0	228.4	2571.6	544.0	0.000	0.0	0.0	22375.65	124970.42	52942.744	16796.99	4156.82	4415.09	64.19
OliveGIS	30set19	19:17:19	D:\wx_medgold\wx_agmerra_andalusia\agmerra_1420_209_ESP.txt	-5.1250	37.8750	1	1826	12	30	1984	2619.7	0.3	7942.6	8665.3	   117.0	     1.0	138.7	2296.7	546.7	0.000	0.0	0.0	13699.28	66829.24	24277.380	5652.63	3233.08	4857.92	53.62
OliveGIS	30set19	19:17:27	D:\wx_medgold\wx_agmerra_andalusia\agmerra_1420_210_ESP.txt	-5.1250	37.6250	1	1826	12	30	1984	2635.6	0.1	8717.1	9699.7	   112.0	     1.0	115.2	2140.6	503.6	0.000	0.0	0.0	13059.48	66433.62	25127.749	5624.83	3606.62	5276.25	51.81
OliveGIS	30set19	19:17:37	D:\wx_medgold\wx_agmerra_andalusia\agmerra_1420_211_ESP.txt	-5.1250	37.3750	1	1826	12	30	1984	2631.5	0.1	8998.5	10005.0	   111.0	     1.0	103.6	2072.6	497.1	0.000	0.0	0.0	13659.61	69983.59	26849.820	6177.56	3879.24	5558.41	52.97
OliveGIS	30set19	19:17:45	D:\wx_medgold\wx_agmerra_andalusia\agmerra_1420_212_ESP.txt	-5.1250	37.1250	1	1826	12	30	1984	2624.5	0.1	8201.3	8751.0	   115.0	     1.0	108.2	2437.8	494.9	0.000	0.0	0.0	19215.65	96623.46	35456.323	9147.39	4244.82	5607.45	61.26
OliveGIS	30set19	19:17:53	D:\wx_medgold\wx_agmerra_andalusia\agmerra_1420_213_ESP.txt	-5.1250	36.8750	1	1826	12	30	1984	2389.1	0.3	5698.2	5724.2	   149.0	     1.0	199.4	3229.5	499.9	0.000	0.0	0.0	26074.96	171334.53	164562.229	44625.48	5489.36	4137.48	70.93
OliveGIS	30set19	19:18:01	D:\wx_medgold\wx_agmerra_andalusia\agmerra_1420_214_ESP.txt	-5.1250	36.6250	1	1826	12	30	1984	2507.8	0.0	5858.4	5865.5	   131.0	     1.0	93.1	3347.6	509.0	0.000	0.0	0.0	35157.08	205530.17	183458.931	110227.76	8113.57	5066.45	83.77
OliveGIS	30set19	19:18:09	D:\wx_medgold\wx_agmerra_andalusia\agmerra_1421_206_ESP.txt	-4.8750	38.6250	1	1826	12	30	1984	2610.3	2.6	5730.8	6047.7	   147.0	     1.0	259.4	2658.8	558.4	0.000	0.0	0.0	22009.43	171002.51	108778.565	20454.18	5009.71	4016.10	63.94
OliveGIS	30set19	19:18:17	D:\wx_medgold\wx_agmerra_andalusia\agmerra_1421_207_ESP.txt	-4.8750	38.3750	1	1826	12	30	1984	2331.2	7.4	6665.4	6845.8	   162.0	     1.0	371.4	2940.0	523.8	0.000	0.0	0.0	17621.73	126754.17	135039.190	15632.99	3537.05	3441.18	49.71
OliveGIS	30set19	19:18:24	D:\wx_medgold\wx_agmerra_andalusia\agmerra_1421_208_ESP.txt	-4.8750	38.1250	1	1826	12	30	1984	2595.0	4.3	5893.0	6091.6	   147.0	     1.0	296.9	2655.3	490.9	0.000	0.0	0.0	20096.92	156203.49	142019.827	18427.30	4596.08	3737.57	59.28
OliveGIS	30set19	19:18:32	D:\wx_medgold\wx_agmerra_andalusia\agmerra_1421_209_ESP.txt	-4.8750	37.8750	1	1826	12	30	1984	2623.8	0.8	7127.1	7554.4	   122.0	     1.0	168.4	2437.7	595.5	0.000	0.0	0.0	16442.96	88273.62	35734.833	8036.80	3662.28	4556.18	57.72
OliveGIS	30set19	19:18:42	D:\wx_medgold\wx_agmerra_andalusia\agmerra_1421_210_ESP.txt	-4.8750	37.6250	1	1826	12	30	1984	2621.9	0.4	7902.4	8467.9	   118.0	     1.0	147.5	2390.5	558.4	0.000	0.0	0.0	16090.71	87428.30	30522.057	7722.20	3544.64	4859.05	54.89
OliveGIS	30set19	19:18:51	D:\wx_medgold\wx_agmerra_andalusia\agmerra_1421_211_ESP.txt	-4.8750	37.3750	1	1826	12	30	1984	2624.1	0.3	7742.7	8146.4	   119.0	     1.0	140.1	2470.8	517.9	0.000	0.0	0.0	21434.98	115190.33	49225.529	12517.07	4853.87	5476.12	64.48
OliveGIS	30set19	19:19:00	D:\wx_medgold\wx_agmerra_andalusia\agmerra_1421_212_ESP.txt	-4.8750	37.1250	1	1826	12	30	1984	2620.9	0.3	7152.5	7349.5	   123.0	     1.0	140.6	2711.8	492.1	0.000	0.0	0.0	28866.49	164637.84	84653.323	25983.97	6339.67	5573.70	72.55
OliveGIS	30set19	19:19:09	D:\wx_medgold\wx_agmerra_andalusia\agmerra_1421_213_ESP.txt	-4.8750	36.8750	1	1826	12	30	1984	2627.6	0.0	7049.0	7160.9	   124.0	     1.0	126.3	2810.2	504.7	0.000	0.0	0.0	31234.78	185424.03	106719.379	37149.13	7074.85	5645.59	75.14
OliveGIS	30set19	19:19:18	D:\wx_medgold\wx_agmerra_andalusia\agmerra_1421_214_ESP.txt	-4.8750	36.6250	1	1826	12	30	1984	2638.7	0.0	9061.3	9311.8	   110.0	     1.0	31.9	2722.1	498.4	0.000	0.0	0.0	42090.13	214349.91	112369.284	42677.15	10659.89	8140.78	83.11
OliveGIS	30set19	19:19:26	D:\wx_medgold\wx_agmerra_andalusia\agmerra_1422_207_ESP.txt	-4.6250	38.3750	1	1826	12	30	1984	2288.4	7.7	6651.6	6833.6	   163.0	     1.0	381.2	2974.2	524.3	0.000	0.0	0.0	16701.17	117827.23	133761.144	16252.53	3278.71	3290.54	47.54
OliveGIS	30set19	19:19:34	D:\wx_medgold\wx_agmerra_andalusia\agmerra_1422_208_ESP.txt	-4.6250	38.1250	1	1826	12	30	1984	2593.3	4.4	5969.5	6172.1	   146.0	     1.0	299.6	2644.7	478.4	0.000	0.0	0.0	20198.49	155198.87	138835.414	21032.27	4554.82	3765.68	59.01
OliveGIS	30set19	19:19:43	D:\wx_medgold\wx_agmerra_andalusia\agmerra_1422_209_ESP.txt	-4.6250	37.8750	1	1826	12	30	1984	2624.7	0.9	7066.1	7493.0	   121.0	     1.0	173.2	2426.2	569.0	0.000	0.0	0.0	15739.06	85298.94	36147.463	7537.61	3553.47	4440.50	56.60
OliveGIS	30set19	19:19:53	D:\wx_medgold\wx_agmerra_andalusia\agmerra_1422_210_ESP.txt	-4.6250	37.6250	1	1826	12	30	1984	2625.8	0.6	7492.8	7956.5	   120.0	     1.0	159.6	2484.2	548.8	0.000	0.0	0.0	16716.46	90125.44	38085.074	7842.44	3752.03	4699.39	56.44
OliveGIS	30set19	19:20:03	D:\wx_medgold\wx_agmerra_andalusia\agmerra_1422_211_ESP.txt	-4.6250	37.3750	1	1826	12	30	1984	2624.8	0.4	7161.4	7471.2	   123.0	     1.0	152.6	2548.2	502.3	0.000	0.0	0.0	23840.64	132528.99	61733.369	15506.41	5190.26	5321.08	68.25
OliveGIS	30set19	19:20:12	D:\wx_medgold\wx_agmerra_andalusia\agmerra_1422_212_ESP.txt	-4.6250	37.1250	1	1826	12	30	1984	2627.6	0.3	7169.7	7371.0	   125.0	     1.0	145.5	2689.6	494.5	0.000	0.0	0.0	29828.93	171506.41	88280.928	26274.30	6471.82	5602.04	72.57
OliveGIS	30set19	19:20:21	D:\wx_medgold\wx_agmerra_andalusia\agmerra_1422_213_ESP.txt	-4.6250	36.8750	1	1826	12	30	1984	2626.2	0.0	7491.3	7658.9	   121.0	     1.0	113.4	2742.9	484.2	0.000	0.0	0.0	30676.81	170266.11	87600.740	24354.99	6703.53	5887.34	73.52
OliveGIS	30set19	19:20:30	D:\wx_medgold\wx_agmerra_andalusia\agmerra_1422_214_ESP.txt	-4.6250	36.6250	1	1826	12	30	1984	2650.6	0.0	9150.2	9452.0	   105.0	     1.0	14.3	2527.9	412.9	0.000	0.0	0.0	41295.41	208853.10	114206.986	45345.35	11310.48	8322.54	83.70
OliveGIS	30set19	19:20:39	D:\wx_medgold\wx_agmerra_andalusia\agmerra_1423_208_ESP.txt	-4.3750	38.1250	1	1826	12	30	1984	2612.1	3.5	6104.5	6322.8	   142.0	     1.0	279.8	2637.0	484.1	0.000	0.0	0.0	20499.07	148110.92	144487.196	17479.08	4755.07	3915.16	59.40
OliveGIS	30set19	19:20:48	D:\wx_medgold\wx_agmerra_andalusia\agmerra_1423_209_ESP.txt	-4.3750	37.8750	1	1826	12	30	1984	2633.8	0.4	8016.1	8977.8	   117.0	     1.0	140.5	2139.7	547.7	0.000	0.0	0.0	12070.94	60531.63	22731.313	5020.74	3185.38	4773.83	50.73
OliveGIS	30set19	19:20:59	D:\wx_medgold\wx_agmerra_andalusia\agmerra_1423_210_ESP.txt	-4.3750	37.6250	1	1826	12	30	1984	2623.0	0.4	7696.4	8437.0	   118.0	     1.0	139.4	2317.8	523.5	0.000	0.0	0.0	14798.17	72062.10	25925.927	6142.97	3326.00	4886.58	55.44
OliveGIS	30set19	19:21:08	D:\wx_medgold\wx_agmerra_andalusia\agmerra_1423_211_ESP.txt	-4.3750	37.3750	1	1826	12	30	1984	2621.3	0.8	6810.7	7086.0	   128.0	     1.0	180.0	2596.7	482.8	0.000	0.0	0.0	26390.02	151136.07	75198.158	21046.22	5481.16	5153.13	69.78
OliveGIS	30set19	19:21:17	D:\wx_medgold\wx_agmerra_andalusia\agmerra_1423_212_ESP.txt	-4.3750	37.1250	1	1826	12	30	1984	2623.0	0.5	7105.9	7410.5	   126.0	     1.0	159.6	2594.4	504.4	0.000	0.0	0.0	27034.13	150957.43	73682.364	20954.05	5728.55	5465.07	70.44
OliveGIS	30set19	19:21:26	D:\wx_medgold\wx_agmerra_andalusia\agmerra_1423_213_ESP.txt	-4.3750	36.8750	1	1826	12	30	1984	2633.6	0.0	7506.6	7721.8	   123.0	     1.0	136.9	2611.2	447.6	0.000	0.0	0.0	27265.41	146911.17	66628.102	19143.25	5637.62	5624.06	69.63
OliveGIS	30set19	19:21:36	D:\wx_medgold\wx_agmerra_andalusia\agmerra_1424_207_ESP.txt	-4.1250	38.3750	1	1826	12	30	1984	2355.5	7.2	6507.4	6729.2	   161.0	     1.0	367.9	2883.4	486.3	0.000	0.0	0.0	18510.39	134254.97	133744.786	20930.11	3726.92	3523.96	51.82
OliveGIS	30set19	19:21:44	D:\wx_medgold\wx_agmerra_andalusia\agmerra_1424_208_ESP.txt	-4.1250	38.1250	1	1826	12	30	1984	2597.4	4.2	5987.8	6208.8	   144.0	     1.0	294.4	2625.1	461.7	0.000	0.0	0.0	16889.14	118708.66	127603.578	14417.80	3882.67	3415.15	53.12
OliveGIS	30set19	19:21:53	D:\wx_medgold\wx_agmerra_andalusia\agmerra_1424_209_ESP.txt	-4.1250	37.8750	1	1826	12	30	1984	2633.7	0.6	7675.7	8446.0	   119.0	     1.0	154.3	2250.7	530.6	0.000	0.0	0.0	14018.34	67542.44	23713.409	5583.65	3087.44	4719.26	53.33
OliveGIS	30set19	19:22:02	D:\wx_medgold\wx_agmerra_andalusia\agmerra_1424_210_ESP.txt	-4.1250	37.6250	1	1826	12	30	1984	2627.3	0.6	7091.2	7477.7	   126.0	     1.0	168.2	2528.7	522.6	0.000	0.0	0.0	21884.54	119954.93	52107.539	12886.77	4388.88	4994.23	63.87
OliveGIS	30set19	19:22:10	D:\wx_medgold\wx_agmerra_andalusia\agmerra_1424_211_ESP.txt	-4.1250	37.3750	1	1826	12	30	1984	2582.2	1.3	6031.2	6151.1	   136.0	     1.0	232.0	2792.7	484.4	0.000	0.0	0.0	23632.11	172585.78	165987.813	25588.16	5299.91	4063.49	64.05
OliveGIS	30set19	19:22:18	D:\wx_medgold\wx_agmerra_andalusia\agmerra_1424_212_ESP.txt	-4.1250	37.1250	1	1826	12	30	1984	2618.3	0.6	6908.3	7124.1	   129.0	     1.0	177.6	2672.4	497.1	0.000	0.0	0.0	28631.33	186530.34	108292.622	30696.19	6166.19	5098.20	68.68
OliveGIS	30set19	19:22:29	D:\wx_medgold\wx_agmerra_andalusia\agmerra_1424_213_ESP.txt	-4.1250	36.8750	1	1826	12	30	1984	2631.2	0.0	7434.6	7591.6	   125.0	     1.0	137.6	2662.8	433.7	0.000	0.0	0.0	32424.17	180246.64	95378.758	29738.76	6887.96	5891.16	74.11
OliveGIS	30set19	19:22:39	D:\wx_medgold\wx_agmerra_andalusia\agmerra_1425_207_ESP.txt	-3.8750	38.3750	1	1826	12	30	1984	2565.5	2.9	6080.2	6370.3	   150.0	     1.0	283.1	2722.0	499.2	0.000	0.0	0.0	18687.17	142835.37	134242.763	15144.28	4164.69	3555.39	54.54
OliveGIS	30set19	19:22:49	D:\wx_medgold\wx_agmerra_andalusia\agmerra_1425_208_ESP.txt	-3.8750	38.1250	1	1826	12	30	1984	2618.1	1.6	6311.3	6724.6	   131.0	     1.0	209.3	2491.0	477.9	0.000	0.0	0.0	20152.52	117105.59	50765.871	13211.03	3920.25	4230.59	60.71
OliveGIS	30set19	19:22:57	D:\wx_medgold\wx_agmerra_andalusia\agmerra_1425_209_ESP.txt	-3.8750	37.8750	1	1826	12	30	1984	2628.4	0.6	7495.3	8664.0	   119.0	     1.0	152.1	2090.7	523.6	0.000	0.0	0.0	10166.44	50806.77	18267.832	4010.62	2649.35	4227.78	46.45
OliveGIS	30set19	19:23:07	D:\wx_medgold\wx_agmerra_andalusia\agmerra_1425_210_ESP.txt	-3.8750	37.6250	1	1826	12	30	1984	2628.1	0.7	6879.7	7409.9	   129.0	     1.0	177.1	2476.4	551.4	0.000	0.0	0.0	19635.16	105502.42	40168.698	10165.07	3703.83	4622.86	59.93
OliveGIS	30set19	19:23:16	D:\wx_medgold\wx_agmerra_andalusia\agmerra_1425_211_ESP.txt	-3.8750	37.3750	1	1826	12	30	1984	2560.6	2.5	5995.0	6184.5	   143.0	     1.0	270.6	2738.0	398.7	0.000	0.0	0.0	22267.91	158401.17	152077.936	23630.49	4830.42	3896.79	61.45
OliveGIS	30set19	19:23:25	D:\wx_medgold\wx_agmerra_andalusia\agmerra_1425_212_ESP.txt	-3.8750	37.1250	1	1826	12	30	1984	2621.7	1.1	6671.8	7016.7	   130.0	     1.0	194.9	2549.2	401.0	0.000	0.0	0.0	26442.23	150332.04	73435.549	21981.38	5173.73	4935.87	67.61
OliveGIS	30set19	19:23:34	D:\wx_medgold\wx_agmerra_andalusia\agmerra_1425_213_ESP.txt	-3.8750	36.8750	1	1826	12	30	1984	2629.0	0.2	7279.8	7801.5	   123.0	     1.0	160.5	2290.1	407.1	0.000	0.0	0.0	17537.27	90950.52	34155.566	8979.33	3826.25	4857.76	59.55
OliveGIS	30set19	19:23:45	D:\wx_medgold\wx_agmerra_andalusia\agmerra_1426_207_ESP.txt	-3.6250	38.3750	1	1826	12	30	1984	2519.9	3.2	6062.0	6359.0	   152.0	     1.0	297.3	2768.7	481.0	0.000	0.0	0.0	18252.85	139842.49	127017.597	16734.34	3917.50	3389.62	52.49
OliveGIS	30set19	19:23:53	D:\wx_medgold\wx_agmerra_andalusia\agmerra_1426_208_ESP.txt	-3.6250	38.1250	1	1826	12	30	1984	2616.8	1.8	6210.6	6592.5	   135.0	     1.0	233.3	2569.6	448.8	0.000	0.0	0.0	22897.18	166509.25	98466.963	16703.75	4802.05	4200.75	61.32
OliveGIS	30set19	19:24:02	D:\wx_medgold\wx_agmerra_andalusia\agmerra_1426_209_ESP.txt	-3.6250	37.8750	1	1826	12	30	1984	2627.8	0.8	6730.6	7667.8	   125.0	     1.0	170.8	2216.0	502.1	0.000	0.0	0.0	12899.73	62688.61	21522.748	5214.64	2755.12	4193.16	52.19
OliveGIS	30set19	19:24:12	D:\wx_medgold\wx_agmerra_andalusia\agmerra_1426_210_ESP.txt	-3.6250	37.6250	1	1826	12	30	1984	2617.8	1.2	6198.8	6577.4	   135.0	     1.0	215.5	2631.3	521.0	0.000	0.0	0.0	24164.98	173160.25	103306.166	21275.91	5057.63	4290.03	62.75
OliveGIS	30set19	19:24:20	D:\wx_medgold\wx_agmerra_andalusia\agmerra_1426_211_ESP.txt	-3.6250	37.3750	1	1826	12	30	1984	2396.9	4.3	6023.3	6198.7	   152.0	     1.0	322.3	2857.8	397.2	0.000	0.0	0.0	17340.37	126691.58	98380.326	28818.65	3265.59	3233.73	51.56
OliveGIS	30set19	19:24:28	D:\wx_medgold\wx_agmerra_andalusia\agmerra_1426_212_ESP.txt	-3.6250	37.1250	1	1826	12	30	1984	2603.6	1.9	6146.2	6362.5	   137.0	     1.0	252.0	2723.8	473.1	0.000	0.0	0.0	24184.33	174154.46	165674.060	23992.23	5267.07	4169.80	63.10
OliveGIS	30set19	19:24:36	D:\wx_medgold\wx_agmerra_andalusia\agmerra_1426_213_ESP.txt	-3.6250	36.8750	1	1826	12	30	1984	2619.7	0.3	6995.0	7349.4	   127.0	     1.0	179.8	2453.6	402.0	0.000	0.0	0.0	23858.97	124532.28	52410.845	14810.29	4632.79	5155.81	67.22
OliveGIS	30set19	19:24:47	D:\wx_medgold\wx_agmerra_andalusia\agmerra_1427_207_ESP.txt	-3.3750	38.3750	1	1826	12	30	1984	2615.4	1.8	5900.4	6221.1	   146.0	     1.0	252.8	2650.3	536.4	0.000	0.0	0.0	20489.99	157613.16	116343.069	19587.47	4575.83	3736.00	57.81
OliveGIS	30set19	19:24:56	D:\wx_medgold\wx_agmerra_andalusia\agmerra_1427_208_ESP.txt	-3.3750	38.1250	1	1826	12	30	1984	2618.3	1.2	6312.9	6773.8	   131.0	     1.0	203.2	2496.2	504.3	0.000	0.0	0.0	20248.64	113710.14	47942.471	12406.94	3800.42	4291.12	61.04
OliveGIS	30set19	19:25:07	D:\wx_medgold\wx_agmerra_andalusia\agmerra_1427_209_ESP.txt	-3.3750	37.8750	1	1826	12	30	1984	2618.1	0.8	6985.9	7567.5	   127.0	     1.0	177.6	2402.4	451.5	0.000	0.0	0.0	17992.33	96054.09	42362.597	9800.79	3737.64	4720.52	59.83
OliveGIS	30set19	19:25:15	D:\wx_medgold\wx_agmerra_andalusia\agmerra_1427_210_ESP.txt	-3.3750	37.6250	1	1826	12	30	1984	2532.0	1.3	5991.8	6179.4	   145.0	     1.0	246.5	2831.9	470.6	0.000	0.0	0.0	23986.50	168821.24	166125.811	34555.47	5217.69	4041.61	64.28
OliveGIS	30set19	19:25:23	D:\wx_medgold\wx_agmerra_andalusia\agmerra_1427_211_ESP.txt	-3.3750	37.3750	1	1826	12	30	1984	1707.0	27.9	4365.0	5903.0	   180.0	     1.0	636.3	3319.6	221.5	0.000	0.0	0.0	3643.92	25828.25	35472.717	1933.76	658.75	801.99	13.15
OliveGIS	30set19	19:25:29	D:\wx_medgold\wx_agmerra_andalusia\agmerra_1427_212_ESP.txt	-3.3750	37.1250	1	1826	12	30	1984	1874.0	16.2	6389.0	7561.7	   174.0	     1.0	512.2	3313.3	643.6	0.000	0.0	0.0	8929.57	54962.46	113148.471	6683.64	1687.72	2000.04	25.39
OliveGIS	30set19	19:25:37	D:\wx_medgold\wx_agmerra_andalusia\agmerra_1427_213_ESP.txt	-3.3750	36.8750	1	1826	12	30	1984	2315.3	3.7	6056.9	6193.0	   158.0	     1.0	342.7	2967.9	564.8	0.000	0.0	0.0	16243.35	100742.99	123721.486	33406.61	3188.16	3358.58	53.32
OliveGIS	30set19	19:25:45	D:\wx_medgold\wx_agmerra_andalusia\agmerra_1428_207_ESP.txt	-3.1250	38.3750	1	1826	12	30	1984	2461.9	2.8	6282.3	6541.6	   153.0	     1.0	294.6	2818.1	524.1	0.000	0.0	0.0	21020.14	159346.95	144715.771	20341.22	4436.22	3689.55	55.85
OliveGIS	30set19	19:25:53	D:\wx_medgold\wx_agmerra_andalusia\agmerra_1428_208_ESP.txt	-3.1250	38.1250	1	1826	12	30	1984	2533.9	2.0	5948.1	6225.8	   148.0	     1.0	267.1	2748.1	529.1	0.000	0.0	0.0	20452.77	154655.23	149955.853	23656.86	4532.72	3640.03	57.51
OliveGIS	30set19	19:26:01	D:\wx_medgold\wx_agmerra_andalusia\agmerra_1428_209_ESP.txt	-3.1250	37.8750	1	1826	12	30	1984	2616.0	1.2	6283.6	6610.9	   135.0	     1.0	219.5	2632.9	466.1	0.000	0.0	0.0	25319.22	185229.07	137850.444	22889.68	5802.14	4472.71	65.00
OliveGIS	30set19	19:26:10	D:\wx_medgold\wx_agmerra_andalusia\agmerra_1428_210_ESP.txt	-3.1250	37.6250	1	1826	12	30	1984	2451.6	1.7	5821.6	6002.0	   149.0	     1.0	266.2	2909.5	457.9	0.000	0.0	0.0	22970.11	162784.16	146828.115	32038.00	4659.95	3781.76	62.26
OliveGIS	30set19	19:26:17	D:\wx_medgold\wx_agmerra_andalusia\agmerra_1428_211_ESP.txt	-3.1250	37.3750	1	1826	12	30	1984	1719.7	26.4	4696.7	6287.0	   179.0	     1.0	622.3	3322.4	218.9	0.000	0.0	0.0	4501.66	32545.81	45101.024	2371.54	829.17	967.63	14.96
OliveGIS	30set19	19:26:23	D:\wx_medgold\wx_agmerra_andalusia\agmerra_1428_212_ESP.txt	-3.1250	37.1250	1	1826	12	30	1984	1943.7	10.5	6097.8	6943.4	   171.0	     1.0	457.5	3316.5	444.2	0.000	0.0	0.0	11761.15	75672.24	153307.668	9941.04	2122.60	2382.28	33.01
OliveGIS	30set19	19:26:30	D:\wx_medgold\wx_agmerra_andalusia\agmerra_1428_213_ESP.txt	-3.1250	36.8750	1	1826	12	30	1984	2395.8	1.8	5797.9	5916.4	   152.0	     1.0	299.0	2932.3	349.0	0.000	0.0	0.0	19490.23	128203.28	130611.148	42461.28	3873.92	3624.90	60.30
OliveGIS	30set19	19:26:38	D:\wx_medgold\wx_agmerra_andalusia\agmerra_1429_207_ESP.txt	-2.8750	38.3750	1	1826	12	30	1984	2241.3	7.0	6275.3	6529.1	   163.0	     1.0	382.9	2976.6	495.8	0.000	0.0	0.0	18146.33	128944.81	138044.676	22427.91	3289.01	3399.95	51.28
OliveGIS	30set19	19:26:45	D:\wx_medgold\wx_agmerra_andalusia\agmerra_1429_208_ESP.txt	-2.8750	38.1250	1	1826	12	30	1984	2242.6	6.0	6284.2	6551.3	   163.0	     1.0	373.8	2993.9	544.1	0.000	0.0	0.0	18687.98	137861.00	143884.975	28034.15	3434.54	3433.06	51.70
OliveGIS	30set19	19:26:52	D:\wx_medgold\wx_agmerra_andalusia\agmerra_1429_209_ESP.txt	-2.8750	37.8750	1	1826	12	30	1984	2181.1	4.1	6196.5	6459.4	   163.0	     1.0	351.5	3146.9	511.2	0.000	0.0	0.0	22375.46	161209.41	172390.601	26011.45	4030.62	3725.12	56.74
OliveGIS	30set19	19:26:59	D:\wx_medgold\wx_agmerra_andalusia\agmerra_1429_210_ESP.txt	-2.8750	37.6250	1	1826	12	30	1984	2126.5	4.7	6036.4	6384.6	   164.0	     1.0	359.3	3218.5	397.4	0.000	0.0	0.0	16765.52	114134.80	139284.693	26422.72	2753.02	2925.32	44.93
OliveGIS	30set19	19:27:05	D:\wx_medgold\wx_agmerra_andalusia\agmerra_1429_211_ESP.txt	-2.8750	37.3750	1	1826	12	30	1984	1178.8	77.3	0.0	0.0	   197.0	     1.0	993.1	3560.7	288.6	0.000	0.0	0.0	0.06	0.31	6.236	32.02	0.01	0.00	15.44
OliveGIS	30set19	19:27:10	D:\wx_medgold\wx_agmerra_andalusia\agmerra_1429_212_ESP.txt	-2.8750	37.1250	1	1826	12	30	1984	1403.5	31.0	1108.7	2161.5	   189.0	     1.0	712.6	3683.9	306.3	0.000	0.0	0.0	1301.12	8746.88	14028.821	1750.00	222.42	277.46	10.96
OliveGIS	30set19	19:27:16	D:\wx_medgold\wx_agmerra_andalusia\agmerra_1429_213_ESP.txt	-2.8750	36.8750	1	1826	12	30	1984	2630.6	0.0	7153.0	7427.7	   124.0	     1.0	139.3	2538.7	283.2	0.000	0.0	0.0	29954.47	162251.74	82182.770	24848.72	6520.35	5794.27	74.65
OliveGIS	30set19	19:27:25	D:\wx_medgold\wx_agmerra_andalusia\agmerra_1430_207_ESP.txt	-2.6250	38.3750	1	1826	12	30	1984	2103.8	9.6	6470.7	6907.2	   166.0	     1.0	422.6	3126.5	515.8	0.000	0.0	0.0	16627.12	112218.96	148450.262	15509.22	2749.58	3070.17	43.62
OliveGIS	30set19	19:27:31	D:\wx_medgold\wx_agmerra_andalusia\agmerra_1430_208_ESP.txt	-2.6250	38.1250	1	1826	12	30	1984	2053.0	9.2	6397.0	6951.6	   168.0	     1.0	432.5	3181.4	616.3	0.000	0.0	0.0	18635.10	127501.40	199652.961	18137.13	3161.60	3226.17	45.43
OliveGIS	30set19	19:27:38	D:\wx_medgold\wx_agmerra_andalusia\agmerra_1430_209_ESP.txt	-2.6250	37.8750	1	1826	12	30	1984	2032.4	6.0	6047.2	6628.0	   168.0	     1.0	394.5	3295.4	518.8	0.000	0.0	0.0	22537.31	161620.57	179111.296	29073.46	3360.94	3410.89	50.21
OliveGIS	30set19	19:27:45	D:\wx_medgold\wx_agmerra_andalusia\agmerra_1430_210_ESP.txt	-2.6250	37.6250	1	1826	12	30	1984	2117.6	4.9	5802.9	6169.0	   163.0	     1.0	358.6	3227.9	390.8	0.000	0.0	0.0	18801.72	126854.94	164770.788	31646.30	3189.91	3135.54	49.84
OliveGIS	30set19	19:27:51	D:\wx_medgold\wx_agmerra_andalusia\agmerra_1430_211_ESP.txt	-2.6250	37.3750	1	1826	12	30	1984	1234.4	64.3	0.2	0.4	   194.0	     1.0	919.5	3609.4	271.4	0.000	0.0	0.0	0.82	5.46	33.455	70.41	0.13	0.10	20.97
OliveGIS	30set19	19:27:55	D:\wx_medgold\wx_agmerra_andalusia\agmerra_1430_212_ESP.txt	-2.6250	37.1250	1	1826	12	30	1984	1511.0	17.6	4421.5	7642.2	   184.0	     1.0	598.5	3739.2	260.3	0.000	0.0	0.0	12771.00	95845.58	119313.123	12836.39	1950.66	2167.16	26.22
OliveGIS	30set19	19:28:01	D:\wx_medgold\wx_agmerra_andalusia\agmerra_1430_213_ESP.txt	-2.6250	36.8750	1	1826	12	30	1984	2641.2	0.0	8657.5	9112.3	   118.0	     1.0	105.0	2373.4	216.6	0.000	0.0	0.0	29316.22	150942.87	67209.722	21043.63	6899.35	6926.35	72.59
OliveGIS	30set19	19:28:10	D:\wx_medgold\wx_agmerra_andalusia\agmerra_1431_209_ESP.txt	-2.3750	37.8750	1	1826	12	30	1984	1664.9	18.8	6762.3	9679.3	   180.0	     1.0	568.5	3552.1	336.1	0.000	0.0	0.0	9258.96	68058.22	90707.317	3513.74	1729.98	1869.92	18.84
OliveGIS	30set19	19:28:16	D:\wx_medgold\wx_agmerra_andalusia\agmerra_1431_210_ESP.txt	-2.3750	37.6250	1	1826	12	30	1984	1814.0	11.2	5524.7	6983.1	   174.0	     1.0	472.9	3511.5	309.3	0.000	0.0	0.0	17974.54	120642.50	217910.256	16238.95	3447.70	3260.47	45.12
OliveGIS	30set19	19:28:22	D:\wx_medgold\wx_agmerra_andalusia\agmerra_1431_211_ESP.txt	-2.3750	37.3750	1	1826	12	30	1984	1760.2	11.9	5179.0	6872.5	   175.0	     1.0	486.9	3581.9	188.9	0.000	0.0	0.0	20468.04	136423.73	239132.540	13489.17	3968.89	3522.75	49.41
OliveGIS	30set19	19:28:28	D:\wx_medgold\wx_agmerra_andalusia\agmerra_1431_212_ESP.txt	-2.3750	37.1250	1	1826	12	30	1984	2092.3	0.8	5306.3	5699.3	   161.0	     1.0	256.3	3568.1	203.2	0.000	0.0	0.0	26674.66	155529.85	197703.717	63077.24	5371.53	4181.62	70.96
OliveGIS	30set19	19:28:35	D:\wx_medgold\wx_agmerra_andalusia\agmerra_1431_213_ESP.txt	-2.3750	36.8750	1	1826	12	30	1984	2640.7	0.0	8869.2	9406.0	   116.0	     1.0	89.9	2271.6	137.0	0.000	0.0	0.0	28560.75	149963.61	70217.923	21601.41	7416.81	7206.35	73.24
OliveGIS	30set19	19:28:44	D:\wx_medgold\wx_agmerra_andalusia\agmerra_1432_209_ESP.txt	-2.1250	37.8750	1	1826	12	30	1984	1806.0	12.0	5846.6	7506.4	   174.0	     1.0	471.9	3526.7	329.1	0.000	0.0	0.0	14693.57	95818.39	164065.225	11849.88	2842.43	2862.17	36.98
OliveGIS	30set19	19:28:51	D:\wx_medgold\wx_agmerra_andalusia\agmerra_1432_210_ESP.txt	-2.1250	37.6250	1	1826	12	30	1984	2050.1	4.3	5512.9	6055.0	   163.0	     1.0	349.4	3380.8	311.8	0.000	0.0	0.0	23733.44	141100.90	228501.685	51065.44	4510.63	3833.14	61.71
OliveGIS	30set19	19:28:58	D:\wx_medgold\wx_agmerra_andalusia\agmerra_1432_211_ESP.txt	-2.1250	37.3750	1	1826	12	30	1984	2011.0	3.0	5028.9	5651.0	   164.0	     1.0	333.9	3507.4	192.6	0.000	0.0	0.0	25190.22	144470.46	227123.313	68122.19	4838.58	3944.76	67.36
OliveGIS	30set19	19:29:04	D:\wx_medgold\wx_agmerra_andalusia\agmerra_1432_212_ESP.txt	-2.1250	37.1250	1	1826	12	30	1984	2349.2	0.0	5628.2	5749.8	   143.0	     1.0	141.5	3439.8	176.1	0.000	0.0	0.0	34474.89	197692.59	183377.347	105044.95	7379.76	4821.66	81.42
OliveGIS	30set19	19:29:13	D:\wx_medgold\wx_agmerra_andalusia\agmerra_1432_213_ESP.txt	-2.1250	36.8750	1	1826	12	30	1984	2645.6	0.0	9444.4	10023.0	   108.0	     1.0	45.6	1992.7	133.2	0.000	0.0	0.0	26808.71	137767.81	64745.730	18315.19	7735.29	7672.34	73.09
OliveGIS	30set19	19:29:22	D:\wx_medgold\wx_agmerra_andalusia\agmerra_1433_211_ESP.txt	-1.8750	37.3750	1	1826	12	30	1984	2633.8	0.2	6874.8	7250.3	   125.0	     1.0	152.7	2455.3	194.7	0.000	0.0	0.0	30723.00	166290.96	88185.681	33358.83	6988.14	5886.87	77.63
OliveGIS	30set19	19:29:31	D:\wx_medgold\wx_agmerra_andalusia\agmerra_1433_212_ESP.txt	-1.8750	37.1250	1	1826	12	30	1984	2636.8	0.0	8502.5	8918.6	   112.0	     1.0	56.2	2295.7	164.0	0.000	0.0	0.0	30172.65	156358.77	80952.314	26546.07	8623.53	7369.16	78.70
