Model	Date	Time	WxFile	Long	Lat	JdStart	DysToOut	Month	Day	Year	dd	ddbZero	FruWgt	fruNum	Bloomday	BloomYr	DDBSum	ChillHD	PrcpYrSum	TempIncr	ddbMinus10	ddbMinus83	OFEgDays	OFLrDays	OFPuDays	OFAdDays	OfPupSum	DamFrSum	PrcntAtkd
OliveGIS	30set19	19:10:00	D:\wx_medgold\wx_agmerra_andalusia\agmerra_1411_210_ESP.txt	-7.3750	37.6250	1	7305	12	31	1999	2634.0	0.0	9166.8	9517.2	    99.0	     1.0	63.5	1890.4	488.1	0.000	0.0	0.0	24968.92	122937.19	52837.591	15118.36	6298.96	7016.07	70.58
OliveGIS	30set19	19:10:10	D:\wx_medgold\wx_agmerra_andalusia\agmerra_1411_211_ESP.txt	-7.3750	37.3750	1	7305	12	31	1999	2638.9	0.0	9316.2	9523.9	    99.0	     1.0	70.0	1859.8	476.9	0.000	0.0	0.0	28416.22	139597.23	62510.061	18788.02	7162.36	7371.00	74.01
OliveGIS	30set19	19:10:18	D:\wx_medgold\wx_agmerra_andalusia\agmerra_1412_209_ESP.txt	-7.1250	37.8750	1	7305	12	31	1999	2631.1	0.1	8868.3	9181.0	   105.0	     1.0	85.6	2158.6	518.7	0.000	0.0	0.0	32038.44	165017.90	76161.838	31766.11	7940.02	7301.15	75.81
OliveGIS	30set19	19:10:25	D:\wx_medgold\wx_agmerra_andalusia\agmerra_1412_210_ESP.txt	-7.1250	37.6250	1	7305	12	31	1999	2636.8	0.0	9192.4	9520.9	   101.0	     1.0	68.9	1885.7	531.0	0.000	0.0	0.0	25809.47	127351.06	54830.821	16259.21	6456.78	7086.81	71.16
OliveGIS	30set19	19:10:32	D:\wx_medgold\wx_agmerra_andalusia\agmerra_1412_211_ESP.txt	-7.1250	37.3750	1	7305	12	31	1999	2637.6	0.0	9424.5	9653.9	   100.0	     1.0	76.4	1815.6	492.7	0.000	0.0	0.0	26680.96	132351.10	59296.325	17641.11	7020.57	7331.58	72.75
OliveGIS	30set19	19:10:40	D:\wx_medgold\wx_agmerra_andalusia\agmerra_1413_208_ESP.txt	-6.8750	38.1250	1	7305	12	31	1999	2624.6	1.0	7646.5	7955.9	   111.0	     1.0	126.5	2135.6	521.6	0.000	0.0	0.0	25036.53	132403.21	60763.001	26414.58	6212.71	5988.97	72.05
OliveGIS	30set19	19:10:47	D:\wx_medgold\wx_agmerra_andalusia\agmerra_1413_209_ESP.txt	-6.8750	37.8750	1	7305	12	31	1999	2631.2	0.1	9174.9	9497.9	   103.0	     1.0	90.5	1998.5	564.7	0.000	0.0	0.0	26488.48	134590.15	55954.384	18521.24	6398.29	6958.86	70.13
OliveGIS	30set19	19:10:55	D:\wx_medgold\wx_agmerra_andalusia\agmerra_1413_210_ESP.txt	-6.8750	37.6250	1	7305	12	31	1999	2629.7	0.0	9351.3	9737.1	    98.0	     1.0	70.1	1700.7	574.1	0.000	0.0	0.0	18447.67	94089.82	38386.338	9939.94	5232.98	6353.95	62.47
OliveGIS	30set19	19:11:06	D:\wx_medgold\wx_agmerra_andalusia\agmerra_1413_211_ESP.txt	-6.8750	37.3750	1	7305	12	31	1999	2640.5	0.0	9640.0	9956.2	    98.0	     1.0	69.8	1622.7	501.9	0.000	0.0	0.0	22536.41	115680.50	50261.739	14040.19	6557.64	7132.74	68.52
OliveGIS	30set19	19:11:13	D:\wx_medgold\wx_agmerra_andalusia\agmerra_1414_209_ESP.txt	-6.6250	37.8750	1	7305	12	31	1999	2636.1	0.2	8648.8	8896.2	   108.0	     1.0	103.4	2061.1	580.9	0.000	0.0	0.0	27545.41	141728.69	62670.624	22983.14	6780.28	6788.64	72.57
OliveGIS	30set19	19:11:21	D:\wx_medgold\wx_agmerra_andalusia\agmerra_1414_210_ESP.txt	-6.6250	37.6250	1	7305	12	31	1999	2632.5	0.0	8988.0	9326.3	   100.0	     1.0	77.3	1724.0	573.7	0.000	0.0	0.0	20425.65	103092.80	44221.822	12777.64	5776.01	6551.48	67.30
OliveGIS	30set19	19:11:29	D:\wx_medgold\wx_agmerra_andalusia\agmerra_1414_211_ESP.txt	-6.6250	37.3750	1	7305	12	31	1999	2651.3	0.0	9430.6	9755.0	    99.0	     1.0	79.3	1567.9	508.0	0.000	0.0	0.0	21205.18	109083.32	46786.563	12970.74	6231.53	6930.11	67.71
OliveGIS	30set19	19:11:38	D:\wx_medgold\wx_agmerra_andalusia\agmerra_1414_212_ESP.txt	-6.6250	37.1250	1	7305	12	31	1999	2655.4	0.0	12606.6	12904.8	    93.0	     1.0	24.1	1491.4	434.5	0.000	0.0	0.0	36711.33	190633.38	91989.955	27498.11	10968.82	10052.09	74.66
OliveGIS	30set19	19:11:45	D:\wx_medgold\wx_agmerra_andalusia\agmerra_1415_209_ESP.txt	-6.3750	37.8750	1	7305	12	31	1999	2625.8	0.5	8313.2	8560.2	   110.0	     1.0	120.3	1997.1	484.3	0.000	0.0	0.0	22023.48	113450.27	46634.988	17635.63	5458.90	6033.07	67.49
OliveGIS	30set19	19:11:53	D:\wx_medgold\wx_agmerra_andalusia\agmerra_1415_210_ESP.txt	-6.3750	37.6250	1	7305	12	31	1999	2643.6	0.0	8935.7	9278.9	   101.0	     1.0	90.6	1683.2	463.4	0.000	0.0	0.0	15164.53	77511.72	30766.597	7806.54	4377.84	5690.64	58.37
OliveGIS	30set19	19:12:02	D:\wx_medgold\wx_agmerra_andalusia\agmerra_1415_211_ESP.txt	-6.3750	37.3750	1	7305	12	31	1999	2649.6	0.0	9327.1	9872.5	    97.0	     1.0	63.9	1330.6	441.3	0.000	0.0	0.0	14620.65	76524.86	30635.670	8068.37	4453.91	5923.12	57.24
OliveGIS	30set19	19:12:11	D:\wx_medgold\wx_agmerra_andalusia\agmerra_1415_212_ESP.txt	-6.3750	37.1250	1	7305	12	31	1999	2663.5	0.0	12312.3	12834.2	    92.0	     1.0	25.7	1190.4	413.0	0.000	0.0	0.0	26600.52	138848.92	61307.495	17527.60	8147.16	9030.21	67.33
OliveGIS	30set19	19:12:19	D:\wx_medgold\wx_agmerra_andalusia\agmerra_1415_213_ESP.txt	-6.3750	36.8750	1	7305	12	31	1999	2659.4	0.0	10081.5	10346.6	    97.0	     1.0	33.8	1448.6	442.8	0.000	0.0	0.0	30658.82	158996.53	78491.331	24079.50	9280.28	8248.23	76.08
OliveGIS	30set19	19:12:27	D:\wx_medgold\wx_agmerra_andalusia\agmerra_1416_209_ESP.txt	-6.1250	37.8750	1	7305	12	31	1999	2621.4	0.6	8311.4	8567.2	   110.0	     1.0	126.9	1946.7	484.0	0.000	0.0	0.0	20207.13	102395.55	41211.770	17118.51	4890.86	5844.82	65.29
OliveGIS	30set19	19:12:35	D:\wx_medgold\wx_agmerra_andalusia\agmerra_1416_210_ESP.txt	-6.1250	37.6250	1	7305	12	31	1999	2631.7	0.0	8961.5	9334.5	   101.0	     1.0	95.1	1628.3	457.5	0.000	0.0	0.0	13641.38	69838.10	26781.438	7028.61	3933.73	5382.40	55.09
OliveGIS	30set19	19:12:44	D:\wx_medgold\wx_agmerra_andalusia\agmerra_1416_211_ESP.txt	-6.1250	37.3750	1	7305	12	31	1999	2646.4	0.0	9617.1	10258.6	    98.0	     1.0	76.8	1256.9	429.5	0.000	0.0	0.0	12492.21	65534.36	25687.353	6695.44	3860.42	5543.50	51.65
OliveGIS	30set19	19:12:53	D:\wx_medgold\wx_agmerra_andalusia\agmerra_1416_212_ESP.txt	-6.1250	37.1250	1	7305	12	31	1999	2646.7	0.0	12106.6	12803.8	    94.0	     1.0	49.3	1132.5	419.9	0.000	0.0	0.0	17142.83	91203.39	37018.981	9670.12	5390.98	7273.87	54.46
OliveGIS	30set19	19:13:02	D:\wx_medgold\wx_agmerra_andalusia\agmerra_1416_213_ESP.txt	-6.1250	36.8750	1	7305	12	31	1999	2644.0	0.0	10162.9	10611.3	    98.0	     1.0	69.5	1300.9	455.2	0.000	0.0	0.0	19813.53	103757.42	44007.302	12192.96	6029.57	7123.22	64.21
OliveGIS	30set19	19:13:10	D:\wx_medgold\wx_agmerra_andalusia\agmerra_1416_214_ESP.txt	-6.1250	36.6250	1	7305	12	31	1999	2660.1	0.0	10191.5	10390.4	    98.0	     1.0	40.6	1553.7	425.2	0.000	0.0	0.0	28671.32	146751.15	69034.651	20386.44	8390.12	8090.23	74.10
OliveGIS	30set19	19:13:20	D:\wx_medgold\wx_agmerra_andalusia\agmerra_1416_215_ESP.txt	-6.1250	36.3750	1	7305	12	31	1999	2647.8	0.0	9948.0	10411.8	    99.0	     1.0	60.0	1317.5	425.4	0.000	0.0	0.0	16048.22	83483.31	33724.220	9067.50	4880.99	6409.35	58.77
OliveGIS	30set19	19:13:28	D:\wx_medgold\wx_agmerra_andalusia\agmerra_1417_208_ESP.txt	-5.8750	38.1250	1	7305	12	31	1999	2618.9	1.7	7297.3	7625.7	   115.0	     1.0	164.7	1976.2	434.3	0.000	0.0	0.0	16804.92	84762.66	33460.136	14784.55	3867.03	4893.45	61.48
OliveGIS	30set19	19:13:35	D:\wx_medgold\wx_agmerra_andalusia\agmerra_1417_209_ESP.txt	-5.8750	37.8750	1	7305	12	31	1999	2629.0	0.6	8964.6	9305.3	   109.0	     1.0	126.5	1838.7	446.3	0.000	0.0	0.0	14598.56	72328.62	27245.419	9090.70	3609.22	5260.16	53.88
OliveGIS	30set19	19:13:43	D:\wx_medgold\wx_agmerra_andalusia\agmerra_1417_210_ESP.txt	-5.8750	37.6250	1	7305	12	31	1999	2653.1	0.0	9053.8	9496.9	   101.0	     1.0	96.2	1575.1	408.2	0.000	0.0	0.0	12374.63	64028.62	23884.381	6037.51	3566.29	5182.59	51.90
OliveGIS	30set19	19:13:52	D:\wx_medgold\wx_agmerra_andalusia\agmerra_1417_211_ESP.txt	-5.8750	37.3750	1	7305	12	31	1999	2649.7	0.0	10250.1	10995.7	    96.0	     1.0	69.2	1256.7	394.5	0.000	0.0	0.0	11563.00	62333.86	24336.278	6259.33	3700.14	5487.91	47.53
OliveGIS	30set19	19:14:03	D:\wx_medgold\wx_agmerra_andalusia\agmerra_1417_212_ESP.txt	-5.8750	37.1250	1	7305	12	31	1999	2662.3	0.0	11607.5	12327.2	    95.0	     1.0	55.2	1218.3	378.3	0.000	0.0	0.0	15071.19	80696.24	32079.315	8385.68	4760.76	6708.64	51.87
OliveGIS	30set19	19:14:12	D:\wx_medgold\wx_agmerra_andalusia\agmerra_1417_213_ESP.txt	-5.8750	36.8750	1	7305	12	31	1999	2648.5	0.0	10044.8	10434.1	    98.0	     1.0	58.4	1416.8	372.4	0.000	0.0	0.0	19690.83	100541.21	41777.823	11355.29	5751.24	6964.46	63.89
OliveGIS	30set19	19:14:21	D:\wx_medgold\wx_agmerra_andalusia\agmerra_1417_214_ESP.txt	-5.8750	36.6250	1	7305	12	31	1999	2654.5	0.0	10971.0	11209.5	    96.0	     1.0	31.4	1572.7	414.7	0.000	0.0	0.0	25672.02	130574.42	56637.432	15553.99	7299.24	8045.28	68.79
OliveGIS	30set19	19:14:28	D:\wx_medgold\wx_agmerra_andalusia\agmerra_1417_215_ESP.txt	-5.8750	36.3750	1	7305	12	31	1999	2646.3	0.0	10210.6	10289.0	    97.0	     1.0	29.5	1785.5	488.8	0.000	0.0	0.0	37000.18	181623.12	90244.518	30677.84	9984.30	8599.67	79.88
OliveGIS	30set19	19:14:36	D:\wx_medgold\wx_agmerra_andalusia\agmerra_1418_208_ESP.txt	-5.6250	38.1250	1	7305	12	31	1999	2615.5	1.6	7296.5	7676.9	   114.0	     1.0	162.2	1860.0	432.3	0.000	0.0	0.0	13769.25	68458.08	26593.522	11463.33	3358.49	4600.96	57.35
OliveGIS	30set19	19:14:43	D:\wx_medgold\wx_agmerra_andalusia\agmerra_1418_209_ESP.txt	-5.6250	37.8750	1	7305	12	31	1999	2635.7	0.6	8774.6	9164.8	   107.0	     1.0	124.9	1717.2	443.8	0.000	0.0	0.0	12896.19	65353.86	25210.615	7631.43	3642.10	5164.22	53.53
OliveGIS	30set19	19:14:52	D:\wx_medgold\wx_agmerra_andalusia\agmerra_1418_210_ESP.txt	-5.6250	37.6250	1	7305	12	31	1999	2639.9	0.1	9142.8	9614.9	   101.0	     1.0	98.6	1525.4	401.8	0.000	0.0	0.0	11459.50	58376.57	21743.748	5408.11	3303.24	4970.91	49.44
OliveGIS	30set19	19:15:00	D:\wx_medgold\wx_agmerra_andalusia\agmerra_1418_211_ESP.txt	-5.6250	37.3750	1	7305	12	31	1999	2643.3	0.0	9682.6	10324.5	    98.0	     1.0	78.3	1328.0	382.7	0.000	0.0	0.0	11026.09	58407.62	22442.592	5790.88	3450.65	5172.96	47.83
OliveGIS	30set19	19:15:09	D:\wx_medgold\wx_agmerra_andalusia\agmerra_1418_212_ESP.txt	-5.6250	37.1250	1	7305	12	31	1999	2644.6	0.0	9347.5	9778.8	    99.0	     1.0	73.1	1497.4	372.9	0.000	0.0	0.0	14400.95	74312.77	29423.225	7922.74	4309.36	5809.80	56.79
OliveGIS	30set19	19:15:17	D:\wx_medgold\wx_agmerra_andalusia\agmerra_1418_213_ESP.txt	-5.6250	36.8750	1	7305	12	31	1999	2630.6	0.0	9692.8	9888.9	   103.0	     1.0	80.3	1757.6	384.0	0.000	0.0	0.0	21905.02	109833.08	46484.501	13221.22	6018.61	6969.82	67.50
OliveGIS	30set19	19:15:25	D:\wx_medgold\wx_agmerra_andalusia\agmerra_1418_214_ESP.txt	-5.6250	36.6250	1	7305	12	31	1999	2654.5	0.0	9486.1	9547.4	   101.0	     1.0	43.6	1885.3	441.1	0.000	0.0	0.0	29753.04	145907.65	65059.830	21791.10	7598.69	7585.14	75.66
OliveGIS	30set19	19:15:33	D:\wx_medgold\wx_agmerra_andalusia\agmerra_1418_215_ESP.txt	-5.6250	36.3750	1	7305	12	31	1999	2645.2	0.0	9443.3	9429.8	   101.0	     1.0	38.9	1996.3	581.7	0.000	0.0	0.0	35290.77	175451.44	83802.956	36880.79	9105.53	7890.81	79.87
OliveGIS	30set19	19:15:40	D:\wx_medgold\wx_agmerra_andalusia\agmerra_1418_216_ESP.txt	-5.6250	36.1250	1	7305	12	31	1999	2666.4	0.0	10238.4	10233.8	    95.0	     1.0	4.9	2052.7	429.1	0.000	0.0	0.0	52358.63	271368.51	166188.232	74838.90	15072.05	9343.92	86.39
OliveGIS	30set19	19:15:47	D:\wx_medgold\wx_agmerra_andalusia\agmerra_1419_207_ESP.txt	-5.3750	38.3750	1	7305	12	31	1999	2620.5	2.8	7871.4	8325.5	   124.0	     1.0	200.7	1935.1	420.7	0.000	0.0	0.0	17739.93	88629.21	34586.123	11736.91	3970.99	5220.74	60.07
OliveGIS	30set19	19:15:55	D:\wx_medgold\wx_agmerra_andalusia\agmerra_1419_208_ESP.txt	-5.3750	38.1250	1	7305	12	31	1999	2619.3	1.8	7470.0	7945.4	   116.0	     1.0	170.2	1807.9	431.1	0.000	0.0	0.0	10902.67	55276.87	21397.852	7331.03	2954.95	4299.32	51.81
OliveGIS	30set19	19:16:03	D:\wx_medgold\wx_agmerra_andalusia\agmerra_1419_209_ESP.txt	-5.3750	37.8750	1	7305	12	31	1999	2637.0	0.1	8901.7	9627.9	   101.0	     1.0	98.8	1407.7	461.0	0.000	0.0	0.0	8527.61	45306.54	16971.239	4525.07	2683.12	4289.57	42.47
OliveGIS	30set19	19:16:12	D:\wx_medgold\wx_agmerra_andalusia\agmerra_1419_210_ESP.txt	-5.3750	37.6250	1	7305	12	31	1999	2649.4	0.0	9584.9	10403.0	    97.0	     1.0	79.8	1246.0	411.1	0.000	0.0	0.0	7974.78	43739.76	17048.350	4290.66	2650.06	4242.05	38.73
OliveGIS	30set19	19:16:21	D:\wx_medgold\wx_agmerra_andalusia\agmerra_1419_211_ESP.txt	-5.3750	37.3750	1	7305	12	31	1999	2649.0	0.0	9510.9	10066.1	    98.0	     1.0	78.5	1382.9	380.4	0.000	0.0	0.0	11613.21	62068.98	23732.296	6110.86	3620.67	5280.31	49.89
OliveGIS	30set19	19:16:29	D:\wx_medgold\wx_agmerra_andalusia\agmerra_1419_212_ESP.txt	-5.3750	37.1250	1	7305	12	31	1999	2637.7	0.0	9346.5	9634.8	   103.0	     1.0	84.6	1741.7	395.3	0.000	0.0	0.0	16595.65	84115.50	33773.807	10390.01	4748.37	6102.00	60.61
OliveGIS	30set19	19:16:36	D:\wx_medgold\wx_agmerra_andalusia\agmerra_1419_213_ESP.txt	-5.3750	36.8750	1	7305	12	31	1999	2614.8	1.4	6953.0	6897.3	   129.0	     1.0	210.1	2667.4	393.2	0.000	0.0	0.0	37036.01	226752.73	240560.495	87307.53	8389.05	5869.12	80.53
OliveGIS	30set19	19:16:44	D:\wx_medgold\wx_agmerra_andalusia\agmerra_1419_214_ESP.txt	-5.3750	36.6250	1	7305	12	31	1999	2625.2	0.1	7159.5	7123.5	   125.0	     1.0	130.4	2886.0	433.9	0.000	0.0	0.0	46128.40	263778.59	249777.888	120321.44	10263.65	6553.24	85.80
OliveGIS	30set19	19:16:52	D:\wx_medgold\wx_agmerra_andalusia\agmerra_1419_215_ESP.txt	-5.3750	36.3750	1	7305	12	31	1999	2651.8	0.0	9441.4	9503.7	   101.0	     1.0	38.2	1867.1	472.7	0.000	0.0	0.0	31167.41	153400.40	70956.897	28577.09	8193.80	7759.21	77.62
OliveGIS	30set19	19:16:59	D:\wx_medgold\wx_agmerra_andalusia\agmerra_1420_206_ESP.txt	-5.1250	38.6250	1	7305	12	31	1999	2618.2	1.8	7527.3	8185.5	   121.0	     1.0	181.6	1803.7	400.8	0.000	0.0	0.0	11473.93	58027.27	22175.384	8309.56	2998.96	4420.24	51.64
OliveGIS	30set19	19:17:06	D:\wx_medgold\wx_agmerra_andalusia\agmerra_1420_207_ESP.txt	-5.1250	38.3750	1	7305	12	31	1999	2616.1	2.7	7593.2	7983.3	   125.0	     1.0	204.7	1980.2	432.9	0.000	0.0	0.0	18004.21	90141.26	35928.767	14941.62	3975.40	5112.64	61.39
OliveGIS	30set19	19:17:14	D:\wx_medgold\wx_agmerra_andalusia\agmerra_1420_208_ESP.txt	-5.1250	38.1250	1	7305	12	31	1999	2623.7	1.8	7435.2	7899.5	   115.0	     1.0	171.3	1772.3	435.6	0.000	0.0	0.0	11165.04	56397.98	21932.903	7633.48	3071.65	4438.95	53.51
OliveGIS	30set19	19:17:23	D:\wx_medgold\wx_agmerra_andalusia\agmerra_1420_209_ESP.txt	-5.1250	37.8750	1	7305	12	31	1999	2632.0	0.2	8933.3	9676.7	   101.0	     1.0	100.8	1378.7	442.5	0.000	0.0	0.0	7714.80	41291.63	15514.632	4058.59	2481.06	4036.69	39.77
OliveGIS	30set19	19:17:32	D:\wx_medgold\wx_agmerra_andalusia\agmerra_1420_210_ESP.txt	-5.1250	37.6250	1	7305	12	31	1999	2638.2	0.0	9566.3	10350.4	    98.0	     1.0	84.2	1296.8	408.3	0.000	0.0	0.0	8340.17	45728.71	17572.706	4460.81	2744.37	4371.30	40.20
OliveGIS	30set19	19:17:41	D:\wx_medgold\wx_agmerra_andalusia\agmerra_1420_211_ESP.txt	-5.1250	37.3750	1	7305	12	31	1999	2640.4	0.0	9174.3	9673.3	   100.0	     1.0	83.6	1436.0	402.1	0.000	0.0	0.0	11514.92	60514.23	23186.550	5878.05	3537.49	5122.85	50.60
OliveGIS	30set19	19:17:49	D:\wx_medgold\wx_agmerra_andalusia\agmerra_1420_212_ESP.txt	-5.1250	37.1250	1	7305	12	31	1999	2640.1	0.0	8868.1	9125.3	   104.0	     1.0	88.7	1768.1	402.2	0.000	0.0	0.0	17408.05	87579.80	35824.902	11916.44	4881.20	6083.91	63.59
OliveGIS	30set19	19:17:57	D:\wx_medgold\wx_agmerra_andalusia\agmerra_1420_213_ESP.txt	-5.1250	36.8750	1	7305	12	31	1999	2619.7	0.7	6918.2	6853.9	   129.0	     1.0	190.1	2678.9	398.5	0.000	0.0	0.0	38826.35	233349.66	243990.184	99272.73	8657.13	6012.84	82.37
OliveGIS	30set19	19:18:05	D:\wx_medgold\wx_agmerra_andalusia\agmerra_1420_214_ESP.txt	-5.1250	36.6250	1	7305	12	31	1999	2628.6	0.0	7711.9	7661.5	   120.0	     1.0	70.0	2852.7	410.7	0.000	0.0	0.0	48745.84	254042.18	167686.880	146350.24	10722.35	7081.31	86.64
OliveGIS	30set19	19:18:13	D:\wx_medgold\wx_agmerra_andalusia\agmerra_1421_206_ESP.txt	-4.8750	38.6250	1	7305	12	31	1999	2616.5	1.3	7298.4	7974.1	   118.0	     1.0	171.7	1749.1	432.8	0.000	0.0	0.0	9721.30	49494.66	19222.245	6936.94	2809.58	4145.25	49.72
OliveGIS	30set19	19:18:20	D:\wx_medgold\wx_agmerra_andalusia\agmerra_1421_207_ESP.txt	-4.8750	38.3750	1	7305	12	31	1999	2614.5	3.7	7417.8	7674.8	   130.0	     1.0	229.3	2135.2	428.9	0.000	0.0	0.0	25140.11	129984.74	58093.825	26230.71	5341.62	5640.03	70.49
OliveGIS	30set19	19:18:28	D:\wx_medgold\wx_agmerra_andalusia\agmerra_1421_208_ESP.txt	-4.8750	38.1250	1	7305	12	31	1999	2628.5	2.3	7770.0	8192.2	   121.0	     1.0	190.0	1849.6	384.1	0.000	0.0	0.0	14230.43	70229.78	27641.542	10760.25	3443.39	4837.16	56.32
OliveGIS	30set19	19:18:37	D:\wx_medgold\wx_agmerra_andalusia\agmerra_1421_209_ESP.txt	-4.8750	37.8750	1	7305	12	31	1999	2646.2	0.2	9055.6	9786.6	   103.0	     1.0	110.1	1406.1	477.6	0.000	0.0	0.0	8430.84	45527.30	16820.153	4625.86	2688.00	4337.13	42.11
OliveGIS	30set19	19:18:47	D:\wx_medgold\wx_agmerra_andalusia\agmerra_1421_210_ESP.txt	-4.8750	37.6250	1	7305	12	31	1999	2647.1	0.0	9138.5	9821.8	   102.0	     1.0	95.2	1396.6	441.7	0.000	0.0	0.0	8358.68	45014.65	16929.744	4487.32	2708.19	4317.31	41.82
OliveGIS	30set19	19:18:55	D:\wx_medgold\wx_agmerra_andalusia\agmerra_1421_211_ESP.txt	-4.8750	37.3750	1	7305	12	31	1999	2643.7	0.1	9046.1	9352.8	   108.0	     1.0	105.4	1751.5	388.0	0.000	0.0	0.0	15940.66	80009.59	31741.582	10637.74	4397.50	5870.79	59.63
OliveGIS	30set19	19:19:04	D:\wx_medgold\wx_agmerra_andalusia\agmerra_1421_212_ESP.txt	-4.8750	37.1250	1	7305	12	31	1999	2626.6	0.1	8897.4	9030.7	   111.0	     1.0	107.3	1998.2	376.3	0.000	0.0	0.0	22995.12	115332.86	48352.971	23207.50	5639.65	6484.91	68.60
OliveGIS	30set19	19:19:13	D:\wx_medgold\wx_agmerra_andalusia\agmerra_1421_213_ESP.txt	-4.8750	36.8750	1	7305	12	31	1999	2631.4	0.0	8311.0	8322.4	   113.0	     1.0	109.5	2135.6	346.8	0.000	0.0	0.0	29213.47	143323.96	66261.814	33875.64	6914.27	6739.10	77.02
OliveGIS	30set19	19:19:22	D:\wx_medgold\wx_agmerra_andalusia\agmerra_1421_214_ESP.txt	-4.8750	36.6250	1	7305	12	31	1999	2650.5	0.0	9436.5	9451.0	   102.0	     1.0	27.4	2090.2	343.8	0.000	0.0	0.0	36428.50	173731.86	80460.627	29176.24	8885.72	8016.92	80.70
OliveGIS	30set19	19:19:29	D:\wx_medgold\wx_agmerra_andalusia\agmerra_1422_207_ESP.txt	-4.6250	38.3750	1	7305	12	31	1999	2621.2	4.1	7371.6	7580.4	   131.0	     1.0	235.4	2175.0	434.6	0.000	0.0	0.0	27467.71	145864.53	70390.697	27250.87	5832.01	5710.05	72.12
OliveGIS	30set19	19:19:38	D:\wx_medgold\wx_agmerra_andalusia\agmerra_1422_208_ESP.txt	-4.6250	38.1250	1	7305	12	31	1999	2629.3	2.5	7670.1	8074.1	   121.0	     1.0	193.4	1853.4	372.7	0.000	0.0	0.0	14175.34	70568.75	27637.160	10627.75	3427.63	4772.89	56.44
OliveGIS	30set19	19:19:48	D:\wx_medgold\wx_agmerra_andalusia\agmerra_1422_209_ESP.txt	-4.6250	37.8750	1	7305	12	31	1999	2638.2	0.3	8955.6	9676.5	   103.0	     1.0	115.0	1411.3	446.9	0.000	0.0	0.0	8448.31	45418.06	16795.517	4591.21	2684.33	4317.50	42.42
OliveGIS	30set19	19:19:58	D:\wx_medgold\wx_agmerra_andalusia\agmerra_1422_210_ESP.txt	-4.6250	37.6250	1	7305	12	31	1999	2644.0	0.2	8569.5	9185.9	   104.0	     1.0	103.6	1491.9	430.8	0.000	0.0	0.0	9037.96	47819.29	17643.882	4641.64	2793.65	4363.92	45.28
OliveGIS	30set19	19:20:07	D:\wx_medgold\wx_agmerra_andalusia\agmerra_1422_211_ESP.txt	-4.6250	37.3750	1	7305	12	31	1999	2636.2	0.2	9027.0	9288.9	   111.0	     1.0	114.2	1844.3	385.8	0.000	0.0	0.0	18341.22	91594.96	36099.411	15094.59	4608.30	6030.26	61.84
OliveGIS	30set19	19:20:17	D:\wx_medgold\wx_agmerra_andalusia\agmerra_1422_212_ESP.txt	-4.6250	37.1250	1	7305	12	31	1999	2642.8	0.1	8480.2	8603.1	   113.0	     1.0	110.6	2001.4	388.4	0.000	0.0	0.0	22050.80	111220.79	46562.371	26056.20	5352.13	6152.60	68.16
OliveGIS	30set19	19:20:26	D:\wx_medgold\wx_agmerra_andalusia\agmerra_1422_213_ESP.txt	-4.6250	36.8750	1	7305	12	31	1999	2632.3	0.0	8779.1	8808.7	   112.0	     1.0	97.2	2097.2	328.9	0.000	0.0	0.0	29871.17	145843.33	65817.093	38612.30	7193.58	7112.85	76.78
OliveGIS	30set19	19:20:35	D:\wx_medgold\wx_agmerra_andalusia\agmerra_1422_214_ESP.txt	-4.6250	36.6250	1	7305	12	31	1999	2662.9	0.0	9564.4	9615.8	    98.0	     1.0	12.4	1930.5	283.6	0.000	0.0	0.0	39042.19	188608.20	93825.327	33839.42	10242.63	8353.53	82.59
OliveGIS	30set19	19:20:43	D:\wx_medgold\wx_agmerra_andalusia\agmerra_1423_208_ESP.txt	-4.3750	38.1250	1	7305	12	31	1999	2623.7	1.4	7628.2	8125.3	   119.0	     1.0	176.0	1822.9	395.2	0.000	0.0	0.0	12442.31	64228.23	25255.194	9741.95	3255.33	4609.14	54.18
OliveGIS	30set19	19:20:53	D:\wx_medgold\wx_agmerra_andalusia\agmerra_1423_209_ESP.txt	-4.3750	37.8750	1	7305	12	31	1999	2643.0	0.1	8778.0	9783.6	   102.0	     1.0	98.2	1217.0	457.5	0.000	0.0	0.0	6084.42	34293.70	13159.081	3533.48	2106.77	3530.35	34.21
OliveGIS	30set19	19:21:04	D:\wx_medgold\wx_agmerra_andalusia\agmerra_1423_210_ESP.txt	-4.3750	37.6250	1	7305	12	31	1999	2643.2	0.0	8388.8	9194.6	   104.0	     1.0	96.0	1435.9	446.8	0.000	0.0	0.0	7617.34	40980.52	14752.155	4064.77	2401.47	3947.99	40.87
OliveGIS	30set19	19:21:13	D:\wx_medgold\wx_agmerra_andalusia\agmerra_1423_211_ESP.txt	-4.3750	37.3750	1	7305	12	31	1999	2621.2	0.5	8085.5	8436.3	   114.0	     1.0	135.8	1869.2	387.3	0.000	0.0	0.0	15564.30	78737.52	31103.358	11810.89	3961.61	5279.12	59.85
OliveGIS	30set19	19:21:21	D:\wx_medgold\wx_agmerra_andalusia\agmerra_1423_212_ESP.txt	-4.3750	37.1250	1	7305	12	31	1999	2629.8	0.2	8580.7	8868.3	   113.0	     1.0	121.2	1876.6	398.6	0.000	0.0	0.0	16883.38	84900.04	33110.158	13840.06	4199.03	5603.45	60.42
OliveGIS	30set19	19:21:31	D:\wx_medgold\wx_agmerra_andalusia\agmerra_1423_213_ESP.txt	-4.3750	36.8750	1	7305	12	31	1999	2640.6	0.1	8821.9	8932.2	   113.0	     1.0	116.8	1953.3	359.7	0.000	0.0	0.0	22036.98	110583.38	45611.188	21788.56	5287.86	6280.79	67.16
OliveGIS	30set19	19:21:40	D:\wx_medgold\wx_agmerra_andalusia\agmerra_1424_207_ESP.txt	-4.1250	38.3750	1	7305	12	31	1999	2620.5	3.1	7190.0	7561.2	   130.0	     1.0	225.1	2061.2	404.7	0.000	0.0	0.0	20274.79	102135.15	43478.835	21771.85	4351.83	5242.18	66.38
OliveGIS	30set19	19:21:48	D:\wx_medgold\wx_agmerra_andalusia\agmerra_1424_208_ESP.txt	-4.1250	38.1250	1	7305	12	31	1999	2630.3	1.7	7842.2	8364.0	   122.0	     1.0	185.7	1827.0	362.3	0.000	0.0	0.0	13575.29	68918.56	27280.031	10159.73	3413.71	4825.94	55.08
OliveGIS	30set19	19:21:57	D:\wx_medgold\wx_agmerra_andalusia\agmerra_1424_209_ESP.txt	-4.1250	37.8750	1	7305	12	31	1999	2641.9	0.2	8247.7	9163.2	   104.0	     1.0	109.5	1340.1	429.2	0.000	0.0	0.0	6860.88	37132.67	13685.360	3782.99	2258.83	3727.59	38.68
OliveGIS	30set19	19:22:06	D:\wx_medgold\wx_agmerra_andalusia\agmerra_1424_210_ESP.txt	-4.1250	37.6250	1	7305	12	31	1999	2632.8	0.2	8743.1	9425.2	   111.0	     1.0	117.0	1657.0	436.5	0.000	0.0	0.0	11704.03	61416.98	22891.924	7103.43	3487.34	5051.51	51.21
OliveGIS	30set19	19:22:14	D:\wx_medgold\wx_agmerra_andalusia\agmerra_1424_211_ESP.txt	-4.1250	37.3750	1	7305	12	31	1999	2624.0	0.7	8239.6	8495.2	   123.0	     1.0	162.0	2046.3	378.5	0.000	0.0	0.0	22398.88	109412.15	46575.419	25282.40	4994.55	6034.39	67.93
OliveGIS	30set19	19:22:22	D:\wx_medgold\wx_agmerra_andalusia\agmerra_1424_212_ESP.txt	-4.1250	37.1250	1	7305	12	31	1999	2623.6	0.3	7929.7	8159.5	   115.0	     1.0	133.7	1959.4	391.0	0.000	0.0	0.0	18823.65	93500.39	38272.302	18292.67	4568.51	5617.94	65.72
OliveGIS	30set19	19:22:34	D:\wx_medgold\wx_agmerra_andalusia\agmerra_1424_213_ESP.txt	-4.1250	36.8750	1	7305	12	31	1999	2634.5	0.1	8386.8	8452.7	   114.0	     1.0	118.0	2012.8	347.2	0.000	0.0	0.0	25564.03	126546.61	55389.727	29163.21	6211.20	6552.17	73.75
OliveGIS	30set19	19:22:43	D:\wx_medgold\wx_agmerra_andalusia\agmerra_1425_207_ESP.txt	-3.8750	38.3750	1	7305	12	31	1999	2628.9	1.6	7692.5	8360.6	   122.0	     1.0	180.6	1748.9	435.4	0.000	0.0	0.0	11960.28	60697.27	23807.750	8126.29	3214.32	4658.40	53.20
OliveGIS	30set19	19:22:53	D:\wx_medgold\wx_agmerra_andalusia\agmerra_1425_208_ESP.txt	-3.8750	38.1250	1	7305	12	31	1999	2624.7	0.8	7891.8	8700.6	   113.0	     1.0	149.4	1580.6	396.6	0.000	0.0	0.0	9073.86	47536.58	17175.264	4725.66	2716.19	4188.49	46.02
OliveGIS	30set19	19:23:02	D:\wx_medgold\wx_agmerra_andalusia\agmerra_1425_209_ESP.txt	-3.8750	37.8750	1	7305	12	31	1999	2649.5	0.4	7973.6	9289.4	   105.0	     1.0	115.7	1168.1	439.0	0.000	0.0	0.0	4374.56	24491.41	9359.695	2617.95	1512.38	2705.92	27.33
OliveGIS	30set19	19:23:12	D:\wx_medgold\wx_agmerra_andalusia\agmerra_1425_210_ESP.txt	-3.8750	37.6250	1	7305	12	31	1999	2631.4	0.4	7753.3	8644.2	   114.0	     1.0	133.0	1582.5	469.6	0.000	0.0	0.0	8596.79	44974.67	15870.827	4224.71	2539.86	3996.14	44.15
OliveGIS	30set19	19:23:21	D:\wx_medgold\wx_agmerra_andalusia\agmerra_1425_211_ESP.txt	-3.8750	37.3750	1	7305	12	31	1999	2621.4	1.7	8156.8	8589.8	   125.0	     1.0	190.2	1923.7	326.1	0.000	0.0	0.0	20197.84	98956.33	40275.938	17167.67	4502.48	5797.08	64.53
OliveGIS	30set19	19:23:30	D:\wx_medgold\wx_agmerra_andalusia\agmerra_1425_212_ESP.txt	-3.8750	37.1250	1	7305	12	31	1999	2621.0	0.9	8243.4	8713.7	   115.0	     1.0	152.7	1749.9	335.2	0.000	0.0	0.0	12762.64	63686.77	24170.785	8875.66	3358.12	4881.55	53.57
OliveGIS	30set19	19:23:40	D:\wx_medgold\wx_agmerra_andalusia\agmerra_1425_213_ESP.txt	-3.8750	36.8750	1	7305	12	31	1999	2630.5	0.2	8538.0	9067.4	   111.0	     1.0	130.3	1529.6	356.9	0.000	0.0	0.0	10888.75	56125.65	20357.923	5833.60	3128.77	4723.82	49.67
OliveGIS	30set19	19:23:49	D:\wx_medgold\wx_agmerra_andalusia\agmerra_1426_207_ESP.txt	-3.6250	38.3750	1	7305	12	31	1999	2627.7	1.7	7822.2	8448.5	   125.0	     1.0	188.1	1808.1	414.3	0.000	0.0	0.0	13805.35	71193.75	28015.518	9420.47	3472.84	4845.96	54.84
OliveGIS	30set19	19:23:58	D:\wx_medgold\wx_agmerra_andalusia\agmerra_1426_208_ESP.txt	-3.6250	38.1250	1	7305	12	31	1999	2636.2	1.0	7617.6	8307.8	   116.0	     1.0	159.3	1662.2	373.9	0.000	0.0	0.0	10754.73	56521.53	21870.157	6976.08	3222.90	4549.87	52.19
OliveGIS	30set19	19:24:07	D:\wx_medgold\wx_agmerra_andalusia\agmerra_1426_209_ESP.txt	-3.6250	37.8750	1	7305	12	31	1999	2639.1	0.4	8195.6	9407.9	   110.0	     1.0	128.9	1323.5	421.7	0.000	0.0	0.0	6218.64	33002.94	11295.476	3245.89	1952.79	3464.09	34.88
OliveGIS	30set19	19:24:16	D:\wx_medgold\wx_agmerra_andalusia\agmerra_1426_210_ESP.txt	-3.6250	37.6250	1	7305	12	31	1999	2629.6	0.7	7970.8	8694.7	   121.0	     1.0	158.1	1794.0	446.0	0.000	0.0	0.0	12009.55	60847.87	23620.287	9112.67	3246.94	4733.23	52.01
OliveGIS	30set19	19:24:24	D:\wx_medgold\wx_agmerra_andalusia\agmerra_1426_211_ESP.txt	-3.6250	37.3750	1	7305	12	31	1999	2619.1	3.3	7504.7	7779.9	   130.0	     1.0	225.6	2094.5	326.9	0.000	0.0	0.0	23502.28	116913.47	49318.196	22162.20	4716.08	5537.72	68.25
OliveGIS	30set19	19:24:32	D:\wx_medgold\wx_agmerra_andalusia\agmerra_1426_212_ESP.txt	-3.6250	37.1250	1	7305	12	31	1999	2625.6	1.6	8268.2	8629.1	   123.0	     1.0	179.8	1897.4	377.5	0.000	0.0	0.0	17253.34	85270.17	34003.289	12227.85	3888.43	5347.57	59.25
OliveGIS	30set19	19:24:42	D:\wx_medgold\wx_agmerra_andalusia\agmerra_1426_213_ESP.txt	-3.6250	36.8750	1	7305	12	31	1999	2630.9	0.4	8794.3	9257.7	   114.0	     1.0	146.8	1651.3	342.4	0.000	0.0	0.0	13656.18	69538.96	26363.365	9084.18	3752.27	5342.22	54.96
OliveGIS	30set19	19:24:51	D:\wx_medgold\wx_agmerra_andalusia\agmerra_1427_207_ESP.txt	-3.3750	38.3750	1	7305	12	31	1999	2627.6	1.7	7617.2	8264.2	   119.0	     1.0	178.7	1701.0	449.5	0.000	0.0	0.0	10962.12	55786.55	21592.565	5934.51	3067.04	4441.48	51.40
OliveGIS	30set19	19:25:02	D:\wx_medgold\wx_agmerra_andalusia\agmerra_1427_208_ESP.txt	-3.3750	38.1250	1	7305	12	31	1999	2632.7	1.0	7804.3	8547.7	   114.0	     1.0	154.5	1579.7	417.8	0.000	0.0	0.0	10080.21	52619.89	19498.120	5315.52	2987.63	4413.35	49.29
OliveGIS	30set19	19:25:11	D:\wx_medgold\wx_agmerra_andalusia\agmerra_1427_209_ESP.txt	-3.3750	37.8750	1	7305	12	31	1999	2634.6	0.7	8639.4	9492.4	   112.0	     1.0	140.4	1504.2	375.3	0.000	0.0	0.0	10442.89	54491.67	19562.204	4779.87	3090.71	4701.57	47.32
OliveGIS	30set19	19:25:19	D:\wx_medgold\wx_agmerra_andalusia\agmerra_1427_210_ESP.txt	-3.3750	37.6250	1	7305	12	31	1999	2622.1	1.4	8032.6	8436.6	   126.0	     1.0	182.0	2028.2	398.4	0.000	0.0	0.0	21602.30	107268.97	45045.332	22722.58	4815.26	5864.30	66.60
OliveGIS	30set19	19:25:26	D:\wx_medgold\wx_agmerra_andalusia\agmerra_1427_211_ESP.txt	-3.3750	37.3750	1	7305	12	31	1999	2077.3	25.2	1422.0	1489.9	   154.0	     1.0	558.1	2883.0	240.1	0.000	0.0	0.0	7442.71	47653.36	47451.225	6968.16	1269.39	1063.82	66.80
OliveGIS	30set19	19:25:33	D:\wx_medgold\wx_agmerra_andalusia\agmerra_1427_212_ESP.txt	-3.3750	37.1250	1	7305	12	31	1999	2266.7	15.9	3110.0	4003.7	   147.0	     1.0	451.2	2770.2	569.4	0.000	0.0	0.0	16500.64	97401.33	119786.598	16918.29	3360.45	2789.58	67.42
OliveGIS	30set19	19:25:41	D:\wx_medgold\wx_agmerra_andalusia\agmerra_1427_213_ESP.txt	-3.3750	36.8750	1	7305	12	31	1999	2617.4	5.5	6828.0	6875.3	   134.0	     1.0	264.6	2333.6	500.7	0.000	0.0	0.0	27736.62	170829.96	131171.119	37045.05	6152.42	5179.10	71.83
OliveGIS	30set19	19:25:49	D:\wx_medgold\wx_agmerra_andalusia\agmerra_1428_207_ESP.txt	-3.1250	38.3750	1	7305	12	31	1999	2625.3	2.6	7382.4	7842.1	   127.0	     1.0	202.8	1954.8	426.3	0.000	0.0	0.0	18403.15	92255.85	39517.037	16040.14	4322.58	5341.50	65.07
OliveGIS	30set19	19:25:57	D:\wx_medgold\wx_agmerra_andalusia\agmerra_1428_208_ESP.txt	-3.1250	38.1250	1	7305	12	31	1999	2625.4	1.9	7970.2	8491.7	   125.0	     1.0	185.0	1880.9	426.3	0.000	0.0	0.0	17965.90	91190.36	38125.956	15490.75	4480.93	5614.28	63.21
OliveGIS	30set19	19:26:06	D:\wx_medgold\wx_agmerra_andalusia\agmerra_1428_209_ESP.txt	-3.1250	37.8750	1	7305	12	31	1999	2627.9	1.3	8134.8	8700.5	   120.0	     1.0	164.8	1750.9	380.2	0.000	0.0	0.0	13887.35	70574.88	27995.741	10228.60	3647.51	5069.88	55.75
OliveGIS	30set19	19:26:14	D:\wx_medgold\wx_agmerra_andalusia\agmerra_1428_210_ESP.txt	-3.1250	37.6250	1	7305	12	31	1999	2622.4	1.9	8025.9	8350.7	   128.0	     1.0	195.2	2110.2	374.7	0.000	0.0	0.0	23642.82	120011.67	52010.236	33468.20	5197.45	5991.24	68.74
OliveGIS	30set19	19:26:20	D:\wx_medgold\wx_agmerra_andalusia\agmerra_1428_211_ESP.txt	-3.1250	37.3750	1	7305	12	31	1999	2091.7	25.3	2077.8	2160.2	   153.0	     1.0	550.7	2877.9	233.5	0.000	0.0	0.0	10586.66	69042.22	71292.642	9284.22	1836.48	1504.87	66.44
OliveGIS	30set19	19:26:26	D:\wx_medgold\wx_agmerra_andalusia\agmerra_1428_212_ESP.txt	-3.1250	37.1250	1	7305	12	31	1999	2343.0	11.8	4521.4	7550.2	   145.0	     1.0	404.1	2738.9	440.4	0.000	0.0	0.0	26835.89	181721.71	189294.723	25029.33	5440.47	4665.39	60.90
OliveGIS	30set19	19:26:34	D:\wx_medgold\wx_agmerra_andalusia\agmerra_1428_213_ESP.txt	-3.1250	36.8750	1	7305	12	31	1999	2619.1	3.5	7096.5	7155.8	   132.0	     1.0	229.1	2253.7	347.3	0.000	0.0	0.0	28482.91	163036.87	90966.994	39188.88	6282.00	5577.37	74.27
OliveGIS	30set19	19:26:42	D:\wx_medgold\wx_agmerra_andalusia\agmerra_1429_207_ESP.txt	-2.8750	38.3750	1	7305	12	31	1999	2611.6	8.7	7088.0	7255.1	   133.0	     1.0	281.2	2231.6	403.8	0.000	0.0	0.0	26695.50	175711.52	123466.414	29207.96	6500.31	5262.49	69.43
OliveGIS	30set19	19:26:49	D:\wx_medgold\wx_agmerra_andalusia\agmerra_1429_208_ESP.txt	-2.8750	38.1250	1	7305	12	31	1999	2619.2	7.5	7059.0	7223.6	   133.0	     1.0	273.3	2237.8	451.4	0.000	0.0	0.0	26893.14	173262.08	129838.761	34329.21	6469.61	5299.12	69.98
OliveGIS	30set19	19:26:56	D:\wx_medgold\wx_agmerra_andalusia\agmerra_1429_209_ESP.txt	-2.8750	37.8750	1	7305	12	31	1999	2602.7	8.1	6720.3	6773.5	   133.0	     1.0	316.4	2412.4	447.0	0.000	0.0	0.0	31960.25	214696.25	185678.856	47680.77	6836.35	5440.05	76.42
OliveGIS	30set19	19:27:02	D:\wx_medgold\wx_agmerra_andalusia\agmerra_1429_210_ESP.txt	-2.8750	37.6250	1	7305	12	31	1999	2533.8	9.0	6584.7	6615.1	   134.0	     1.0	353.1	2552.5	329.6	0.000	0.0	0.0	29669.13	209404.71	187596.825	40176.42	5901.64	4950.39	72.87
OliveGIS	30set19	19:27:08	D:\wx_medgold\wx_agmerra_andalusia\agmerra_1429_211_ESP.txt	-2.8750	37.3750	1	7305	12	31	1999	1477.0	79.5	9.3	10.9	   175.0	     1.0	884.5	3335.2	330.9	0.000	0.0	0.1	221.85	1030.12	1040.667	499.47	35.47	17.93	88.81
OliveGIS	30set19	19:27:13	D:\wx_medgold\wx_agmerra_andalusia\agmerra_1429_212_ESP.txt	-2.8750	37.1250	1	7305	12	31	1999	1729.6	34.8	257.9	340.7	   166.0	     1.0	626.7	3352.4	387.0	0.000	0.0	0.0	2636.85	15934.41	23118.100	5671.36	467.90	292.83	63.86
OliveGIS	30set19	19:27:20	D:\wx_medgold\wx_agmerra_andalusia\agmerra_1429_213_ESP.txt	-2.8750	36.8750	1	7305	12	31	1999	2643.5	0.3	9486.8	9768.0	   113.0	     1.0	115.3	1680.5	377.9	0.000	0.0	0.0	18445.12	92753.59	36126.320	11600.12	4827.36	6340.85	61.84
OliveGIS	30set19	19:27:28	D:\wx_medgold\wx_agmerra_andalusia\agmerra_1430_207_ESP.txt	-2.6250	38.3750	1	7305	12	31	1999	2546.2	13.9	6994.6	7124.4	   136.0	     1.0	419.3	2394.8	422.4	0.000	0.0	0.0	26803.80	197942.67	213869.377	24908.92	5966.66	4861.26	66.48
OliveGIS	30set19	19:27:34	D:\wx_medgold\wx_agmerra_andalusia\agmerra_1430_208_ESP.txt	-2.6250	38.1250	1	7305	12	31	1999	2507.2	15.1	6766.3	6887.2	   137.0	     1.0	423.6	2426.1	517.1	0.000	0.0	0.0	26876.11	191710.26	194286.855	34080.34	5696.27	4791.24	68.09
OliveGIS	30set19	19:27:41	D:\wx_medgold\wx_agmerra_andalusia\agmerra_1430_209_ESP.txt	-2.6250	37.8750	1	7305	12	31	1999	2479.3	11.6	5450.0	6843.3	   137.0	     1.0	379.6	2582.3	446.6	0.000	0.0	0.0	33657.09	248157.44	213465.557	46251.69	6976.86	5195.82	74.65
OliveGIS	30set19	19:27:48	D:\wx_medgold\wx_agmerra_andalusia\agmerra_1430_210_ESP.txt	-2.6250	37.6250	1	7305	12	31	1999	2529.7	10.4	6771.2	6812.1	   134.0	     1.0	355.2	2554.6	327.9	0.000	0.0	0.0	33626.53	232953.84	207917.191	47811.48	7002.09	5370.69	76.81
OliveGIS	30set19	19:27:53	D:\wx_medgold\wx_agmerra_andalusia\agmerra_1430_211_ESP.txt	-2.6250	37.3750	1	7305	12	31	1999	1542.8	67.9	18.9	21.2	   172.0	     1.0	825.3	3346.4	307.5	0.000	0.0	0.2	890.91	4288.51	4711.054	1599.04	144.63	78.14	88.44
OliveGIS	30set19	19:27:58	D:\wx_medgold\wx_agmerra_andalusia\agmerra_1430_212_ESP.txt	-2.6250	37.1250	1	7305	12	31	1999	1845.1	23.1	695.7	827.2	   159.0	     1.0	530.7	3358.1	319.4	0.000	0.0	0.0	4653.78	28189.77	31949.321	6626.50	863.76	624.57	68.67
OliveGIS	30set19	19:28:06	D:\wx_medgold\wx_agmerra_andalusia\agmerra_1430_213_ESP.txt	-2.6250	36.8750	1	7305	12	31	1999	2646.5	0.0	8715.4	9026.5	   107.0	     1.0	86.8	1483.6	274.8	0.000	0.0	0.0	14384.94	72543.89	27858.130	7498.10	3993.07	5499.28	58.03
OliveGIS	30set19	19:28:13	D:\wx_medgold\wx_agmerra_andalusia\agmerra_1431_209_ESP.txt	-2.3750	37.8750	1	7305	12	31	1999	2062.3	27.2	2858.1	3003.2	   153.0	     1.0	540.6	2954.9	371.2	0.000	0.0	0.0	15056.66	97784.76	101983.016	14232.96	2632.17	2093.12	65.44
OliveGIS	30set19	19:28:19	D:\wx_medgold\wx_agmerra_andalusia\agmerra_1431_210_ESP.txt	-2.3750	37.6250	1	7305	12	31	1999	2194.4	19.7	2168.3	3600.7	   147.0	     1.0	462.4	2883.7	351.8	0.000	0.0	0.0	16946.10	96917.89	112388.877	17834.06	3208.23	2629.22	70.07
OliveGIS	30set19	19:28:25	D:\wx_medgold\wx_agmerra_andalusia\agmerra_1431_211_ESP.txt	-2.3750	37.3750	1	7305	12	31	1999	2135.6	19.3	2180.4	2248.0	   149.0	     1.0	457.4	3003.6	257.5	0.000	0.0	0.0	10939.98	64812.72	72492.777	10861.48	2005.11	1596.58	68.66
OliveGIS	30set19	19:28:31	D:\wx_medgold\wx_agmerra_andalusia\agmerra_1431_212_ESP.txt	-2.3750	37.1250	1	7305	12	31	1999	2476.5	2.5	6395.0	6383.4	   134.0	     1.0	241.5	2880.1	309.7	0.000	0.0	0.0	35228.61	229580.23	214936.828	70046.82	7870.32	5294.24	80.70
OliveGIS	30set19	19:28:40	D:\wx_medgold\wx_agmerra_andalusia\agmerra_1431_213_ESP.txt	-2.3750	36.8750	1	7305	12	31	1999	2647.5	0.0	8814.5	9130.1	   107.0	     1.0	77.6	1391.5	228.4	0.000	0.0	0.0	15928.87	81889.84	32621.948	8985.22	4599.30	5878.02	61.37
OliveGIS	30set19	19:28:47	D:\wx_medgold\wx_agmerra_andalusia\agmerra_1432_209_ESP.txt	-2.1250	37.8750	1	7305	12	31	1999	2190.0	19.7	7319.1	7467.3	   148.0	     1.0	464.1	2917.2	361.7	0.000	0.0	0.0	37609.91	235136.32	231492.866	42391.79	6273.28	5176.10	67.54
OliveGIS	30set19	19:28:54	D:\wx_medgold\wx_agmerra_andalusia\agmerra_1432_210_ESP.txt	-2.1250	37.6250	1	7305	12	31	1999	2425.6	10.6	4688.3	5734.4	   136.0	     1.0	352.8	2742.2	355.8	0.000	0.0	0.0	27496.94	185899.95	168790.275	40439.39	5742.63	4331.26	74.13
OliveGIS	30set19	19:29:01	D:\wx_medgold\wx_agmerra_andalusia\agmerra_1432_211_ESP.txt	-2.1250	37.3750	1	7305	12	31	1999	2389.0	8.0	4516.6	5377.0	   137.0	     1.0	322.3	2861.3	263.9	0.000	0.0	0.0	30041.49	200565.62	177714.966	50318.17	6359.19	4335.04	78.88
OliveGIS	30set19	19:29:08	D:\wx_medgold\wx_agmerra_andalusia\agmerra_1432_212_ESP.txt	-2.1250	37.1250	1	7305	12	31	1999	2628.0	0.0	7707.1	7678.3	   127.0	     1.0	108.2	2713.4	253.1	0.000	0.0	0.0	45227.56	236091.40	149723.453	125803.51	10649.96	7049.53	86.14
OliveGIS	30set19	19:29:18	D:\wx_medgold\wx_agmerra_andalusia\agmerra_1432_213_ESP.txt	-2.1250	36.8750	1	7305	12	31	1999	2656.8	0.0	10326.7	10696.8	   101.0	     1.0	42.0	1084.7	225.0	0.000	0.0	0.0	19752.90	101937.62	42896.477	12085.75	5991.06	7224.35	64.52
OliveGIS	30set19	19:29:26	D:\wx_medgold\wx_agmerra_andalusia\agmerra_1433_211_ESP.txt	-1.8750	37.3750	1	7305	12	31	1999	2636.9	0.5	9296.9	9725.7	   114.0	     1.0	126.7	1573.2	289.2	0.000	0.0	0.0	16705.82	87121.13	33152.341	10109.35	4519.28	5918.28	58.20
OliveGIS	30set19	19:29:35	D:\wx_medgold\wx_agmerra_andalusia\agmerra_1433_212_ESP.txt	-1.8750	37.1250	1	7305	12	31	1999	2651.7	0.0	9439.5	9779.7	   104.0	     1.0	47.0	1280.6	248.3	0.000	0.0	0.0	18382.76	93807.86	38791.856	10870.98	5386.21	6568.98	64.16
