CAMYAAK2	KINGCTY2.A	MONTEREY							
121.0833333	36.11666667								
MO	DA	YR	TMAX	TMIN	SOL	PRCP	RH	WIND	
01	01	1995	16.7	3.3	110	0.508	74.7	2	
01	02	1995	14.4	0.6	63	4.822	73.7	3	
01	03	1995	15	7.2	117	7.868	83.55	3	
01	04	1995	15	8.9	29	38.57	87.6	5	
01	05	1995	13.9	6.7	79	0.508	76.6	2	
01	06	1995	13.9	6.7	50	4.822	73.7	4	
01	07	1995	13.3	9.4	49	14.21	93.4	4	
01	08	1995	15.6	11.1	39	2.792	90	4	
01	09	1995	17.2	13.3	51	33.24	91.4	7	
01	10	1995	16.7	7.8	65	14.72	86.3	4	
01	11	1995	15.6	6.7	74	0.254	84.25	3	
01	12	1995	16.7	10.6	45	1.777	90.2	3	
01	13	1995	17.8	11.7	80	0.254	87.95	4	
01	14	1995	16.7	8.3	80	1.777	82.8	4	
01	15	1995	11.1	4.4	84	0.761	83.85	2	
01	16	1995	11.7	2.2	99	1.269	84.6	2	
01	17	1995	12.8	0	133	0	71.85	1	
01	18	1995	14.4	0	149	0	73.3	2	
01	19	1995	15	0	123	0	76.85	2	
01	20	1995	12.2	3.3	36	23.09	87.7	3	
01	21	1995	12.2	4.4	62	0.508	89.15	2	
01	22	1995	13.9	8.3	35	5.33	79.65	4	
01	23	1995	12.8	8.9	32	8.883	90.6	3	
01	24	1995	13.9	9.4	72	31.47	92.95	4	
01	25	1995	15	5.6	100	3.807	89.15	2	
01	26	1995	13.9	3.3	65	0	85.6	2	
01	27	1995	14.4	8.3	50	0.508	93.05	3	
01	28	1995	17.8	6.7	102	0.254	87	1	
01	29	1995	16.7	7.8	99	0.254	91.4	2	
01	30	1995	19.4	8.3	108	0	82.85	1	
01	31	1995	22.2	6.7	166	0	81.65	1	
02	01	1995	22.8	8.3	168	0.254	81.7	2	
02	02	1995	22.2	6.1	172	0	84.05	2	
02	03	1995	25.6	6.1	176	0	74	2	
02	04	1995	23.9	5	175	0	74.55	2	
02	05	1995	16.7	7.2	117	0.254	92.3	2	
02	06	1995	14.4	8.3	99	0	91.35	2	
02	07	1995	14.4	7.2	72	5.076	82.85	2	
02	08	1995	16.1	7.8	133	2.538	84.65	2	
02	09	1995	18.3	6.7	158	0	80.25	1	
02	10	1995	12.2	6.1	197	0	83.35	2	
02	11	1995	12.8	8.3	78	0	91.65	2	
02	12	1995	15	9.4	102	0	72.2	2	
02	13	1995	14.4	8.9	81	13.45	87.3	4	
02	14	1995	13.3	2.8	204	0	72.9	4	
02	15	1995	16.1	-1.7	208	0	67.45	1	
02	16	1995	17.8	0	156	0	78.8	2	
02	17	1995	19.4	1.7	201	0	75.75	2	
02	18	1995	21.7	2.8	205	0	75.9	2	
02	19	1995	23.9	3.9	208	0	76.7	2	
02	20	1995	28.9	5	212	0	69.45	1	
02	21	1995	25.6	4.4	201	0	71.15	2	
02	22	1995	18.3	9.4	139	0	86.15	2	
02	23	1995	13.9	10	77	0	95.3	2	
02	24	1995	15.6	10	77	0.254	93.45	2	
02	25	1995	14.4	10.6	64	0	93	1	
02	26	1995	16.1	11.1	90	0	86.6	2	
02	27	1995	16.7	11.7	77	0	85.35	1	
02	28	1995	15	9.4	51	0	88.4	1	
03	01	1995	18.3	9.4	174	0	78.75	2	
03	02	1995	17.8	10.6	129	1.015	87.65	3	
03	03	1995	17.2	8.9	105	0	89.05	3	
03	04	1995	17.8	8.3	103	16.49	85.45	1	
03	05	1995	15.6	6.1	67	3.807	96.2	2	
03	06	1995	17.8	2.2	225	0.254	77.55	1	
03	07	1995	18.9	2.2	201	0	76.65	2	
03	08	1995	16.7	8.3	72	0	81.3	3	
03	09	1995	16.1	12.2	32	49.23	83.35	5	
03	10	1995	15.6	11.1	12	85.27	92.75	5	
03	11	1995	16.7	6.7	178	3.807	81.65	3	
03	12	1995	18.9	7.8	235	0.254	77.1	2	
03	13	1995	21.1	8.9	191	0	71.55	2	
03	14	1995	20.6	10	164	0	80.5	2	
03	15	1995	21.7	8.9	244	0	80.55	3	
03	16	1995	20.6	5.6	258	0	74.15	2	
03	17	1995	22.2	6.1	207	0	74.75	2	
03	18	1995	19.4	7.8	155	0	82.75	2	
03	19	1995	18.9	9.4	207	0	79.7	2	
03	20	1995	17.8	7.2	143	4.822	87.2	3	
03	21	1995	14.4	5	220	1.269	78.25	3	
03	22	1995	14.4	4.4	162	18.27	90.45	5	
03	23	1995	13.3	2.8	210	3.046	78.1	2	
03	24	1995	13.9	0.6	262	0	74.45	3	
03	25	1995	15.6	1.1	282	0	72.25	2	
03	26	1995	18.3	0	282	0	66.7	1	
03	27	1995	20.6	1.1	286	0	66.7	1	
03	28	1995	21.1	1.1	288	0	65.4	1	
03	29	1995	21.1	0.6	291	0	63.25	1	
03	30	1995	23.9	2.2	277	0	64.15	2	
03	31	1995	24.4	3.3	276	0	68.3	2	
04	01	1995	17.2	5.6	280	0	75.05	4	
04	02	1995	22.8	2.8	297	0	71.3	2	
04	03	1995	26.1	3.3	299	0	66.45	1	
04	04	1995	26.1	5	295	0	67.65	2	
04	05	1995	26.1	4.4	278	0	70.85	3	
04	06	1995	20.6	8.3	178	0	78.35	1	
04	07	1995	20	8.3	187	0	76.45	3	
04	08	1995	17.2	4.4	285	0	64.8	4	
04	09	1995	17.2	2.8	307	0	65.6	4	
04	10	1995	21.7	2.8	303	0	64.5	3	
04	11	1995	23.3	3.9	293	0	68.4	2	
04	12	1995	25.6	6.7	233	0	70.8	2	
04	13	1995	15.6	8.3	247	0	77.15	3	
04	14	1995	17.2	1.7	288	0	73.15	3	
04	15	1995	13.9	0.6	207	1.777	72.5	2	
04	16	1995	15	4.4	204	0.254	74.5	3	
04	17	1995	15	3.3	175	0	80.55	2	
04	18	1995	15	3.9	282	1.015	78.05	4	
04	19	1995	16.1	1.7	303	0	71.65	3	
04	20	1995	15.6	2.2	277	0	70.75	3	
04	21	1995	20.6	0.6	328	0	64.85	3	
04	22	1995	25	1.7	329	0	63.35	2	
04	23	1995	28.9	3.9	325	0	60.55	1	
04	24	1995	28.3	5	325	0	63.8	2	
04	25	1995	22.8	5	298	0	71.7	2	
04	26	1995	23.3	4.4	284	0	72.1	3	
04	27	1995	21.7	5	200	0	81.3	2	
04	28	1995	20.6	8.3	174	0	75.8	2	
04	29	1995	20.6	12.8	146	0.508	84.95	3	
04	30	1995	23.3	10.6	170	0.254	81.35	2	
05	01	1995	22.2	7.8	219	0	79.55	3	
05	02	1995	21.1	5	338	0	74.05	3	
05	03	1995	23.3	5.6	335	0	69.1	3	
05	04	1995	18.3	6.1	259	0	72.8	4	
05	05	1995	16.7	5	234	0	68.55	4	
05	06	1995	19.4	5	322	0	71.75	3	
05	07	1995	20	7.2	287	0	76.55	3	
05	08	1995	21.1	7.2	232	0	71.35	2	
05	09	1995	22.8	5.6	256	0	71.6	3	
05	10	1995	22.8	8.3	290	0	71.15	3	
05	11	1995	21.7	7.8	321	0	71	4	
05	12	1995	19.4	6.7	304	0	69.1	4	
05	13	1995	15.6	6.7	171	7.868	86.5	1	
05	14	1995	17.8	8.3	180	0	76.7	2	
05	15	1995	19.4	8.3	254	1.015	76.55	2	
05	16	1995	22.8	5	339	0	72.75	3	
05	17	1995	24.4	6.7	316	0	69	3	
05	18	1995	25.6	9.4	290	0	73.9	2	
05	19	1995	29.4	9.4	322	0	70.25	2	
05	20	1995	23.3	7.8	270	0	75.05	3	
05	21	1995	18.3	7.2	203	0	78.15	3	
05	22	1995	20	10	298	0	74.35	4	
05	23	1995	22.2	9.4	306	0	78.5	3	
05	24	1995	15.6	8.3	89	0.508	87.4	2	
05	25	1995	22.8	7.2	255	0	77.6	3	
05	26	1995	23.3	9.4	270	0	75.95	3	
05	27	1995	23.3	8.3	252	0	72.35	3	
05	28	1995	26.7	6.7	310	0	72.35	2	
05	29	1995	31.7	8.9	350	0	65.15	2	
05	30	1995	32.2	7.2	298	0	63.2	2	
05	31	1995	33.3	7.2	250	0	61.8	2	
06	01	1995	22.8	10	269	0	78.4	3	
06	02	1995	19.4	11.1	283	0	72.85	5	
06	03	1995	23.3	10	319	0	76.85	3	
06	04	1995	25.6	9.4	343	0	67.9	4	
06	05	1995	22.2	8.9	358	0	65.7	5	
06	06	1995	22.2	5.6	360	0	60.7	4	
06	07	1995	22.2	4.4	283	0	67	3	
06	08	1995	25	3.3	360	0	67.1	3	
06	09	1995	26.1	8.9	328	0	65.15	3	
06	10	1995	27.8	6.7	353	0	68.9	3	
06	11	1995	28.3	7.8	358	0	70.25	3	
06	12	1995	27.8	6.1	360	0	62.2	3	
06	13	1995	27.8	7.2	355	0	63.6	3	
06	14	1995	22.2	6.7	224	0	71.3	2	
06	15	1995	18.9	7.8	166	5.076	71.15	3	
06	16	1995	21.7	8.3	309	4.061	72.55	2	
06	17	1995	22.8	6.1	313	0	75.8	3	
06	18	1995	23.3	8.9	350	0	75.15	4	
06	19	1995	25.6	6.7	369	0	61.5	4	
06	20	1995	27.8	5	367	0	64.75	3	
06	21	1995	31.7	6.1	366	0	59.45	3	
06	22	1995	32.2	8.3	361	1.269	63.5	2	
06	23	1995	37.8	9.4	360	0	58.3	2	
06	24	1995	40	13.9	357	0	49.5	2	
06	25	1995	41.1	14.4	354	0	52.45	3	
06	26	1995	30.6	10.6	349	0	67.9	3	
06	27	1995	28.9	13.3	316	0	74.5	2	
06	28	1995	27.8	12.8	325	0	74.25	3	
06	29	1995	27.2	11.7	306	0	72.6	3	
06	30	1995	26.7	11.7	319	0	72.55	3	
07	01	1995	27.2	12.2	304	0	72.95	3	
07	02	1995	27.8	10.6	318	0	75.45	3	
07	03	1995	25.6	12.8	308	0	75.35	4	
07	04	1995	28.9	12.8	306	0	74.6	3	
07	05	1995	31.7	12.2	324	0	67.65	3	
07	06	1995	31.1	9.4	345	0	66.6	3	
07	07	1995	35	11.7	341	0	62.5	3	
07	08	1995	35	11.7	324	0	58.95	2	
07	09	1995	28.3	10.6	324	0	69.55	4	
07	10	1995	26.7	9.4	348	0	67.2	4	
07	11	1995	25	7.8	350	0	68.5	4	
07	12	1995	25.6	8.3	349	0	68.85	4	
07	13	1995	30.6	8.3	348	0	66.7	3	
07	14	1995	37.2	10.6	346	0	55	2	
07	15	1995	36.7	13.3	338	0	60.9	3	
07	16	1995	33.3	11.7	295	0	59.45	3	
07	17	1995	31.7	15	259	0	66.7	3	
07	18	1995	29.4	13.3	336	0	73.25	3	
07	19	1995	26.1	13.3	286	0	77.8	3	
07	20	1995	26.7	13.3	272	0	73.7	3	
07	21	1995	25.6	11.7	273	0	76.9	3	
07	22	1995	27.8	10	342	0	72.7	4	
07	23	1995	27.8	9.4	348	0	70.75	3	
07	24	1995	27.2	10	296	0	72.1	3	
07	25	1995	28.3	10	322	0	72.3	3	
07	26	1995	33.3	10	335	0	67.2	3	
07	27	1995	37.2	12.8	326	0	63.35	3	
07	28	1995	32.2	12.2	291	0	60.45	3	
07	29	1995	31.1	12.8	314	0	65.85	3	
07	30	1995	38.3	10	339	0	56.15	2	
07	31	1995	34.4	13.3	325	0	60.65	3	
08	01	1995	33.3	12.2	319	0	68.3	3	
08	02	1995	31.7	13.9	308	0	70.5	3	
08	03	1995	28.9	13.3	306	0	74.1	2	
08	04	1995	28.3	12.8	292	0	75.9	3	
08	05	1995	28.9	13.3	286	0	75.3	3	
08	06	1995	32.2	13.3	302	0	71.1	3	
08	07	1995	30	12.8	293	0	71.8	3	
08	08	1995	36.7	10	318	0	59.5	2	
08	09	1995	28.9	12.2	301	0	68.1	5	
08	10	1995	27.8	10.6	324	0	68.35	5	
08	11	1995	27.8	8.3	326	0	68.85	3	
08	12	1995	33.3	10	319	0	65.6	2	
08	13	1995	35	10	325	0	60.3	3	
08	14	1995	36.7	11.1	320	0	58.9	2	
08	15	1995	27.8	11.7	305	0	74.3	3	
08	16	1995	27.2	12.8	289	0	69.25	4	
08	17	1995	25	8.9	320	0	63.8	4	
08	18	1995	31.1	6.7	321	0	56.5	2	
08	19	1995	36.7	8.3	310	0	54.45	2	
08	20	1995	27.8	11.7	298	0	69	3	
08	21	1995	29.4	11.7	243	0	72.55	3	
08	22	1995	31.7	12.8	290	0	67.6	3	
08	23	1995	27.8	12.2	262	0	72.25	3	
08	24	1995	27.8	8.3	278	0	69.75	3	
08	25	1995	26.7	8.3	264	0	70.15	3	
08	26	1995	26.1	7.8	268	0	71.65	2	
08	27	1995	28.3	7.2	303	0	68.1	3	
08	28	1995	29.4	7.8	301	0	64.05	3	
08	29	1995	31.1	8.3	297	0	64.8	3	
08	30	1995	28.9	8.9	293	0	63.95	3	
08	31	1995	28.3	7.2	284	0	70.75	3	
09	01	1995	27.2	10.6	258	0	69.5	3	
09	02	1995	29.4	9.4	275	0	66.2	3	
09	03	1995	27.8	8.3	288	0	65.9	4	
09	04	1995	27.8	8.3	283	0	66.6	4	
09	05	1995	33.3	9.4	289	0	60.05	3	
09	06	1995	36.1	10	286	0	49.8	2	
09	07	1995	36.7	10	280	0	54.15	3	
09	08	1995	27.8	9.4	255	0	71.55	3	
09	09	1995	25.6	10.6	228	0	73.05	3	
09	10	1995	26.7	10	253	0	70.95	2	
09	11	1995	32.2	10.6	248	0	66.6	2	
09	12	1995	28.9	11.7	253	0	73.4	3	
09	13	1995	26.1	11.7	230	0	75	3	
09	14	1995	27.8	11.1	234	0	74.85	3	
09	15	1995	26.7	10.6	219	0	76.15	3	
09	16	1995	25	10	216	0	76.65	3	
09	17	1995	28.3	7.8	252	0	71.05	2	
09	18	1995	33.3	9.4	248	0	64.15	2	
09	19	1995	37.2	11.7	247	0	54.2	2	
09	20	1995	30	8.9	241	0	69.7	2	
09	21	1995	26.1	12.2	230	0	75.05	3	
09	22	1995	26.1	12.8	226	0	73.85	3	
09	23	1995	27.8	10.6	216	0	68.7	3	
09	24	1995	27.2	9.4	205	0	71.5	3	
09	25	1995	23.9	10	215	0	75.75	4	
09	26	1995	26.1	7.8	208	0	73.4	3	
09	27	1995	27.2	7.8	228	0	70	4	
09	28	1995	22.2	8.3	227	0	72.85	4	
09	29	1995	26.7	7.2	223	0	66.6	3	
09	30	1995	29.4	6.1	224	0	60.75	3	
10	01	1995	30	6.7	226	0	58.35	3	
10	02	1995	34.4	7.2	223	0	54	2	
10	03	1995	32.8	9.4	221	0	53.4	3	
10	04	1995	30.6	8.3	224	0	52.9	2	
10	05	1995	31.7	5	213	0	42.7	3	
10	06	1995	30.6	7.2	206	0	58.05	3	
10	07	1995	22.8	7.8	200	0	70.85	2	
10	08	1995	24.4	8.9	191	0	71.55	2	
10	09	1995	26.7	7.2	193	0	65.35	2	
10	10	1995	32.2	7.2	206	0	56.5	2	
10	11	1995	24.4	7.2	180	0	74.75	3	
10	12	1995	26.1	7.2	198	0	70.4	2	
10	13	1995	31.7	5.6	201	0	52.4	2	
10	14	1995	35	8.3	199	0	57.5	3	
10	15	1995	22.2	9.4	148	0	78.65	2	
10	16	1995	22.8	8.3	190	0	71.5	3	
10	17	1995	27.8	5	192	0	68.5	2	
10	18	1995	29.4	7.2	189	0	61.65	2	
10	19	1995	25.6	8.3	185	0	73.2	2	
10	20	1995	23.9	11.7	161	0	77.1	2	
10	21	1995	21.7	7.2	139	0	76.35	2	
10	22	1995	24.4	2.2	185	0	57.8	1	
10	23	1995	26.1	3.3	177	0	42.25	2	
10	24	1995	26.7	2.8	173	0	46.25	2	
10	25	1995	21.7	2.8	173	0	70.25	2	
10	26	1995	27.2	3.3	170	0	62.85	2	
10	27	1995	30.6	6.7	170	0	63.25	2	
10	28	1995	22.2	8.9	139	0	78.1	2	
10	29	1995	20	7.8	139	0	80.45	2	
10	30	1995	22.2	8.3	121	0.254	79.45	2	
10	31	1995	19.4	11.7	110	0	76.3	2	
11	01	1995	17.2	8.9	79	0.508	88.7	2	
11	02	1995	21.1	8.9	132	0	81.55	2	
11	03	1995	20	7.2	110	0	81.9	1	
11	04	1995	25.6	5.6	157	0	67.7	2	
11	05	1995	25.6	3.3	153	0	63.45	2	
11	06	1995	20	5.6	131	0	74.4	2	
11	07	1995	27.2	3.9	157	0	63.5	1	
11	08	1995	27.2	6.7	156	0	65.8	2	
11	09	1995	22.2	6.7	137	0	82.7	3	
11	10	1995	21.7	3.9	152	0.254	73.7	1	
11	11	1995	28.3	3.3	150	0	62.55	2	
11	12	1995	26.7	4.4	151	0	63.6	2	
11	13	1995	27.2	6.7	132	0	63.1	1	
11	14	1995	27.8	6.7	144	0	71	2	
11	15	1995	23.9	8.3	114	0.254	79.1	1	
11	16	1995	23.9	5	139	0.254	77.6	2	
11	17	1995	26.7	9.4	135	0.254	70.95	2	
11	18	1995	23.3	7.8	123	0.254	75.9	2	
11	19	1995	22.2	7.2	112	0.508	79.95	1	
11	20	1995	27.8	4.4	130	0.254	59.9	2	
11	21	1995	18.9	7.2	94	0	78.6	2	
11	22	1995	22.2	4.4	120	0	75.85	1	
11	23	1995	25.6	4.4	133	0	68.3	1	
11	24	1995	27.8	6.7	112	0	58.85	1	
11	25	1995	25	5	129	0	65.75	2	
11	26	1995	18.9	6.1	137	0	70.1	5	
11	27	1995	18.9	2.8	128	0	56.45	3	
11	28	1995	23.9	1.7	127	0	56.85	2	
11	29	1995	25.6	3.3	132	0	64.3	2	
11	30	1995	23.9	3.3	133	0	70.05	1	
12	01	1995	18.9	2.2	123	0.254	83.35	2	
12	02	1995	16.7	3.3	96	0.254	83.95	2	
12	03	1995	18.9	1.1	124	0	76.8	2	
12	04	1995	21.7	5	113	0	77.55	2	
12	05	1995	21.1	11.1	99	0.254	84.4	2	
12	06	1995	20.6	9.4	108	0.254	78.1	2	
12	07	1995	20	8.9	120	0.254	82.6	3	
12	08	1995	19.4	6.1	83	0.508	75.55	1	
12	09	1995	22.8	1.7	124	0	69.2	2	
12	10	1995	22.2	2.8	101	0	65.7	2	
12	11	1995	14.4	10.6	20	2.538	85.85	4	
12	12	1995	16.1	8.9	19	16.49	90.35	4	
12	13	1995	17.2	8.9	70	0.254	88.45	3	
12	14	1995	16.1	4.4	122	0	75.3	2	
12	15	1995	13.3	5.6	62	1.269	89.7	2	
12	16	1995	13.9	2.8	123	0	76.95	3	
12	17	1995	15	-0.6	122	0	71.75	1	
12	18	1995	14.4	4.4	77	1.269	90.15	2	
12	19	1995	12.2	5.6	65	0	90	2	
12	20	1995	14.4	3.3	105	0	79.65	1	
12	21	1995	13.9	0	75	0	81.45	1	
12	22	1995	9.4	3.3	24	3.553	95	1	
12	23	1995	12.8	2.2	58	0	83.6	1	
12	24	1995	16.1	1.1	91	0	69.2	2	
12	25	1995	19.4	3.9	98	0	60.2	1	
12	26	1995	18.9	0.6	122	0	66.35	2	
12	27	1995	18.3	1.1	122	0	68.25	2	
12	28	1995	14.4	5.6	94	0	79.65	3	
12	29	1995	14.4	4.4	53	0	84.55	2	
12	30	1995	16.7	10.6	49	0.254	95	3	
12	31	1995	18.3	6.1	111	0	80.7	4	
01	01	1996	20.6	3.9	122	0	62.65	2	
01	02	1996	21.7	2.8	127	0	68.3	2	
01	03	1996	22.2	0.6	129	0	65.75	2	
01	04	1996	15.6	3.9	122	0	84	2	
01	05	1996	16.7	3.3	96	0	79.7	1	
01	06	1996	20.6	2.2	126	0	73.05	1	
01	07	1996	22.8	1.1	129	0	70.1	2	
01	08	1996	22.2	1.7	109	0	73.4	1	
01	09	1996	16.1	3.3	85	0.254	86.4	2	
01	10	1996	18.9	3.3	111	0.254	75.35	2	
01	11	1996	23.3	0.6	136	0	67.25	2	
01	12	1996	25	0	139	0	57.9	1	
01	13	1996	22.2	2.2	135	0	66.15	2	
01	14	1996	18.9	6.1	99	0	75.45	2	
01	15	1996	15.6	7.2	79	0	84.6	2	
01	16	1996	17.8	8.9	34	2.792	83.85	3	
01	17	1996	14.4	5.6	139	0	72.4	3	
01	18	1996	16.7	4.4	101	0.761	77.85	3	
01	19	1996	15	2.8	125	0.508	75.5	3	
01	20	1996	16.1	0.6	139	0	72.45	2	
01	21	1996	12.8	5	127	10.4	82.3	3	
01	22	1996	11.1	0	149	0.254	73.7	3	
01	23	1996	13.3	-2.8	127	0	74.1	1	
01	24	1996	16.7	2.2	142	0	76.8	2	
01	25	1996	12.2	1.1	155	0.761	74.3	4	
01	26	1996	13.3	-2.8	114	0	73.2	1	
01	27	1996	17.2	4.4	74	5.838	80.7	4	
01	28	1996	13.3	2.8	139	0	81.8	2	
01	29	1996	15.6	2.2	111	0	77.95	2	
01	30	1996	13.9	6.1	49	5.838	82.95	2	
01	31	1996	16.1	10.6	50	36.29	95.15	4	
02	01	1996	17.8	9.4	119	0	81.8	2	
02	02	1996	15	8.3	62	0	88.25	1	
02	03	1996	16.1	8.3	65	7.36	93.35	3	
02	04	1996	16.1	12.8	29	17	94.25	4	
02	05	1996	20	12.8	107	0.761	90.8	3	
02	06	1996	19.4	8.9	143	0	83.55	3	
02	07	1996	22.8	7.2	139	0.254	76.35	1	
02	08	1996	25	7.8	151	0	74.15	2	
02	09	1996	20	8.9	94	0	80.95	2	
02	10	1996	20.6	8.9	99	0	81.95	1	
02	11	1996	24.4	6.7	148	0.254	77.05	1	
02	12	1996	25	7.2	163	0	77.15	2	
02	13	1996	26.1	8.3	171	0	69.8	2	
02	14	1996	25	6.1	182	0	70.65	1	
02	15	1996	17.2	7.8	44	5.076	88.45	2	
02	16	1996	20.6	12.8	120	0	88.15	2	
02	17	1996	21.1	9.4	146	0	81.75	3	
02	18	1996	18.3	7.8	99	1.523	79.2	2	
02	19	1996	16.7	11.1	56	13.19	91.45	4	
02	20	1996	13.3	10.6	57	0.508	94.25	4	
02	21	1996	15	3.9	109	13.7	83.4	4	
02	22	1996	12.2	1.1	193	0.508	80.8	2	
02	23	1996	15	-2.2	205	0	70	2	
02	24	1996	11.7	0.6	138	1.269	78.55	2	
02	25	1996	9.4	0	142	0.508	78.2	2	
02	26	1996	11.7	-2.2	193	0	72.2	2	
02	27	1996	10	1.1	103	7.107	85.8	2	
02	28	1996	12.2	0	140	2.284	88.15	3	
02	29	1996	12.8	7.2	66	16.49	95.75	3	
03	01	1996	16.7	7.2	112	0	85.6	1	
03	02	1996	22.2	3.3	208	0.254	69.3	1	
03	03	1996	21.1	5	186	1.777	75.75	2	
03	04	1996	14.4	8.9	87	5.838	91	3	
03	05	1996	14.4	4.4	133	0	85.5	3	
03	06	1996	18.9	1.1	224	0	73.35	2	
03	07	1996	23.9	5.6	230	0	58.45	2	
03	08	1996	23.3	4.4	191	0	73.8	2	
03	09	1996	23.9	6.1	186	0	69.7	2	
03	10	1996	21.7	8.3	191	0	81.65	2	
03	11	1996	19.4	7.8	199	0	77.2	3	
03	12	1996	13.9	8.9	85	19.03	89.9	3	
03	13	1996	17.2	4.4	202	0.508	80.4	2	
03	14	1996	20	3.9	225	0.254	78.5	2	
03	15	1996	21.1	4.4	246	0	78.15	3	
03	16	1996	22.2	8.3	215	0	71.6	2	
03	17	1996	25.6	7.2	249	0.254	70.3	2	
03	18	1996	26.7	6.1	253	0	73.85	2	
03	19	1996	25.6	9.4	226	0	76.05	2	
03	20	1996	25	6.7	247	0.254	75.45	2	
03	21	1996	20.6	5	227	0	80.8	3	
03	22	1996	16.7	4.4	218	0	77.8	4	
03	23	1996	16.7	1.1	265	0	71.3	3	
03	24	1996	20	-0.6	250	0	70.85	2	
03	25	1996	15.6	1.1	265	0	79.75	3	
03	26	1996	21.7	1.1	202	0	64.15	3	
03	27	1996	21.7	3.9	195	1.015	69.95	2	
03	28	1996	15	3.3	212	4.569	74.75	4	
03	29	1996	17.8	-0.6	239	0	70.65	2	
03	30	1996	21.7	1.1	276	0	64.7	2	
03	31	1996	25	2.2	271	0	64.15	2	
04	01	1996	18.3	6.7	162	6.091	79.95	4	
04	02	1996	18.9	5	274	0.254	77.7	4	
04	03	1996	18.9	4.4	270	0	73	3	
04	04	1996	23.3	3.9	279	0	69.7	3	
04	05	1996	27.2	4.4	286	0	65.75	2	
04	06	1996	30	5.6	282	0	58.6	2	
04	07	1996	31.1	6.1	289	0	59.4	2	
04	08	1996	25.6	8.3	231	0	74.8	2	
04	09	1996	21.1	9.4	254	0	77.3	3	
04	10	1996	18.9	6.1	281	0	73.15	5	
04	11	1996	20	4.4	285	0	69.25	4	
04	12	1996	17.8	3.9	278	0	72.15	4	
04	13	1996	22.2	2.8	283	0	66.05	2	
04	14	1996	26.7	2.8	280	0	61.2	2	
04	15	1996	23.9	6.1	225	1.015	64.5	3	
04	16	1996	19.4	8.9	182	0	74.2	3	
04	17	1996	18.3	7.2	145	1.777	77.75	3	
04	18	1996	17.8	3.3	287	0	69.4	4	
04	19	1996	17.8	2.2	237	0	71.55	3	
04	20	1996	18.3	5	279	0	69	4	
04	21	1996	21.1	2.2	300	0	71.35	3	
04	22	1996	25.6	4.4	294	0	65.6	2	
04	23	1996	28.3	5.6	296	4.822	66.65	3	
04	24	1996	24.4	7.2	271	0	81.05	4	
04	25	1996	27.8	8.3	308	1.523	66.15	4	
04	26	1996	31.7	8.9	308	0	62.05	4	
04	27	1996	28.3	5.6	316	0	57.85	4	
04	28	1996	30	5	309	0	54.2	3	
04	29	1996	32.8	6.7	317	0	48.9	2	
04	30	1996	25	5.6	351	0	51.3	4	
05	01	1996	33.3	9.4	351	0	53.1	3	
05	02	1996	30.6	7.8	358	0	53.9	4	
05	03	1996	26.1	5.6	358	0	44.05	4	
05	04	1996	26.7	2.8	356	0	52.7	3	
05	05	1996	23.3	3.9	358	0.254	54.2	3	
05	06	1996	24.4	3.3	360	0	60.5	3	
05	07	1996	23.3	4.4	346	0	63.9	4	
05	08	1996	24.4	3.9	346	0	53.45	4	
05	09	1996	23.3	3.3	350	0	64.05	3	
05	10	1996	29.4	4.4	346	0	60.3	2	
05	11	1996	33.9	5.6	309	0	48.95	2	
05	12	1996	33.3	8.9	357	0	56.75	3	
05	13	1996	32.2	7.8	347	0	63.75	4	
05	14	1996	28.9	10	326	1.269	72.8	3	
05	15	1996	26.1	16.1	155	5.584	75.05	3	
05	16	1996	21.7	13.9	191	2.792	78.7	4	
05	17	1996	23.9	10.6	310	0	71	3	
05	18	1996	23.3	10.6	348	0	72.4	4	
05	19	1996	22.8	8.9	355	0	68.9	4	
05	20	1996	24.4	5	361	0	66.15	4	
05	21	1996	25.6	5.6	270	1.015	66.5	2	
05	22	1996	22.2	10.6	364	0	69.65	6	
05	23	1996	23.3	4.4	366	0	61.65	4	
05	24	1996	26.7	5	370	0	61.2	4	
05	25	1996	28.3	6.1	365	0	63.9	3	
05	26	1996	22.2	10.6	335	0	79.3	4	
05	27	1996	23.3	7.8	307	0	73.5	4	
05	28	1996	22.2	7.2	310	0	76.3	4	
05	29	1996	20	6.7	345	0	73.6	4	
05	30	1996	22.2	5.6	337	0	72.65	4	
05	31	1996	26.1	3.9	364	0	68.1	4	
06	01	1996	32.8	7.8	359	0	63.25	2	
06	02	1996	38.9	11.7	366	0	55.4	3	
06	03	1996	35.6	12.8	369	0	58.5	3	
06	04	1996	31.1	8.9	373	0	64.1	3	
06	05	1996	35.6	6.1	382	0	59.85	3	
06	06	1996	31.7	7.8	372	0	67	3	
06	07	1996	28.9	8.3	365	0	72.9	3	
06	08	1996	30.6	8.9	368	0	64.1	3	
06	09	1996	30.6	7.8	384	0	65.65	4	
06	10	1996	27.8	6.1	383	0	64.8	4	
06	11	1996	27.2	7.2	359	0	67.65	3	
06	12	1996	22.8	8.9	309	0	79.1	3	
06	13	1996	23.3	7.2	354	0	73.1	3	
06	14	1996	25.6	6.7	353	0	71.4	3	
06	15	1996	23.3	8.9	334	0	74.5	3	
06	16	1996	22.2	6.1	315	0	75.45	4	
06	17	1996	25	5.6	363	0	69.6	4	
06	18	1996	30	5.6	373	0	65.1	3	
06	19	1996	32.2	8.9	331	0	57.05	3	
06	20	1996	25	7.2	364	0	69	4	
06	21	1996	20.6	5.6	375	0	76.25	4	
06	22	1996	28.3	5.6	342	0	70.6	3	
06	23	1996	30	6.1	374	0	66.2	4	
06	24	1996	23.3	9.4	356	0	69	5	
06	25	1996	22.2	11.1	345	0	67.55	5	
06	26	1996	19.4	8.3	143	0	76.5	2	
06	27	1996	25	9.4	373	0	64.25	3	
06	28	1996	28.3	7.8	375	0	66	3	
06	29	1996	35.6	9.4	379	0	54.95	2	
06	30	1996	38.9	12.2	379	0	47.65	2	
07	01	1996	39.4	13.3	373	0	51.75	3	
07	02	1996	30	9.4	375	0	66.55	3	
07	03	1996	31.7	11.1	360	0	69.85	4	
07	04	1996	30.6	9.4	357	0	62.95	3	
07	05	1996	30	6.7	376	0	64.15	2	
07	06	1996	31.1	7.8	349	0	66.65	3	
07	07	1996	26.7	11.1	340	0	74.85	3	
07	08	1996	27.2	12.2	344	0	73.3	3	
07	09	1996	28.3	10.6	348	0	73.5	3	
07	10	1996	30	8.9	356	0	69.2	3	
07	11	1996	30.6	10.6	273	0	66	3	
07	12	1996	31.1	11.7	344	0	62.1	3	
07	13	1996	28.9	11.7	353	0	71.1	3	
07	14	1996	28.3	12.2	343	0	75.45	3	
07	15	1996	28.3	12.2	321	0	70.55	3	
07	16	1996	25.6	11.7	311	0	76.7	3	
07	17	1996	25	11.7	300	0	75.85	4	
07	18	1996	30	11.7	346	0	65.7	4	
07	19	1996	35	8.3	371	0	50.7	3	
07	20	1996	36.7	10.6	373	0	45	3	
07	21	1996	32.8	12.8	368	0	65.05	3	
07	22	1996	30	12.2	301	0	68.55	3	
07	23	1996	31.1	11.7	329	0	65.5	3	
07	24	1996	31.7	11.7	324	0	64.75	4	
07	25	1996	35.6	11.1	342	0	64.5	3	
07	26	1996	32.8	11.1	327	0	66.9	3	
07	27	1996	33.9	14.4	230	0	66.4	2	
07	28	1996	33.3	14.4	343	0	67	3	
07	29	1996	35	12.8	342	0	65.8	3	
07	30	1996	33.3	12.8	336	0	70.3	3	
07	31	1996	35	12.8	339	0	61.65	3	
08	01	1996	29.4	10	338	0	68.7	3	
08	02	1996	30.6	9.4	330	0	66.95	4	
08	03	1996	25	10	339	0	72.8	4	
08	04	1996	27.8	7.8	347	0	68.15	3	
08	05	1996	26.1	11.7	318	0	74.8	3	
08	06	1996	25.6	11.1	327	0	72.15	3	
08	07	1996	27.2	10.6	319	0	73	3	
08	08	1996	31.7	11.1	325	0	69.4	2	
08	09	1996	37.2	10	336	0	63.35	2	
08	10	1996	32.8	10.6	332	0	66	3	
08	11	1996	28.9	12.2	319	0	72.05	3	
08	12	1996	37.2	12.8	314	0	57.35	3	
08	13	1996	38.3	14.4	318	0	59.7	3	
08	14	1996	32.2	13.3	316	0	68	3	
08	15	1996	35.6	11.1	329	0	56.35	3	
08	16	1996	33.9	7.2	335	0	60.15	3	
08	17	1996	25.6	9.4	314	0	77.75	3	
08	18	1996	26.1	11.1	315	0	71.55	3	
08	19	1996	23.3	8.9	290	0	77.45	3	
08	20	1996	26.1	7.8	297	0	70.35	3	
08	21	1996	28.3	8.9	315	0	71.85	3	
08	22	1996	30	10	293	0	71.3	2	
08	23	1996	31.1	10.6	310	0	70.3	2	
08	24	1996	26.1	11.1	288	0	76	3	
08	25	1996	26.1	11.1	291	0	74.35	3	
08	26	1996	25	8.9	269	0	76.65	4	
08	27	1996	27.8	8.3	312	0	70.1	3	
08	28	1996	33.9	9.4	312	0	59.5	2	
08	29	1996	35	11.1	301	0	58.1	2	
08	30	1996	35	11.7	249	0	53.75	4	
08	31	1996	31.1	10.6	306	0	60.85	2	
09	01	1996	28.9	8.9	292	0	70.8	3	
09	02	1996	29.4	11.7	290	0	70.3	2	
09	03	1996	25.6	11.1	273	0	79.85	3	
09	04	1996	25.6	11.1	261	0.761	68.55	4	
09	05	1996	28.3	6.7	306	1.523	60.5	3	
09	06	1996	31.1	6.7	308	0	50.6	2	
09	07	1996	34.4	7.8	297	0	44.3	2	
09	08	1996	35.6	10	295	0	46.9	2	
09	09	1996	33.3	8.9	291	0	63.4	2	
09	10	1996	32.2	8.9	275	0.254	67.1	3	
09	11	1996	22.8	9.4	208	0	79.15	3	
09	12	1996	26.1	6.1	278	0	71.55	3	
09	13	1996	22.2	12.2	248	1.015	76.05	4	
09	14	1996	24.4	7.8	270	0	75.15	3	
09	15	1996	25.6	9.4	250	0	78.85	4	
09	16	1996	25.6	7.2	255	0	64.85	4	
09	17	1996	28.3	6.1	270	1.269	56.95	3	
09	18	1996	29.4	7.2	274	0	55.45	3	
09	19	1996	30.6	7.8	260	0	50.65	2	
09	20	1996	32.2	9.4	266	0	57.95	2	
09	21	1996	32.2	10	260	1.269	59.05	3	
09	22	1996	25.6	8.3	260	0	74.75	2	
09	23	1996	23.3	9.4	235	0	75.3	2	
09	24	1996	22.8	7.8	227	0	77.3	2	
09	25	1996	28.3	7.8	239	0	69.4	2	
09	26	1996	23.3	9.4	206	0	76.9	2	
09	27	1996	24.4	10.6	231	0	75.5	2	
09	28	1996	30	9.4	240	0	69.7	3	
09	29	1996	29.4	8.3	235	0	69.8	2	
09	30	1996	21.7	8.9	172	0	82	3	
10	01	1996	22.8	7.2	201	0	78.6	2	
10	02	1996	26.7	10.6	215	0	72.8	2	
10	03	1996	30	9.4	230	0	66.5	2	
10	04	1996	31.7	7.8	236	0	65.4	3	
10	05	1996	34.4	10	236	0	61.6	2	
10	06	1996	37.8	11.1	235	0	53.3	2	
10	07	1996	38.9	12.2	232	0	45.25	2	
10	08	1996	38.9	11.7	229	0	38.95	1	
10	09	1996	26.7	13.3	216	0	74.25	3	
10	10	1996	22.8	9.4	168	0	74.65	2	
10	11	1996	27.2	5.6	215	0	70.85	2	
10	12	1996	26.7	7.8	192	0.254	76.05	3	
10	13	1996	25.6	10.6	209	0	71	4	
10	14	1996	26.1	8.3	212	0	68.35	3	
10	15	1996	26.7	5.6	213	0	63.25	3	
10	16	1996	23.3	5.6	211	0	62.5	3	
10	17	1996	25.6	3.3	208	0	54.6	2	
10	18	1996	23.9	3.3	201	0	59.6	4	
10	19	1996	17.2	6.1	205	0.254	71.15	5	
10	20	1996	18.9	1.1	205	0	64.5	3	
10	21	1996	23.9	0.6	207	0.508	51.1	1	
10	22	1996	23.3	0.6	202	0	45.7	2	
10	23	1996	23.3	5.6	194	0	71.75	3	
10	24	1996	21.7	6.7	123	0.254	78.7	3	
10	25	1996	16.7	6.7	153	1.523	72.85	4	
10	26	1996	18.9	2.2	195	5.838	62.25	3	
10	27	1996	21.1	-0.6	195	3.046	58.6	2	
10	28	1996	21.7	0.6	186	0	57.9	4	
10	29	1996	13.3	9.4	28	53.04	90.65	4	
10	30	1996	12.8	8.3	77	9.137	91.25	1	
10	31	1996	17.8	5.6	182	0	78.05	1	
11	01	1996	21.1	3.9	178	0	72.45	1	
11	02	1996	21.1	5	183	0	72.85	2	
11	03	1996	14.4	7.8	81	0	88.65	1	
11	04	1996	14.4	5	120	0	83.4	2	
11	05	1996	16.1	2.8	167	0	77	3	
11	06	1996	18.3	1.7	176	0	67.95	2	
11	07	1996	23.9	2.2	170	0	63.8	1	
11	08	1996	26.7	4.4	173	0	59.1	1	
11	09	1996	25.6	5	136	0	60.1	2	
11	10	1996	27.8	6.1	159	0	62.95	2	
11	11	1996	23.3	4.4	155	0	67.1	1	
11	12	1996	25.6	5	138	0	65.6	1	
11	13	1996	22.2	7.2	146	0	80.55	2	
11	14	1996	16.1	4.4	108	0	78.15	3	
11	15	1996	15	3.9	113	0	82.55	2	
11	16	1996	14.4	2.8	89	0	78.5	3	
11	17	1996	20.6	10.6	65	0.508	90.5	4	
11	18	1996	20	8.3	79	0	83.45	2	
11	19	1996	17.2	6.1	88	0.761	90.1	3	
11	20	1996	17.2	0	93	0	89.15	1	
11	21	1996	17.8	13.9	23	12.94	97.35	2	
11	22	1996	18.3	11.1	106	0	87.3	4	
11	23	1996	18.3	7.2	112	0	82.65	1	
11	24	1996	18.9	5	142	0	80.55	1	
11	25	1996	18.3	5.6	141	0.254	84.3	2	
11	26	1996	18.9	4.4	146	0.254	72.65	2	
11	27	1996	20	1.7	148	0	68.55	1	
11	28	1996	12.8	2.2	86	0	91.5	2	
11	29	1996	14.4	1.7	146	0	71.65	3	
11	30	1996	17.2	0	140	0	71.95	1	
12	01	1996	15.6	3.3	125	0	77.45	3	
12	02	1996	15	-1.1	141	0	70.9	2	
12	03	1996	13.9	-2.2	124	0	66.75	2	
12	04	1996	17.2	0	127	0	74.75	1	
12	05	1996	16.1	8.3	35	0.508	94.35	2	
12	06	1996	16.1	6.7	87	0	86.3	1	
12	07	1996	18.9	3.3	126	0.254	79.05	2	
12	08	1996	18.9	5	96	0	86.2	3	
12	09	1996	13.9	10.6	19	14.97	94.15	4	
12	10	1996	14.4	11.7	17	35.78	95.35	4	
12	11	1996	20.6	11.7	136	0.761	87.05	3	
12	12	1996	20	11.7	99	0.254	91.2	2	
12	13	1996	16.1	6.7	121	0.254	83.65	4	
12	14	1996	17.8	2.2	141	0	67.45	2	
12	15	1996	20.6	1.1	137	0	72.05	1	
12	16	1996	18.9	1.1	126	0	71.65	1	
12	17	1996	17.2	2.2	104	0	74.5	2	
12	18	1996	20	1.1	132	0	65.65	2	
12	19	1996	18.9	0	127	0	62.4	1	
12	20	1996	16.1	-0.6	114	0	75.45	1	
12	21	1996	12.8	5.6	30	22.08	86.45	5	
12	22	1996	14.4	4.4	75	3.807	87.35	2	
12	23	1996	15	1.7	128	0.254	81	1	
12	24	1996	15	0	132	0	82.1	1	
12	25	1996	13.9	-0.6	121	0.254	82.15	1	
12	26	1996	16.1	6.1	58	5.076	82.45	4	
12	27	1996	17.2	6.7	104	0	83.15	2	
12	28	1996	15.6	5.6	90	0.254	88.75	2	
12	29	1996	14.4	8.9	28	9.137	88.75	3	
12	30	1996	16.1	12.8	42	5.584	98.3	4	
12	31	1996	17.8	13.9	64	0.254	94.8	4	
01	01	1997	19.4	15.6	72	4.315	94.55	4	
01	02	1997	17.2	12.8	25	19.28	96.95	3	
01	03	1997	15.6	5.6	130	0.254	79.65	3	
01	04	1997	9.4	3.9	56	0	89.5	1	
01	05	1997	11.7	3.3	143	3.3	83.55	4	
01	06	1997	12.8	1.1	148	0	59.3	3	
01	07	1997	14.4	-1.7	130	0	68.55	2	
01	08	1997	15	0	133	0	78.9	2	
01	09	1997	16.7	0	139	0	74.5	1	
01	10	1997	17.2	1.1	142	0	77.6	1	
01	11	1997	7.8	5	38	0	99.2	1	
01	12	1997	13.3	6.1	97	2.792	90.75	2	
01	13	1997	8.9	2.2	98	0	74.15	2	
01	14	1997	7.8	-0.6	56	10.4	87.65	2	
01	15	1997	14.4	5	86	6.091	91.15	2	
01	16	1997	13.3	3.9	107	0	91.7	1	
01	17	1997	16.1	3.3	117	0.254	87.35	2	
01	18	1997	17.8	3.3	149	0	83.8	2	
01	19	1997	16.1	3.9	94	6.091	76.25	3	
01	20	1997	15	8.3	120	13.19	82.05	3	
01	21	1997	14.4	5.6	92	6.091	89.95	3	
01	22	1997	16.1	10	82	14.97	89.8	4	
01	23	1997	15.6	6.7	109	0	88.45	2	
01	24	1997	14.4	6.7	97	1.015	85.15	3	
01	25	1997	16.1	12.2	62	15.48	90.85	4	
01	26	1997	16.7	10.6	101	10.4	92.55	3	
01	27	1997	16.1	10.6	104	0	90.1	1	
01	28	1997	18.3	8.3	110	0.254	86.35	1	
01	29	1997	21.1	7.2	149	0.254	78.4	1	
01	30	1997	18.9	4.4	160	0.254	86.35	2	
01	31	1997	19.4	3.9	161	0.254	83.5	2	
02	01	1997	13.9	8.3	62	0	95.95	2	
02	02	1997	16.1	4.4	180	0	85.45	2	
02	03	1997	16.7	4.4	157	0.254	85.3	2	
02	04	1997	16.1	3.3	160	0.254	82.85	3	
02	05	1997	16.1	3.3	184	0	78.2	2	
02	06	1997	16.7	1.7	157	0.254	77.95	1	
02	07	1997	18.3	2.8	172	0	75.5	1	
02	08	1997	15	3.9	188	0	77.6	3	
02	09	1997	15	1.1	135	0	84.05	2	
02	10	1997	16.7	5	168	0	77.2	2	
02	11	1997	15	1.7	170	0	85.8	3	
02	12	1997	16.1	3.9	171	0	80.55	3	
02	13	1997	17.8	2.8	203	0	64.25	3	
02	14	1997	22.2	0.6	198	0	68.05	1	
02	15	1997	19.4	3.3	124	0	77.7	2	
02	16	1997	23.3	6.1	171	0	69.55	2	
02	17	1997	13.9	7.8	133	1.015	87.5	4	
02	18	1997	19.4	2.8	212	0	71.5	3	
02	19	1997	19.4	1.7	206	0	69.6	3	
02	20	1997	17.8	3.9	216	0	71.3	4	
02	21	1997	18.3	-0.6	212	0	67.85	2	
02	22	1997	18.9	1.1	219	0	76.4	2	
02	23	1997	17.2	1.1	208	0.254	68.5	2	
02	24	1997	17.2	1.1	229	0	50.7	3	
02	25	1997	20	1.1	228	0	61.35	3	
02	26	1997	17.8	3.3	187	0	79.1	3	
02	27	1997	14.4	4.4	150	0	79.5	5	
02	28	1997	15.6	0.6	235	0	71.9	3	
03	01	1997	20	-1.1	235	0	66.5	2	
03	02	1997	18.3	2.2	171	0	82	3	
03	03	1997	14.4	0	231	0	75.85	3	
03	04	1997	18.3	0	240	0	67.85	2	
03	05	1997	23.3	-0.6	229	0	63.2	2	
03	06	1997	19.4	0.6	223	0	75.95	3	
03	07	1997	20	2.2	233	0	77.05	3	
03	08	1997	21.1	2.2	224	0	74.8	2	
03	09	1997	25.6	3.3	253	0	67.8	2	
03	10	1997	28.9	2.8	258	0	63.55	1	
03	11	1997	23.3	5	224	0	75.1	2	
03	12	1997	20.6	2.8	256	0	69.15	3	
03	13	1997	22.2	0.6	235	0	65.6	3	
03	14	1997	23.9	2.2	219	0	62.95	2	
03	15	1997	21.1	3.9	226	0	69	2	
03	16	1997	18.3	6.7	146	0.254	72.3	2	
03	17	1997	23.3	3.9	252	3.046	75.35	2	
03	18	1997	29.4	5.6	262	0.254	67.75	2	
03	19	1997	30.6	5.6	272	0	65.95	2	
03	20	1997	27.8	7.8	242	0	64.4	2	
03	21	1997	26.1	8.9	190	0	69.45	1	
03	22	1997	20.6	8.3	196	0	86.75	3	
03	23	1997	20	7.2	192	0	85.55	2	
03	24	1997	25.6	5	266	0.254	73.45	2	
03	25	1997	29.4	8.3	277	0.761	71.3	2	
03	26	1997	27.8	6.7	279	0.254	70.25	3	
03	27	1997	20.6	8.9	258	0	75.05	4	
03	28	1997	21.1	5	285	0	73.7	3	
03	29	1997	26.7	3.3	294	0	66.15	2	
03	30	1997	19.4	4.4	284	0	76.2	3	
03	31	1997	16.7	4.4	293	0	70	5	
04	01	1997	16.7	1.7	304	0	59.2	5	
04	02	1997	19.4	7.2	254	0	44.75	3	
04	03	1997	23.3	2.8	310	0	54.1	3	
04	04	1997	21.1	2.8	281	1.015	71.85	3	
04	05	1997	20.6	0.6	287	0	69.7	2	
04	06	1997	19.4	2.8	258	0	75.65	3	
04	07	1997	22.2	2.2	308	0	71.25	3	
04	08	1997	19.4	5	311	0	67.7	4	
04	09	1997	17.8	3.3	322	0	59.1	4	
04	10	1997	21.7	0.6	303	0	64.85	3	
04	11	1997	22.2	1.7	319	0	64.05	3	
04	12	1997	23.3	2.2	296	0	68.7	4	
04	13	1997	21.7	6.1	303	0.254	79.2	3	
04	14	1997	26.1	3.9	322	0	67	2	
04	15	1997	29.4	7.2	321	0	62.9	2	
04	16	1997	28.3	6.7	321	0	68.6	3	
04	17	1997	26.7	7.8	311	0	73.7	3	
04	18	1997	25.6	11.1	259	1.269	73.1	2	
04	19	1997	23.3	13.3	261	0	78.9	4	
04	20	1997	26.1	12.2	299	0	76.1	4	
04	21	1997	26.1	12.8	300	0	72.95	4	
04	22	1997	25.6	11.7	298	0	66.25	4	
04	23	1997	20.6	8.9	346	0	68.8	5	
04	24	1997	21.1	6.7	342	0	66.3	4	
04	25	1997	28.3	3.3	339	0	61.1	2	
04	26	1997	30	7.8	324	0	58.4	2	
04	27	1997	21.7	5.6	324	0	74.8	4	
04	28	1997	20.6	3.9	278	0.508	73	4	
04	29	1997	22.8	7.8	314	0	71.4	5	
04	30	1997	24.4	6.7	338	0	68.7	5	
05	01	1997	25	6.1	349	0	54.15	4	
05	02	1997	25.6	3.3	331	0	58.15	3	
05	03	1997	28.3	5	335	0	56.15	3	
05	04	1997	27.2	7.8	351	0	59.15	3	
05	05	1997	28.9	6.1	352	0	57.65	3	
05	06	1997	29.4	10.6	320	0	54.7	4	
05	07	1997	28.9	5.6	354	0	60.8	3	
05	08	1997	27.2	7.2	339	0	64.5	3	
05	09	1997	28.3	5.6	340	0	65.5	3	
05	10	1997	26.1	7.2	323	0	73.75	3	
05	11	1997	27.8	10	319	0	68.45	3	
05	12	1997	31.7	8.9	345	0	67.1	3	
05	13	1997	31.1	9.4	356	0	58.95	4	
05	14	1997	31.7	10.6	355	0	61.3	3	
05	15	1997	32.2	11.1	354	0	63.95	3	
05	16	1997	36.1	13.9	330	0	52.5	2	
05	17	1997	37.2	12.8	340	0	59	3	
05	18	1997	31.1	11.1	361	0	69.7	3	
05	19	1997	29.4	10.6	322	0	69.75	3	
05	20	1997	28.9	9.4	339	0	64.6	3	
05	21	1997	29.4	7.8	344	0	60.75	3	
05	22	1997	27.2	8.9	308	0	52.15	3	
05	23	1997	22.2	9.4	208	0	75.45	3	
05	24	1997	23.9	11.1	366	0	70.8	5	
05	25	1997	24.4	5.6	318	0	66.35	4	
05	26	1997	27.8	7.8	345	0	59.2	4	
05	27	1997	30.6	13.3	349	0	65.35	4	
05	28	1997	30.6	13.3	351	0	70.95	4	
05	29	1997	33.3	14.4	360	0	64.9	3	
05	30	1997	32.2	12.8	367	0	66.15	4	
05	31	1997	32.8	12.8	362	0	63.8	3	
06	01	1997	27.2	12.2	343	0	69.7	4	
06	02	1997	28.9	7.8	360	0	66.35	3	
06	03	1997	28.9	9.4	262	0.508	65.9	3	
06	04	1997	22.2	13.3	230	0	76.85	4	
06	05	1997	23.3	10	369	0	73.15	5	
06	06	1997	30.6	7.2	370	0	64.25	3	
06	07	1997	27.2	7.8	357	0	71.65	2	
06	08	1997	26.1	9.4	339	0	71.6	3	
06	09	1997	28.9	7.8	364	0	69.75	3	
06	10	1997	26.1	10.6	308	0	74.55	3	
06	11	1997	28.3	9.4	345	0	69.2	4	
06	12	1997	22.8	11.7	370	0	74.75	5	
06	13	1997	26.1	11.1	349	0	64.6	4	
06	14	1997	25.6	8.9	362	0	73.1	3	
06	15	1997	27.8	10	361	0	74.7	3	
06	16	1997	31.1	11.7	355	0	73.05	3	
06	17	1997	29.4	12.2	344	0	70.65	3	
06	18	1997	29.4	10	355	0	64.1	3	
06	19	1997	28.9	8.9	368	0	70.7	3	
06	20	1997	26.1	8.9	361	0	70.45	4	
06	21	1997	25.6	7.2	369	0	73.55	4	
06	22	1997	25	6.7	387	0	68.15	4	
06	23	1997	30.6	6.1	382	0	60.9	3	
06	24	1997	33.3	6.7	385	0	55.85	3	
06	25	1997	33.9	7.8	380	0	59.8	3	
06	26	1997	29.4	8.9	356	0	65	3	
06	27	1997	24.4	6.7	378	0	71.35	4	
06	28	1997	23.9	7.2	376	0	71.05	4	
06	29	1997	26.7	7.2	376	0	63	4	
06	30	1997	25	9.4	375	0	64.5	4	
07	01	1997	30.6	7.8	386	0	56.1	3	
07	02	1997	32.8	7.2	386	0	54.35	3	
07	03	1997	33.9	11.1	385	0	58.3	3	
07	04	1997	28.3	10	359	0	70.65	3	
07	05	1997	30	10.6	349	0	69.15	3	
07	06	1997	30.6	8.3	379	0	64.75	4	
07	07	1997	32.2	11.1	364	0	64.1	3	
07	08	1997	29.4	8.9	358	0	70.95	3	
07	09	1997	29.4	10.6	332	0	74.4	4	
07	10	1997	28.3	11.1	366	0	69.95	3	
07	11	1997	27.8	10	343	0	70.75	2	
07	12	1997	28.9	10.6	325	0	67.95	2	
07	13	1997	27.8	11.1	346	0	72.9	3	
07	14	1997	28.9	11.1	348	0	73.75	3	
07	15	1997	31.1	12.2	351	0	69.95	3	
07	16	1997	29.4	12.2	260	0	71.3	3	
07	17	1997	28.3	11.7	282	0	71.15	3	
07	18	1997	27.2	9.4	346	0	73.75	3	
07	19	1997	26.7	11.1	336	0	76.65	3	
07	20	1997	26.1	13.3	299	0	78.25	3	
07	21	1997	29.4	12.8	317	0	72.9	2	
07	22	1997	29.4	12.8	222	0	72.85	2	
07	23	1997	31.7	13.9	158	0.254	72.5	2	
07	24	1997	32.2	12.2	346	0	71.05	3	
07	25	1997	31.1	12.8	339	0	71.8	3	
07	26	1997	27.8	12.2	323	0	73.15	3	
07	27	1997	28.9	12.2	327	0	73.1	3	
07	28	1997	26.1	13.3	321	0	74.25	4	
07	29	1997	27.8	13.3	286	0	76.5	3	
07	30	1997	26.7	12.2	263	0	75.2	3	
07	31	1997	28.3	11.1	275	0	70.9	2	
08	01	1997	29.4	10	303	0	67.95	3	
08	02	1997	29.4	10	307	0	70.25	3	
08	03	1997	28.3	10	289	0	73.1	3	
08	04	1997	33.3	10.6	299	0	67.2	3	
08	05	1997	36.7	11.1	306	0	62.6	3	
08	06	1997	32.2	11.7	285	0	68.3	2	
08	07	1997	33.3	12.8	281	0	71	2	
08	08	1997	30.6	12.2	271	0	74.85	2	
08	09	1997	25	12.2	274	0	76.4	4	
08	10	1997	23.9	13.3	233	0	75.75	3	
08	11	1997	27.2	13.9	247	0	77.5	3	
08	12	1997	28.9	11.1	270	0	77	3	
08	13	1997	27.2	14.4	245	0	79.1	3	
08	14	1997	28.9	12.8	256	0	74.6	3	
08	15	1997	26.7	13.3	262	0	75.3	3	
08	16	1997	26.1	13.3	251	0	77.65	3	
08	17	1997	26.1	12.8	232	0	79.4	3	
08	18	1997	32.8	10.6	263	0	66.1	2	
08	19	1997	34.4	13.3	215	1.015	65.75	3	
08	20	1997	29.4	15	226	0	80.95	2	
08	21	1997	33.3	14.4	261	0	72.55	2	
08	22	1997	30	12.2	265	0	70.25	3	
08	23	1997	30.6	13.3	262	0	64.8	4	
08	24	1997	29.4	14.4	269	0	69.7	4	
08	25	1997	29.4	11.7	257	0	72.95	3	
08	26	1997	29.4	11.7	266	0	71	4	
08	27	1997	29.4	12.2	262	0	73.3	4	
08	28	1997	28.3	11.7	264	0	66.65	4	
08	29	1997	30	11.7	255	0	68.35	3	
08	30	1997	27.8	11.7	196	0	73.5	3	
08	31	1997	28.9	13.3	218	0	70.65	2	
09	01	1997	30.6	12.2	255	0	71.9	2	
09	02	1997	32.2	12.2	212	0	68.85	2	
09	03	1997	31.7	12.8	240	0	72.25	2	
09	04	1997	36.7	13.3	222	0	66.8	2	
09	05	1997	31.7	12.8	238	0	65.55	3	
09	06	1997	26.7	11.7	234	0	76.05	2	
09	07	1997	30	10.6	221	0	67.9	2	
09	08	1997	34.4	13.3	241	0	58.7	2	
09	09	1997	29.4	12.8	237	0	70.45	3	
09	10	1997	27.8	12.2	240	0	72.85	4	
09	11	1997	27.2	11.7	241	0	74.3	4	
09	12	1997	26.7	12.2	244	0	78.05	3	
09	13	1997	26.7	11.1	240	0	73.6	3	
09	14	1997	31.1	9.4	255	0	66.25	3	
09	15	1997	26.7	11.1	260	0	68.9	4	
09	16	1997	30	8.9	249	0	61.1	2	
09	17	1997	28.3	11.7	179	0	66.8	2	
09	18	1997	26.7	10.6	184	0.508	74.55	2	
09	19	1997	27.8	6.7	253	0	62.1	2	
09	20	1997	31.7	8.3	248	0	59.05	2	
09	21	1997	33.3	8.9	247	0	59.75	2	
09	22	1997	32.8	10	228	0	64.5	2	
09	23	1997	37.8	10.6	226	0	53.3	2	
09	24	1997	38.3	12.8	207	0	46.55	2	
09	25	1997	33.3	15.6	203	0	60.15	3	
09	26	1997	27.2	11.1	232	0	76.7	4	
09	27	1997	31.1	8.3	231	0	66.2	2	
09	28	1997	37.2	9.4	228	0	50.15	2	
09	29	1997	34.4	13.9	224	0	66	3	
09	30	1997	33.9	12.2	214	0.254	67.3	3	
10	01	1997	26.7	10.6	202	0	76.9	3	
10	02	1997	24.4	10.6	188	0.761	70.95	4	
10	03	1997	28.3	9.4	222	0	66.25	3	
10	04	1997	28.3	8.9	218	0	70.85	3	
10	05	1997	30	8.3	217	0	64.35	2	
10	06	1997	20.6	7.2	211	0	68.55	4	
10	07	1997	21.1	7.2	211	0	65.6	4	
10	08	1997	23.3	5	207	0	65.9	2	
10	09	1997	23.3	7.2	152	0	80.35	3	
10	10	1997	17.8	7.8	107	2.792	76.25	2	
10	11	1997	18.9	5	205	0	70.3	3	
10	12	1997	23.3	5.6	204	0	62.4	3	
10	13	1997	28.9	4.4	205	0	54.4	2	
10	14	1997	33.3	5	205	0	48.8	1	
10	15	1997	35.6	7.2	204	0	43.45	2	
10	16	1997	36.1	7.8	202	0	40.2	2	
10	17	1997	34.4	7.8	196	0	57	2	
10	18	1997	29.4	6.1	190	0	67.95	2	
10	19	1997	19.4	7.2	145	0	83.65	2	
10	20	1997	20.6	6.7	160	0	77.4	2	
10	21	1997	23.3	8.9	156	0	74.35	2	
10	22	1997	22.2	8.9	155	0	75.9	2	
10	23	1997	20	8.3	136	0	82.1	2	
10	24	1997	21.7	6.7	141	0.254	64.25	2	
10	25	1997	24.4	2.2	177	0	53.5	2	
10	26	1997	26.1	1.7	181	0	45.15	2	
10	27	1997	25	1.7	139	0	47.45	2	
10	28	1997	25	2.8	156	0	52.55	2	
10	29	1997	24.4	2.8	167	0	60.2	2	
10	30	1997	25.6	6.7	165	0	75.6	3	
10	31	1997	26.7	11.7	155	0.254	76.4	3	
11	01	1997	30	10.6	159	0.254	-1	2	
11	02	1997	32.8	8.3	165	0	56.1	2	
11	03	1997	29.4	7.8	111	0	-1	1	
11	04	1997	31.1	10	143	0	-1	3	
11	05	1997	28.9	8.9	145	0.254	-1	3	
11	06	1997	20.6	6.7	97	0.508	-1	3	
11	07	1997	20.6	7.2	153	3.3	72.5	4	
11	08	1997	19.4	2.8	139	0	74.25	1	
11	09	1997	20	2.8	106	0	72.65	2	
11	10	1997	17.8	8.9	74	5.076	85.25	3	
11	11	1997	15.6	5.6	89	0	82.1	2	
11	12	1997	18.9	5.6	141	0.254	77.2	1	
11	13	1997	17.2	6.7	77	7.614	87.8	2	
11	14	1997	17.8	5	105	1.777	82.4	1	
11	15	1997	15.6	5.6	84	15.73	91.7	3	
11	16	1997	18.3	5	127	0.254	79.95	2	
11	17	1997	18.3	7.2	119	0.254	81.15	2	
11	18	1997	15	6.1	47	0	84.2	2	
11	19	1997	16.1	9.4	48	2.031	89.25	3	
11	20	1997	18.3	6.7	140	0	76.45	2	
11	21	1997	16.7	3.9	88	0	76.1	1	
11	22	1997	23.9	8.3	115	0	65.95	2	
11	23	1997	21.7	10	125	0	78.05	3	
11	24	1997	19.4	8.9	105	0	83.05	1	
11	25	1997	18.9	6.1	96	0.254	84.95	2	
11	26	1997	16.7	6.1	48	35.53	87.75	3	
11	27	1997	16.1	6.7	89	0.508	87.05	1	
11	28	1997	17.2	5	117	0	81.5	1	
11	29	1997	15.6	5.6	50	0.254	89.8	3	
11	30	1997	12.2	6.7	51	13.19	94.5	3	
12	01	1997	15.6	2.8	107	0.254	83.05	1	
12	02	1997	17.2	1.7	114	0.254	83.85	2	
12	03	1997	15.6	5.6	49	0	87.3	3	
12	04	1997	16.1	6.7	76	3.046	82.9	2	
12	05	1997	12.2	10	14	63.19	97.85	2	
12	06	1997	14.4	8.3	46	4.822	96	1	
12	07	1997	15.6	7.2	46	7.107	94.6	3	
12	08	1997	12.2	2.2	90	4.822	87.3	2	
12	09	1997	12.8	-0.6	124	0.254	78.65	2	
12	10	1997	14.4	-1.1	127	0	73.45	1	
12	11	1997	16.1	-0.6	124	0	79.6	2	
12	12	1997	14.4	-1.1	95	0	78.25	2	
12	13	1997	15	1.1	76	0	73.65	3	
12	14	1997	15	6.7	42	3.3	86.35	3	
12	15	1997	14.4	2.8	117	0.254	81.8	1	
12	16	1997	16.1	1.7	112	0	75.85	1	
12	17	1997	15.6	3.3	96	0	85.8	1	
12	18	1997	13.3	3.3	66	0	86.85	2	
12	19	1997	13.9	0	123	0	71.75	2	
12	20	1997	13.9	0	103	0	81.35	2	
12	21	1997	12.2	2.8	116	0	79.05	3	
12	22	1997	12.2	-1.1	124	0	62.05	3	
12	23	1997	13.9	-3.3	125	0	68.5	2	
12	24	1997	13.9	0.6	121	0	59.7	3	
12	25	1997	12.8	-3.9	125	0	64.15	1	
12	26	1997	15.6	-4.4	124	0	66.85	1	
12	27	1997	15	-3.9	126	0	65.35	1	
12	28	1997	18.3	-1.1	121	0	66.8	2	
12	29	1997	17.2	0	79	0	74.95	2	
12	30	1997	22.8	2.8	125	0	67.85	2	
12	31	1997	22.8	5.6	120	0	69.35	2	
01	01	1998	20	5	104	0	75.2	2	
01	02	1998	15.6	6.1	70	5.584	90.8	3	
01	03	1998	14.4	3.9	80	0.254	79.7	3	
01	04	1998	11.7	2.2	72	9.899	87.3	2	
01	05	1998	12.8	-1.1	130	0	74.2	1	
01	06	1998	11.7	-0.6	84	0.508	82.7	1	
01	07	1998	15	4.4	88	0.254	89.4	1	
01	08	1998	13.3	7.8	57	0	89.7	2	
01	09	1998	14.4	9.4	32	5.838	95.45	3	
01	10	1998	16.1	5.6	68	0.508	93.85	2	
01	11	1998	15.6	9.4	83	0.254	90.65	1	
01	12	1998	17.2	7.2	59	8.376	90.1	3	
01	13	1998	15	5.6	94	0.254	80.6	1	
01	14	1998	11.7	6.7	34	4.315	93.55	2	
01	15	1998	17.2	9.4	45	4.569	96.3	2	
01	16	1998	17.2	10	81	0.254	93.4	2	
01	17	1998	20.6	9.4	123	0.254	78.5	1	
01	18	1998	16.7	7.2	105	10.91	89.2	4	
01	19	1998	13.3	3.3	99	2.538	86.85	1	
01	20	1998	11.7	2.2	72	0	86.7	1	
01	21	1998	15	0	136	0	75.85	1	
01	22	1998	17.2	0	140	0	73.15	1	
01	23	1998	15.6	3.3	102	0	84.75	2	
01	24	1998	17.2	2.8	118	0.254	87.4	1	
01	25	1998	20.6	0.6	135	0.254	77.15	1	
01	26	1998	17.2	5.6	94	0.254	85.3	2	
01	27	1998	19.4	8.3	130	0	87.85	2	
01	28	1998	17.2	7.8	98	1.015	87.35	3	
01	29	1998	15.6	5	105	8.376	86.6	2	
01	30	1998	17.2	2.8	126	0.254	80.85	2	
01	31	1998	13.3	7.2	69	2.792	89.65	3	
02	01	1998	13.3	8.3	25	20.55	97	4	
02	02	1998	15.6	11.7	30	33.5	93.4	6	
02	03	1998	13.9	5	57	57.86	93.2	3	
02	04	1998	14.4	4.4	112	0.508	85.35	2	
02	05	1998	13.9	8.3	54	0	86.15	4	
02	06	1998	14.4	7.2	82	36.29	79.7	5	
02	07	1998	15	6.7	30	45.93	91.1	4	
02	08	1998	12.8	5	54	3.553	91.15	2	
02	09	1998	13.9	3.9	171	0	81.25	2	
02	10	1998	13.3	2.8	78	2.284	87.45	2	
02	11	1998	15.6	2.8	157	0	86.8	2	
02	12	1998	12.2	5.6	31	4.315	94.35	2	
02	13	1998	17.8	7.8	157	0	79.65	1	
02	14	1998	16.1	4.4	84	15.99	88.75	3	
02	15	1998	13.3	3.3	179	0	82.3	3	
02	16	1998	10.6	1.1	50	12.43	96.5	3	
02	17	1998	14.4	2.8	127	0.254	84	2	
02	18	1998	15	1.7	165	0.254	82.6	2	
02	19	1998	12.8	3.9	43	13.19	92.55	3	
02	20	1998	13.3	0.6	168	1.015	83.7	2	
02	21	1998	13.9	4.4	62	12.69	96.6	3	
02	22	1998	15.6	7.8	154	1.523	77.85	2	
02	23	1998	15	3.3	105	6.853	80.25	3	
02	24	1998	13.3	1.7	166	0	86.1	2	
02	25	1998	14.4	3.3	179	0	83	3	
02	26	1998	14.4	3.9	198	0	81.15	3	
02	27	1998	16.7	7.2	181	0.508	85.45	2	
02	28	1998	16.7	5	199	0	85.2	2	
03	01	1998	16.7	6.1	179	0	86.2	2	
03	02	1998	17.8	5.6	204	0	83.8	3	
03	03	1998	15	5	201	0.508	81.25	4	
03	04	1998	16.1	2.2	215	0	73.2	2	
03	05	1998	10	0.6	58	4.315	89.1	2	
03	06	1998	13.9	1.7	220	1.015	75.2	3	
03	07	1998	15.6	-0.6	156	1.523	69.95	1	
03	08	1998	17.8	6.1	204	0	82.4	2	
03	09	1998	20	1.7	225	0	75.7	1	
03	10	1998	22.2	2.8	229	0	72.15	1	
03	11	1998	24.4	2.8	222	0	68.05	1	
03	12	1998	18.3	5	98	0	82.55	2	
03	13	1998	16.1	6.1	99	3.046	87.05	2	
03	14	1998	20	4.4	224	0.254	83.9	2	
03	15	1998	20	10	148	0	88.55	2	
03	16	1998	18.9	8.3	188	0	89.25	3	
03	17	1998	17.2	6.7	122	0	92.25	1	
03	18	1998	23.9	5.6	205	0.254	76.9	2	
03	19	1998	21.7	10.6	191	0	86.45	3	
03	20	1998	18.9	8.9	131	0	88.3	1	
03	21	1998	20.6	7.8	193	0	85.55	2	
03	22	1998	26.1	8.9	220	0	71.85	2	
03	23	1998	25.6	8.9	211	0	78	4	
03	24	1998	20	12.2	110	17	90.65	3	
03	25	1998	17.2	7.2	182	1.777	81.25	2	
03	26	1998	15.6	5.6	196	0	83.5	3	
03	27	1998	16.7	5.6	120	3.553	90.95	2	
03	28	1998	11.1	3.9	183	4.061	80.6	3	
03	29	1998	13.3	0.6	200	0	79.35	2	
03	30	1998	17.8	0.6	268	0	72.15	2	
03	31	1998	12.8	2.8	125	8.883	86.65	3	
04	01	1998	15	1.1	207	1.015	81.75	2	
04	02	1998	13.9	4.4	115	0.254	84.75	1	
04	03	1998	11.7	5.6	101	13.7	92.9	3	
04	04	1998	16.1	6.1	237	0.508	79.4	3	
04	05	1998	16.7	3.3	239	0.508	78.9	2	
04	06	1998	14.4	6.7	186	1.269	82.65	1	
04	07	1998	15	3.9	247	0	80.25	3	
04	08	1998	17.2	2.2	284	0	74.3	2	
04	09	1998	20.6	2.8	279	0	77.6	2	
04	10	1998	18.9	3.3	233	0	80.25	3	
04	11	1998	12.2	4.4	92	6.599	88.15	3	
04	12	1998	14.4	3.3	242	0	76.8	2	
04	13	1998	13.3	3.9	203	3.807	86.75	2	
04	14	1998	13.9	2.8	234	0.254	78.35	2	
04	15	1998	16.1	1.1	300	0	73.4	3	
04	16	1998	18.9	1.7	306	0	75.55	3	
04	17	1998	20.6	3.3	306	0	71.8	3	
04	18	1998	22.8	3.3	275	0	68.8	2	
04	19	1998	22.2	5	284	0	80.25	2	
04	20	1998	24.4	8.9	261	0	79.4	2	
04	21	1998	31.7	8.9	298	0	73.2	1	
04	22	1998	26.7	10	304	0	66.95	3	
04	23	1998	17.2	10.6	154	0.254	84.2	3	
04	24	1998	18.3	6.7	307	0	81.15	4	
04	25	1998	20.6	4.4	296	0	73.15	3	
04	26	1998	25.6	3.9	293	0	69.2	2	
04	27	1998	28.9	6.7	304	0	65.95	2	
04	28	1998	30	7.8	302	0.254	69.1	1	
04	29	1998	31.7	8.3	308	0	66.6	2	
04	30	1998	22.2	8.3	309	0	74.1	3	
05	01	1998	18.3	11.1	117	0.508	89.2	3	
05	02	1998	19.4	11.1	193	0.761	82.65	3	
05	03	1998	22.8	8.9	275	2.031	74.5	2	
05	04	1998	22.2	12.2	259	2.792	77.65	2	
05	05	1998	20	9.4	234	12.18	81.6	2	
05	06	1998	21.7	8.9	231	0	80.5	2	
05	07	1998	19.4	7.8	258	0	87.2	3	
05	08	1998	17.8	10	129	0	88.95	3	
05	09	1998	18.3	5.6	272	0	77.2	3	
05	10	1998	20	4.4	327	0	74.35	3	
05	11	1998	16.7	6.7	140	0	83.85	2	
05	12	1998	14.4	5.6	189	5.33	82.6	3	
05	13	1998	17.8	3.9	194	0.761	82.15	2	
05	14	1998	18.3	3.9	210	0	80.1	2	
05	15	1998	22.2	3.9	324	0	74.05	3	
05	16	1998	18.3	5.6	241	0	76.1	3	
05	17	1998	20.6	4.4	340	0	71.85	3	
05	18	1998	23.9	4.4	340	0	66.2	3	
05	19	1998	21.7	4.4	339	0	72.95	4	
05	20	1998	21.1	6.7	326	0	68.95	4	
05	21	1998	19.4	6.1	335	0	75.35	4	
05	22	1998	23.9	4.4	331	0	71	3	
05	23	1998	23.3	8.3	307	0	76.65	4	
05	24	1998	23.9	6.7	314	0	72.85	3	
05	25	1998	20	9.4	265	0	74.35	4	
05	26	1998	18.9	4.4	255	0	71.8	2	
05	27	1998	21.7	3.3	231	0	72.5	3	
05	28	1998	19.4	5.6	129	4.315	89.65	3	
05	29	1998	21.1	4.4	332	0	71.2	3	
05	30	1998	25	6.1	337	0	71.3	2	
05	31	1998	27.2	7.2	305	0	71.05	2	
06	01	1998	23.9	8.9	268	0	79.8	3	
06	02	1998	23.3	7.2	308	0	76.05	3	
06	03	1998	21.7	10	148	0	77.65	2	
06	04	1998	23.3	7.2	288	0	75.65	2	
06	05	1998	25.6	7.8	275	0	74.8	2	
06	06	1998	17.2	10	88	0	83.95	1	
06	07	1998	19.4	12.2	162	0.508	86.5	2	
06	08	1998	22.8	12.2	189	0	77.75	3	
06	09	1998	25	12.8	279	0	78.05	3	
06	10	1998	22.8	10.6	206	0	82.7	3	
06	11	1998	22.2	9.4	275	0	75.45	3	
06	12	1998	25	7.2	293	0	75.5	2	
06	13	1998	27.2	12.2	285	0	73.25	2	
06	14	1998	32.2	10	315	0	72.2	2	
06	15	1998	33.9	11.7	329	0.508	66.05	2	
06	16	1998	28.3	10.6	293	0.761	75.15	2	
06	17	1998	27.8	8.3	341	0	70.2	2	
06	18	1998	32.2	10.6	329	0	68.6	2	
06	19	1998	25.6	9.4	307	0	75.65	3	
06	20	1998	23.9	9.4	272	0	76.75	2	
06	21	1998	26.7	8.3	315	0	70.9	2	
06	22	1998	23.9	11.1	250	0	79.85	2	
06	23	1998	22.2	10	243	0.761	82.75	3	
06	24	1998	23.9	11.7	298	0.254	79.65	3	
06	25	1998	25	9.4	286	0	79.4	3	
06	26	1998	27.2	8.3	337	0	68.25	3	
06	27	1998	32.2	7.8	344	0	65.5	2	
06	28	1998	25.6	11.1	298	0	75.85	2	
06	29	1998	24.4	10.6	287	0	76	3	
06	30	1998	24.4	10.6	336	0	76.7	3	
07	01	1998	23.3	10	320	0	80.45	4	
07	02	1998	21.7	11.1	291	0	83	4	
07	03	1998	23.9	11.7	269	0	82.55	3	
07	04	1998	26.7	11.7	284	0	76.45	3	
07	05	1998	26.1	11.1	305	0	76.95	2	
07	06	1998	32.2	11.7	318	0	70.75	2	
07	07	1998	34.4	11.1	331	0	67.7	2	
07	08	1998	27.2	11.1	331	0	71.35	3	
07	09	1998	26.1	11.7	327	0	76.9	3	
07	10	1998	26.1	11.7	310	0	75.1	3	
07	11	1998	28.9	10.6	339	0	73.3	3	
07	12	1998	33.9	9.4	363	0	65.2	2	
07	13	1998	31.1	9.4	360	0	69.3	2	
07	14	1998	32.2	8.9	347	0	70.75	2	
07	15	1998	38.3	10	358	0	63.9	3	
07	16	1998	37.8	13.3	353	0	61.75	2	
07	17	1998	31.1	11.7	337	0	73.55	2	
07	18	1998	35.6	10.6	347	0	72.45	2	
07	19	1998	35	13.3	336	0	70.5	2	
07	20	1998	26.7	11.7	327	0	80.25	2	
07	21	1998	27.8	13.3	302	0	77.8	2	
07	22	1998	26.1	13.3	309	0	79.5	3	
07	23	1998	27.2	12.8	308	0	79.6	2	
07	24	1998	26.7	12.8	308	0	81.05	2	
07	25	1998	29.4	13.3	318	0	80.25	2	
07	26	1998	30	12.8	320	0	74.7	2	
07	27	1998	31.7	12.2	322	0	69.7	2	
07	28	1998	30	10.6	305	0	72.7	3	
07	29	1998	26.1	12.2	297	0	76.55	3	
07	30	1998	26.1	11.7	283	0	78	3	
07	31	1998	28.9	10.6	323	0	72.1	2	
08	01	1998	33.9	10	328	0	69.2	2	
08	02	1998	37.8	13.3	331	0	62.55	2	
08	03	1998	40.6	13.9	331	0	60	2	
08	04	1998	38.9	13.9	325	0	63.85	2	
08	05	1998	33.3	13.3	319	0	70.3	2	
08	06	1998	30	12.8	308	0	73.9	2	
08	07	1998	29.4	11.1	308	0	68.8	2	
08	08	1998	28.9	11.7	308	0	74.5	2	
08	09	1998	30.6	11.1	304	0	69.35	2	
08	10	1998	38.3	9.4	314	0	61.75	2	
08	11	1998	38.3	12.8	307	0	62.25	2	
08	12	1998	39.4	13.9	307	0	61.35	2	
08	13	1998	34.4	13.9	308	0	65.35	2	
08	14	1998	34.4	13.9	280	0	66.9	2	
08	15	1998	25.6	12.8	284	0	85.15	3	
08	16	1998	27.8	11.7	281	0	74.25	2	
08	17	1998	25	10	296	0	78	4	
08	18	1998	23.3	10.6	300	0	79.05	3	
08	19	1998	25	10	294	0	77.65	3	
08	20	1998	25.6	11.1	273	0	75.8	3	
08	21	1998	28.3	9.4	298	0	75.25	2	
08	22	1998	31.1	8.9	309	0	71	3	
08	23	1998	31.1	8.9	303	0	65.3	2	
08	24	1998	33.3	8.9	308	0	66.25	2	
08	25	1998	25	12.2	260	0	79.25	3	
08	26	1998	28.9	12.2	276	0	68.4	2	
08	27	1998	34.4	10.6	299	0	64.9	2	
08	28	1998	32.8	8.9	292	0	69.15	2	
08	29	1998	32.8	11.1	288	0	68.9	2	
08	30	1998	33.3	12.2	286	0	67.55	2	
08	31	1998	32.8	10.6	286	0	68.8	2	
09	01	1998	36.7	11.7	279	0	67.2	2	
09	02	1998	37.2	11.7	280	0	60.9	2	
09	03	1998	39.4	15	276	0	63	2	
09	04	1998	32.8	16.7	202	0	72.15	2	
09	05	1998	32.8	16.7	257	0	77.4	2	
09	06	1998	35.6	16.7	251	0	72.05	2	
09	07	1998	36.1	16.1	226	0	67.85	2	
09	08	1998	26.1	12.8	238	0	80.2	3	
09	09	1998	21.1	11.7	239	0	82.55	4	
09	10	1998	28.9	10	272	0	58.1	2	
09	11	1998	30.6	8.3	270	0	65.45	2	
09	12	1998	32.2	10	266	0	64.45	2	
09	13	1998	34.4	11.7	264	0	65.6	2	
09	14	1998	26.7	13.3	238	0	79.75	2	
09	15	1998	25.6	13.3	202	0	81.8	2	
09	16	1998	28.3	10.6	234	0	72.8	2	
09	17	1998	26.1	10.6	231	0	75.95	3	
09	18	1998	26.7	10	256	0	68.9	4	
09	19	1998	29.4	7.8	263	0	67.8	3	
09	20	1998	25.6	8.3	231	0	73.55	2	
09	21	1998	23.3	8.9	199	0	77.8	2	
09	22	1998	22.8	8.9	182	0	76.9	2	
09	23	1998	22.8	7.8	169	0	76.15	2	
09	24	1998	23.3	10	191	0	78.9	3	
09	25	1998	21.1	9.4	194	0	82	2	
09	26	1998	19.4	8.3	128	0	81.3	2	
09	27	1998	22.8	5	247	0	70.7	2	
09	28	1998	24.4	7.8	195	1.523	73.25	3	
09	29	1998	20.6	6.7	210	0	85.75	2	
09	30	1998	23.9	10.6	181	0	80.9	2	
10	01	1998	20	12.2	161	0	88.85	3	
10	02	1998	21.7	9.4	230	0	79.3	4	
10	03	1998	20	5	232	0	75.75	4	
10	04	1998	25	5	231	0	67.9	3	
10	05	1998	29.4	5.6	230	0	58.5	2	
10	06	1998	31.7	6.1	222	0	48.15	2	
10	07	1998	29.4	3.9	225	0	58.9	2	
10	08	1998	23.9	5.6	221	0	79.8	3	
10	09	1998	22.2	5.6	222	0	71.1	4	
10	10	1998	24.4	5	221	0	67.4	2	
10	11	1998	26.7	3.3	220	0	62.8	2	
10	12	1998	26.7	6.1	156	0	67.65	2	
10	13	1998	25	4.4	208	0	73.4	3	
10	14	1998	22.2	5	187	0	78.35	3	
10	15	1998	22.8	5	198	0	67.1	2	
10	16	1998	23.3	3.3	208	0	62.7	3	
10	17	1998	25.6	2.8	207	5.838	52	1	
10	18	1998	26.7	2.2	203	7.614	54.85	1	
10	19	1998	28.9	3.3	201	0	57.75	1	
10	20	1998	30.6	3.9	197	0	50.15	1	
10	21	1998	30.6	6.1	193	0	59.1	2	
10	22	1998	23.3	8.3	175	0	73.3	2	
10	23	1998	27.2	5.6	182	0	68.6	2	
10	24	1998	17.8	7.2	47	4.315	87.55	2	
10	25	1998	18.3	6.7	181	0	81.65	3	
10	26	1998	22.8	3.9	185	0	73.9	1	
10	27	1998	22.2	6.1	170	0.254	77.05	2	
10	28	1998	17.2	5	118	0	86	2	
10	29	1998	18.3	5	153	0	85.65	3	
10	30	1998	20.6	2.2	181	0	70.45	2	
10	31	1998	23.3	1.7	181	0	63	2	
11	01	1998	18.9	3.9	176	0	81.7	2	
11	02	1998	20.6	1.7	159	0	72.6	2	
11	03	1998	21.1	1.7	172	0	71.85	2	
11	04	1998	20	8.3	145	0	81.05	3	
11	05	1998	18.3	6.7	165	0	77.05	4	
11	06	1998	16.7	1.7	127	0	81.5	2	
11	07	1998	16.1	7.2	59	1.269	95.8	3	
11	08	1998	15	5.6	91	0.254	81.35	2	
11	09	1998	17.8	4.4	160	0	71.8	1	
11	10	1998	13.9	1.7	46	3.807	81.4	2	
11	11	1998	15	3.9	156	0	81.35	2	
11	12	1998	18.9	1.1	159	0.254	72.95	1	
11	13	1998	21.7	1.1	148	0	72.35	1	
11	14	1998	23.3	0.6	158	0	66.2	2	
11	15	1998	20.6	0.6	152	0	80.05	2	
11	16	1998	20	6.1	113	0.254	77.85	1	
11	17	1998	17.2	6.1	149	0	76.8	2	
11	18	1998	17.8	1.7	152	0	75.75	3	
11	19	1998	20	1.7	153	0	67.9	1	
11	20	1998	19.4	-1.7	152	0	68	1	
11	21	1998	21.1	1.1	143	0	65.2	1	
11	22	1998	21.1	4.4	132	0	75.9	1	
11	23	1998	20	7.2	94	0.508	79.45	3	
11	24	1998	17.2	3.9	135	0	76	2	
11	25	1998	23.3	1.1	139	0	68.25	1	
11	26	1998	20.6	0	141	0	74.7	1	
11	27	1998	13.3	8.9	27	7.107	96.7	2	
11	28	1998	13.3	5.6	82	4.061	90.4	4	
11	29	1998	13.9	5.6	53	0	90.8	3	
11	30	1998	16.1	9.4	94	7.36	93.05	2	
12	01	1998	14.4	5	124	3.046	83.1	3	
12	02	1998	17.2	3.3	131	0	87.05	2	
12	03	1998	15.6	2.2	64	1.015	92.35	2	
12	04	1998	9.4	-1.7	83	0	85.1	2	
12	05	1998	11.7	-1.7	123	3.046	73.05	2	
12	06	1998	11.1	0.6	136	0	74.75	3	
12	07	1998	13.3	-3.3	133	0	69.35	1	
12	08	1998	13.3	-1.7	118	0	84.25	2	
12	09	1998	14.4	-1.7	138	0	69.15	1	
12	10	1998	18.9	-1.7	134	0	70	2	
12	11	1998	20	-1.7	122	0	68.3	1	
12	12	1998	22.2	0.6	130	0	64.8	1	
12	13	1998	20.6	2.2	127	0.508	70.5	3	
12	14	1998	12.8	2.2	100	0	83.95	3	
12	15	1998	19.4	-1.1	133	0	71.4	1	
12	16	1998	22.8	0.6	133	0	70.5	2	
12	17	1998	25.6	1.7	133	0.508	64.4	1	
12	18	1998	17.8	1.1	132	0	76	2	
12	19	1998	11.1	-2.2	75	0	77	3	
12	20	1998	5.6	-3.3	58	1.523	93.25	2	
12	21	1998	8.3	-6.7	138	0	69.15	1	
12	22	1998	7.8	-8.3	135	0	67.9	2	
12	23	1998	10.6	-8.9	135	0	64.1	1	
12	24	1998	16.1	-7.8	132	0	59.9	1	
12	25	1998	17.2	-5	129	0	55.95	2	
12	26	1998	13.3	-4.4	79	0	67.1	1	
12	27	1998	18.3	-3.3	128	0	71.7	1	
12	28	1998	18.3	-2.8	131	0	69.85	1	
12	29	1998	17.8	-1.1	124	0	75.05	1	
12	30	1998	20.6	-1.1	128	0	69.1	2	
12	31	1998	15	2.2	115	0	87.5	4	
01	01	1999	20	-2.2	138	0.254	66.35	1	
01	02	1999	21.1	-2.2	137	0	66.9	1	
01	03	1999	24.4	-1.1	138	0	58.85	2	
01	04	1999	22.8	-2.2	131	0	56.95	1	
01	05	1999	23.3	-3.3	136	0	54.65	1	
01	06	1999	21.1	-1.7	140	0	60.25	1	
01	07	1999	12.8	0.6	108	0.254	89.35	2	
01	08	1999	17.8	-1.7	123	0	65.9	1	
01	09	1999	21.7	-4.4	143	0	60.05	2	
01	10	1999	25.6	-2.2	139	0	51	1	
01	11	1999	21.7	-0.6	121	0	61.85	2	
01	12	1999	17.2	0	100	0	72.7	1	
01	13	1999	12.8	0.6	84	0	88.05	1	
01	14	1999	21.7	0.6	118	0	68.45	2	
01	15	1999	21.1	5	126	0	79.45	2	
01	16	1999	16.1	9.4	65	0.761	92.3	1	
01	17	1999	22.2	8.3	133	0	75	2	
01	18	1999	18.3	10.6	103	0	85.15	3	
01	19	1999	18.3	11.7	80	3.046	86.75	4	
01	20	1999	15	8.9	40	3.3	92.6	1	
01	21	1999	15	5	128	0	81	2	
01	22	1999	18.9	1.7	147	0	73.25	1	
01	23	1999	12.8	6.7	34	6.091	93.85	3	
01	24	1999	10	1.7	80	0	85.6	2	
01	25	1999	10.6	3.3	87	0.761	87.7	1	
01	26	1999	11.1	3.9	85	5.076	88.05	3	
01	27	1999	12.8	0.6	161	0	77.65	2	
01	28	1999	16.1	-2.2	169	0	71.75	2	
01	29	1999	16.7	-3.3	155	0.254	68.2	2	
01	30	1999	15.6	1.7	125	0.761	75.9	4	
01	31	1999	12.2	2.2	131	10.15	84.55	4	
02	01	1999	13.3	-0.6	170	0	82.25	2	
02	02	1999	16.1	-2.2	174	0	73.1	1	
02	03	1999	18.3	0.6	170	0	74.25	1	
02	04	1999	12.2	5.6	96	0	91.9	1	
02	05	1999	13.3	3.9	156	0	86.45	2	
02	06	1999	12.2	2.8	46	0	88.45	3	
02	07	1999	18.9	10	108	0	87.65	4	
02	08	1999	20	11.1	158	0.508	84.8	3	
02	09	1999	13.9	0.6	66	8.122	86.35	5	
02	10	1999	11.1	-0.6	185	0	77.1	2	
02	11	1999	16.1	-1.7	187	0	64.3	2	
02	12	1999	18.9	-1.1	159	0	54.5	2	
02	13	1999	19.4	1.1	134	0	61	2	
02	14	1999	13.3	1.7	137	0	80.95	2	
02	15	1999	15	-0.6	170	0	77.35	2	
02	16	1999	15	2.8	83	0	81.4	2	
02	17	1999	21.1	7.8	158	0	79.45	2	
02	18	1999	17.2	6.1	125	0.254	84.3	3	
02	19	1999	17.8	4.4	200	0	69.25	2	
02	20	1999	17.2	2.2	92	7.107	68.3	3	
02	21	1999	13.3	3.3	205	0.508	72.9	3	
02	22	1999	17.2	0.6	205	0	81.35	3	
02	23	1999	20.6	1.7	205	0	72.4	1	
02	24	1999	18.3	1.7	173	0.254	80.9	2	
02	25	1999	15	3.9	173	0.508	76.5	3	
02	26	1999	17.2	0.6	201	0	65.7	2	
02	27	1999	21.7	1.7	206	0	69.55	2	
02	28	1999	22.2	2.2	193	0	75.3	2	
03	01	1999	20.6	6.7	182	0.254	81.25	2	
03	02	1999	23.9	3.3	216	0.508	72.2	2	
03	03	1999	14.4	5	113	0	86.05	4	
03	04	1999	14.4	0.6	233	0	71.75	4	
03	05	1999	17.8	-2.2	213	0	65.4	1	
03	06	1999	13.9	0	174	0	76.8	2	
03	07	1999	15.6	-1.1	235	0	71.55	3	
03	08	1999	13.9	0	116	4.315	81	3	
03	09	1999	12.2	1.7	204	2.031	77.7	3	
03	10	1999	13.9	0.6	170	0	75.35	1	
03	11	1999	15	2.8	219	3.3	77.85	2	
03	12	1999	19.4	0.6	238	0	68	2	
03	13	1999	21.1	2.8	223	0	69.6	3	
03	14	1999	16.1	2.8	198	6.599	77.4	4	
03	15	1999	10	4.4	93	11.92	92.35	2	
03	16	1999	16.1	6.7	206	0	84.8	2	
03	17	1999	17.8	6.1	176	0	82.75	1	
03	18	1999	15.6	7.8	119	0	85.25	3	
03	19	1999	11.1	7.2	36	11.67	92.1	2	
03	20	1999	11.7	3.9	98	8.629	93.25	2	
03	21	1999	17.8	5	231	0.508	75.95	2	
03	22	1999	15.6	4.4	221	0	83.75	2	
03	23	1999	16.1	5	253	1.523	76	3	
03	24	1999	17.2	2.8	210	2.792	84.95	4	
03	25	1999	17.8	8.9	174	9.137	87.65	3	
03	26	1999	17.2	7.8	266	0	85.3	4	
03	27	1999	17.2	3.9	273	0	73.7	5	
03	28	1999	18.9	1.1	274	0	67.7	3	
03	29	1999	20.6	1.7	262	0	70.1	3	
03	30	1999	14.4	4.4	261	0	73.3	4	
03	31	1999	12.8	2.8	247	0.508	73.75	4	
04	01	1999	14.4	0.6	231	0	75.2	3	
04	02	1999	17.8	0	290	0	65.35	3	
04	03	1999	12.8	0.6	247	0.254	70.85	4	
04	04	1999	16.1	1.7	294	0	67.15	4	
04	05	1999	10.6	2.2	88	2.538	89.15	3	
04	06	1999	12.8	2.8	185	2.792	84.6	2	
04	07	1999	12.8	3.3	150	0	88.4	1	
04	08	1999	12.2	1.1	141	1.777	87.7	3	
04	09	1999	13.9	0	302	0	73.15	4	
04	10	1999	15	0	202	0	71.2	2	
04	11	1999	9.4	3.9	61	13.95	90.8	3	
04	12	1999	18.3	1.1	299	0	83.7	3	
04	13	1999	20	7.8	238	0	85.35	2	
04	14	1999	27.2	6.7	292	0	73.95	1	
04	15	1999	30.6	8.3	296	0	63	2	
04	16	1999	30.6	10	306	0	58.2	2	
04	17	1999	30.6	6.7	290	0	59	2	
04	18	1999	28.9	6.1	312	0	64.8	2	
04	19	1999	25	6.1	289	0	69.35	3	
04	20	1999	20.6	6.1	301	0	77.15	5	
04	21	1999	20	4.4	308	0	73.5	5	
04	22	1999	20.6	8.3	308	0	70.65	6	
04	23	1999	23.9	6.1	302	0	59.7	3	
04	24	1999	24.4	3.3	311	0	68.65	2	
04	25	1999	21.7	6.7	274	0	75.25	3	
04	26	1999	23.9	8.3	242	0	75.15	4	
04	27	1999	16.7	5.6	324	0	69.85	6	
04	28	1999	16.1	1.7	324	0	65.35	5	
04	29	1999	21.7	2.8	317	0	65.15	4	
04	30	1999	22.2	2.8	291	0	75.3	2	
05	01	1999	20	7.2	282	0.254	81.7	4	
05	02	1999	16.1	5	207	0.508	83.5	4	
05	03	1999	18.3	7.2	266	0.508	78	3	
05	04	1999	17.8	5	329	0.508	74.65	5	
05	05	1999	27.2	2.2	331	0	65.95	2	
05	06	1999	23.9	5.6	321	0	74.65	4	
05	07	1999	23.9	7.2	338	0	69.5	6	
05	08	1999	22.8	1.7	332	0	69.15	4	
05	09	1999	21.7	2.2	333	0	65.3	4	
05	10	1999	25.6	2.2	324	0.254	63	4	
05	11	1999	27.2	9.4	314	0	71.2	4	
05	12	1999	23.9	7.8	308	0	76.65	5	
05	13	1999	20.6	2.8	345	0	70.75	5	
05	14	1999	18.3	2.8	340	0	72.65	5	
05	15	1999	20.6	3.9	331	0	68.5	4	
05	16	1999	23.9	1.7	335	0	68.65	3	
05	17	1999	27.8	3.9	340	0	62.2	3	
05	18	1999	25	6.7	334	0	74.85	4	
05	19	1999	18.9	4.4	339	0	80.5	4	
05	20	1999	16.7	5	325	0.254	76.65	5	
05	21	1999	26.1	2.8	323	0	71.15	2	
05	22	1999	29.4	6.1	336	0	66.55	2	
05	23	1999	27.8	7.8	319	0	72.9	3	
05	24	1999	25	10.6	303	1.015	77.6	3	
05	25	1999	28.9	10	312	0	69.5	3	
05	26	1999	25	9.4	311	0	75.45	3	
05	27	1999	23.9	9.4	288	0	76.65	3	
05	28	1999	21.1	5.6	301	0	79.9	3	
05	29	1999	18.3	5	331	0.508	82.75	4	
05	30	1999	25	8.9	322	0	72.05	3	
05	31	1999	21.7	8.9	324	0.254	80.8	3	
06	01	1999	22.8	8.3	276	0	77.85	2	
06	02	1999	15.6	8.3	182	0	74.4	3	
06	03	1999	18.3	5.6	333	0	70.05	3	
06	04	1999	20.6	10	318	0	80.65	4	
06	05	1999	24.4	8.9	321	2.284	75.6	3	
06	06	1999	24.4	8.3	366	0	68.55	4	
06	07	1999	21.1	2.2	370	0.254	65.05	4	
06	08	1999	23.3	4.4	370	0	67.5	4	
06	09	1999	22.8	2.2	346	0	73.1	4	
06	10	1999	25	3.3	347	0	71.8	3	
06	11	1999	25	6.7	336	0	71.75	4	
06	12	1999	29.4	7.2	335	0	67.3	3	
06	13	1999	30.6	6.7	326	0	62.95	4	
06	14	1999	28.9	11.1	328	0	71.05	3	
06	15	1999	27.2	10.6	332	0	70.65	4	
06	16	1999	26.1	7.8	321	0	74.45	2	
06	17	1999	27.2	8.3	327	1.015	74.55	2	
06	18	1999	28.3	9.4	292	0	71.85	4	
06	19	1999	26.7	6.7	326	0	70.25	3	
06	20	1999	26.1	7.2	323	0	71.55	2	
06	21	1999	24.4	9.4	310	0	77.5	3	
06	22	1999	28.9	8.9	322	0	74.6	2	
06	23	1999	27.8	11.1	331	0	73.45	3	
06	24	1999	27.2	11.1	303	0	72.3	3	
06	25	1999	26.7	8.9	316	0	68.4	3	
06	26	1999	27.8	6.1	331	0	65.15	2	
06	27	1999	33.9	6.7	339	0	60.2	2	
06	28	1999	36.1	9.4	348	0	58.6	2	
06	29	1999	35.6	10	348	0	60.5	3	
06	30	1999	36.1	9.4	343	0	62.6	3	
07	01	1999	27.2	10.6	317	0	74.45	2	
07	02	1999	25	10	314	0	74.15	3	
07	03	1999	22.2	6.7	330	0	76.95	4	
07	04	1999	28.3	5	348	0	64.5	3	
07	05	1999	31.7	7.8	352	0	59.3	3	
07	06	1999	25.6	8.3	316	0	74.05	3	
07	07	1999	31.1	8.9	331	0	65.45	2	
07	08	1999	31.7	9.4	340	0	64.3	2	
07	09	1999	32.2	7.8	336	0	62.85	2	
07	10	1999	31.7	10.6	316	0	64.55	2	
07	11	1999	40	10.6	327	0	55.95	2	
07	12	1999	38.3	16.7	304	0	54.4	2	
07	13	1999	34.4	15.6	307	0	54.95	3	
07	14	1999	33.3	12.8	315	0	68.9	2	
07	15	1999	27.2	12.2	307	0	76.75	2	
07	16	1999	25	11.1	304	0	77.65	3	
07	17	1999	25.6	8.3	305	0	73.8	2	
07	18	1999	25.6	6.7	308	0	73.7	2	
07	19	1999	26.7	7.8	322	0	70.55	2	
07	20	1999	25	8.3	319	0	73.65	3	
07	21	1999	27.2	8.3	312	0	73.7	2	
07	22	1999	27.8	9.4	308	0	74.9	2	
07	23	1999	23.9	10.6	279	0	77.95	3	
07	24	1999	25	8.9	322	0	77.85	3	
07	25	1999	27.2	11.7	299	0	74.4	2	
07	26	1999	24.4	11.1	293	0	79.6	3	
07	27	1999	24.4	11.1	292	0	79.45	3	
07	28	1999	26.1	10	292	0	74.95	3	
07	29	1999	28.9	11.1	295	0	70.15	2	
07	30	1999	29.4	9.4	319	0	67.95	3	
07	31	1999	26.7	8.9	305	0	71.3	3	
08	01	1999	28.9	8.3	309	0	73.75	3	
08	02	1999	30.6	11.1	305	0	72.6	3	
08	03	1999	31.1	10.6	321	0	72.7	3	
08	04	1999	25.6	12.2	283	0	79.65	3	
08	05	1999	23.3	12.2	247	0	82.7	4	
08	06	1999	23.9	13.3	191	0	73.05	3	
08	07	1999	26.7	11.1	273	0	71.7	3	
08	08	1999	26.7	10	273	0	76.1	3	
08	09	1999	22.8	10	162	0	84.6	2	
08	10	1999	25.6	13.3	250	0	77.6	3	
08	11	1999	26.1	10	285	0	77.55	3	
08	12	1999	27.8	10.6	305	0	77.6	3	
08	13	1999	27.8	8.9	311	0	71.45	3	
08	14	1999	25.6	10	299	0	73.2	4	
08	15	1999	27.8	7.2	294	0	70.45	2	
08	16	1999	30	11.1	287	0	72.05	2	
08	17	1999	28.3	11.1	282	0	73.65	3	
08	18	1999	25.6	10	283	0	74.8	3	
08	19	1999	30	9.4	278	0	68.8	2	
08	20	1999	29.4	8.9	299	0	71.25	3	
08	21	1999	31.1	9.4	272	0	71.1	2	
08	22	1999	37.8	11.1	296	0	59.6	2	
08	23	1999	32.2	9.4	284	0	69.45	2	
08	24	1999	31.7	8.9	291	0	66.6	2	
08	25	1999	40	10	288	0	60.05	2	
08	26	1999	36.1	11.7	153	0	66.9	2	
08	27	1999	29.4	10.6	276	0	76.1	3	
08	28	1999	30	12.2	263	0	69.35	2	
08	29	1999	27.8	11.7	251	0	77.15	3	
08	30	1999	25	11.1	279	0	70.75	5	
08	31	1999	27.8	6.7	291	0	59.3	4	
09	01	1999	26.1	5.6	270	0	61.5	2	
09	02	1999	25	9.4	277	0	73.2	3	
09	03	1999	24.4	8.9	246	0	77.45	2	
09	04	1999	27.8	8.9	261	0	72.8	2	
09	05	1999	32.8	8.9	272	0	66.4	2	
09	06	1999	27.2	8.9	271	0	73.65	2	
09	07	1999	27.8	11.1	259	0	74.55	2	
09	08	1999	25	11.1	236	0	74.9	2	
09	09	1999	25.6	10	232	0	77.35	2	
09	10	1999	25	9.4	208	0	77.85	2	
09	11	1999	25.6	9.4	225	0	75.8	2	
09	12	1999	26.7	11.1	251	0	73.9	2	
09	13	1999	25	10	227	0	76.25	2	
09	14	1999	27.8	9.4	226	0	71.4	2	
09	15	1999	27.8	11.7	190	0	75.8	2	
09	16	1999	25	11.1	212	0	79.05	2	
09	17	1999	23.9	11.1	215	0	80.15	2	
09	18	1999	21.1	11.1	192	0	86	2	
09	19	1999	21.7	10	171	0	84	2	
09	20	1999	27.8	7.8	243	0	76.2	2	
09	21	1999	33.3	7.8	234	0	69.3	2	
09	22	1999	25.6	12.2	100	0	83.35	1	
09	23	1999	28.9	12.2	156	0	83.15	2	
09	24	1999	27.2	10.6	217	0	74.4	2	
09	25	1999	32.8	11.1	233	0	68.85	2	
09	26	1999	35	10	234	0	63.95	2	
09	27	1999	35.6	10	240	0	51.4	2	
09	28	1999	35.6	8.3	233	0	55.25	2	
09	29	1999	37.8	9.4	223	0	54.4	2	
09	30	1999	37.2	10	215	0	56.5	2	
10	01	1999	30	5	216	0	64.2	2	
10	02	1999	23.9	8.9	176	0	72.85	2	
10	03	1999	23.9	8.9	185	0	76.35	2	
10	04	1999	23.3	9.4	191	0	78.65	3	
10	05	1999	24.4	7.2	208	0	72.25	3	
10	06	1999	23.3	9.4	210	0	79.25	4	
10	07	1999	27.8	6.1	218	0	65.65	2	
10	08	1999	33.3	7.2	214	0	59.05	2	
10	09	1999	35.6	10	216	0	51.35	1	
10	10	1999	35	10.6	212	0	48.55	2	
10	11	1999	32.2	7.2	215	0	58.45	2	
10	12	1999	35	3.9	207	0	61.2	2	
10	13	1999	32.2	6.7	199	0	65.75	2	
10	14	1999	23.3	9.4	104	0	79.05	1	
10	15	1999	28.3	8.9	187	0	67.05	2	
10	16	1999	30.6	6.1	197	0	62.2	1	
10	17	1999	30	6.7	192	0	55	2	
10	18	1999	29.4	5.6	168	0	61.25	2	
10	19	1999	31.1	4.4	182	0	61	1	
10	20	1999	32.8	6.7	181	0	51.65	1	
10	21	1999	33.3	6.1	187	0	52.35	1	
10	22	1999	30.6	6.7	173	0	63.4	2	
10	23	1999	20	6.1	170	0	80.45	2	
10	24	1999	25.6	5.6	168	0	69.9	1	
10	25	1999	27.8	3.9	171	0	66.85	1	
10	26	1999	24.4	5.6	173	0	71.7	2	
10	27	1999	25.6	8.9	160	0	76.5	2	
10	28	1999	20	8.3	154	0	75.75	4	
10	29	1999	24.4	3.9	177	0	64.9	1	
10	30	1999	31.7	3.9	176	0	50.5	2	
10	31	1999	30	4.4	166	0	47.55	1	
11	01	1999	30.6	7.2	152	0	52.25	1	
11	02	1999	24.4	3.9	167	0	69.4	2	
11	03	1999	20.6	7.2	137	0	78.8	2	
11	04	1999	27.8	5.6	165	0	64.75	1	
11	05	1999	23.9	4.4	158	0	71.85	2	
11	06	1999	23.3	7.8	152	0	72.95	2	
11	07	1999	20.6	10	64	0	80.1	4	
11	08	1999	19.4	8.3	143	0	78.6	2	
11	09	1999	19.4	6.1	122	0	79.3	1	
11	10	1999	21.1	3.9	136	0	74	1	
11	11	1999	24.4	5.6	154	0	72.8	1	
11	12	1999	27.8	4.4	153	0	66.8	1	
11	13	1999	27.2	5.6	140	0	69.3	1	
11	14	1999	22.8	8.3	79	0	75.35	2	
11	15	1999	21.7	10	121	0	78.9	1	
11	16	1999	18.9	8.3	111	0	83.35	2	
11	17	1999	16.1	3.9	126	0	80.6	2	
11	18	1999	19.4	2.8	140	0	73.6	1	
11	19	1999	17.2	3.3	66	0	85.35	3	
11	20	1999	17.2	6.1	105	0	86.35	2	
11	21	1999	14.4	3.9	135	0	79.95	3	
11	22	1999	17.2	0.6	147	0	64.2	2	
11	23	1999	16.7	-0.6	138	0	70.45	2	
11	24	1999	17.2	-1.1	126	0	70.2	2	
11	25	1999	21.7	0.6	137	0	70.35	1	
11	26	1999	18.3	1.1	123	0	78.85	2	
11	27	1999	21.1	3.3	113	0	72.35	1	
11	28	1999	21.1	3.9	113	0	73.2	2	
11	29	1999	19.4	6.1	85	0	76	3	
11	30	1999	17.2	6.7	82	0	87.05	2	
12	01	1999	15.6	2.8	130	0	77.45	3	
12	02	1999	16.7	0	131	0	80.6	3	
12	03	1999	15	2.8	131	0	68	3	
12	04	1999	20	-1.1	129	0	55.9	2	
12	05	1999	19.4	0.6	130	0	54.35	1	
12	06	1999	17.2	-1.7	126	0	72.85	2	
12	07	1999	15	3.3	119	0	77.25	3	
12	08	1999	15.6	0	119	0	67.3	1	
12	09	1999	9.4	1.1	49	0	83.25	2	
12	10	1999	13.3	1.7	127	0	75.95	3	
12	11	1999	17.8	-2.8	127	0	69.15	2	
12	12	1999	19.4	0.6	120	0	70.8	2	
12	13	1999	13.3	3.3	95	0	76.05	3	
12	14	1999	16.7	-2.8	122	0	59.95	2	
12	15	1999	18.3	-1.7	127	0	55.85	2	
12	16	1999	19.4	-2.2	130	0	59.05	1	
12	17	1999	21.1	-1.1	124	0	58.8	2	
12	18	1999	18.3	0	124	0	77.85	3	
12	19	1999	21.7	0	123	0	63.1	2	
12	20	1999	22.2	0	125	0	62.55	2	
12	21	1999	23.9	0	125	0	61.1	1	
12	22	1999	21.1	0.6	123	0	52.45	2	
12	23	1999	22.2	-1.7	127	0	52.85	1	
12	24	1999	22.8	-1.1	126	0	50.55	2	
12	25	1999	22.2	-0.6	112	0	52.25	1	
12	26	1999	23.9	-1.1	128	0	48.8	2	
12	27	1999	23.3	2.8	128	0	41.75	2	
12	28	1999	22.8	-0.6	127	0	50.5	1	
12	29	1999	23.3	-1.7	129	0	56	2	
12	30	1999	14.4	-0.6	93	0	70.3	2	
12	31	1999	12.8	2.8	84	0	83.35	1	
01	01	2000	13.3	5.6	60	0	78.1	2	
01	02	2000	13.3	2.2	129	0	71.6	3	
01	03	2000	16.1	-2.2	129	0	71.95	1	
01	04	2000	16.1	-1.7	115	0	73.9	3	
01	05	2000	16.1	1.1	120	0	71.15	2	
01	06	2000	17.8	-3.3	116	0	62.85	2	
01	07	2000	17.2	-1.1	119	0	62.2	2	
01	08	2000	17.8	-2.2	126	0	75.55	2	
01	09	2000	14.4	3.9	84	0	85.1	2	
01	10	2000	17.8	4.4	111	0	80.6	2	
01	11	2000	19.4	5	109	0	80.7	2	
01	12	2000	17.2	3.9	98	0	84.4	1	
01	13	2000	21.7	2.8	133	0	72.45	2	
01	14	2000	19.4	2.8	67	0	70.15	1	
01	15	2000	19.4	8.3	38	0	65.35	2	
01	16	2000	13.9	8.9	65	6.853	82.95	2	
01	17	2000	12.8	10	28	6.345	99.3	0	
01	18	2000	18.9	12.2	92	16.49	92.6	1	
01	19	2000	22.8	13.3	85	1.015	88.1	3	
01	20	2000	14.4	7.2	46	2.538	91.55	2	
01	21	2000	14.4	3.9	113	0	86.4	1	
01	22	2000	16.1	3.3	107	1.523	87.95	2	
01	23	2000	15	9.4	27	12.18	97.6	2	
01	24	2000	15.6	12.8	33	4.569	95.2	1	
01	25	2000	15.6	10	85	1.777	93.4	0	
01	26	2000	14.4	6.1	151	0	86.15	0	
01	27	2000	16.7	4.4	119	0	79.75	1	
01	28	2000	17.2	1.7	136	0	76.95	2	
01	29	2000	15.6	2.8	87	0	77.25	2	
01	30	2000	13.9	8.3	29	6.853	91.85	2	
01	31	2000	15.6	6.7	104	0	77.65	1	
02	01	2000	21.1	6.7	154	0	80.35	1	
02	02	2000	23.9	5.6	161	0	66.35	2	
02	03	2000	18.9	8.9	131	2.284	66.85	4	
02	04	2000	16.1	5	109	0	83.15	2	
02	05	2000	16.7	7.2	94	0	85.95	3	
02	06	2000	21.1	5.6	140	0.254	82.05	1	
02	07	2000	22.8	3.9	128	0	74.25	2	
02	08	2000	21.1	6.7	142	0	75.95	2	
02	09	2000	17.8	8.3	107	0.254	86.8	3	
02	10	2000	14.4	8.9	100	6.091	90.5	4	
02	11	2000	13.9	7.2	60	15.22	94.95	3	
02	12	2000	13.9	4.4	79	0.508	88.4	3	
02	13	2000	16.1	10	46	4.315	95.55	4	
02	14	2000	17.2	6.1	172	0.508	78.05	0	
02	15	2000	16.1	2.8	129	0	87.7	1	
02	16	2000	12.2	4.4	69	5.076	90.7	2	
02	17	2000	15	2.8	187	0	77	2	
02	18	2000	17.2	3.3	164	0	80.9	1	
02	19	2000	17.8	3.9	98	0	82.15	1	
02	20	2000	16.7	7.8	93	0.254	89.7	4	
02	21	2000	15	6.7	122	0	87.85	4	
02	22	2000	13.3	6.1	54	0	88.85	1	
02	23	2000	12.2	2.8	119	0.254	88.4	2	
02	24	2000	10.6	0	100	0	86.7	2	
02	25	2000	15.6	6.7	152	0	89.75	2	
02	26	2000	18.9	7.8	172	0	85.45	3	
02	27	2000	14.4	7.8	170	0.254	85.9	3	
02	28	2000	14.4	5.6	178	0	81.5	2	
02	29	2000	13.9	5.6	120	0	85.45	3	
03	01	2000	17.2	2.2	212	0	80.15	2	
03	02	2000	12.2	5	73	0	93.65	3	
03	03	2000	18.9	6.1	186	0	76.1	3	
03	04	2000	16.1	3.3	157	0	89.8	2	
03	05	2000	11.1	5.6	118	0	87.45	4	
03	06	2000	13.9	5.6	211	0	79.25	2	
03	07	2000	11.1	5	57	0	86.65	3	
03	08	2000	14.4	5.6	143	0	81.1	2	
03	09	2000	15.6	3.3	152	0	84.4	2	
03	10	2000	19.4	3.3	219	0	72.05	2	
03	11	2000	20	3.9	231	0	81.4	3	
03	12	2000	20.6	5.6	235	0	81.5	2	
03	13	2000	20.6	5	220	0	82.1	3	
03	14	2000	22.8	5.6	226	0	82.85	3	
03	15	2000	23.3	7.2	229	0	68.6	3	
03	16	2000	20.6	5.6	237	0	79.75	4	
03	17	2000	22.2	5.6	251	0	65.55	3	
03	18	2000	25	3.3	247	0	69.7	2	
03	19	2000	17.2	5.6	225	0	82.9	4	
03	20	2000	17.8	2.8	256	0	68.4	4	
03	21	2000	21.7	1.7	265	0	61	2	
03	22	2000	24.4	2.2	257	0	59.5	2	
03	23	2000	21.7	5	245	0	67.75	2	
03	24	2000	19.4	4.4	185	0	78.1	2	
03	25	2000	20	2.2	246	0	78.9	2	
03	26	2000	21.1	3.3	239	0	77.85	2	
03	27	2000	15	5	219	0	83.55	4	
03	28	2000	16.1	4.4	248	0	77.85	4	
03	29	2000	18.9	2.8	265	0	72.3	2	
03	30	2000	23.9	2.8	272	0	69	2	
03	31	2000	26.1	2.8	278	0	59	2	
04	01	2000	29.4	3.3	281	0	52.45	2	
04	02	2000	32.2	6.1	254	0	-1	0	
04	03	2000	30.6	6.1	278	0	68.6	2	
04	04	2000	22.2	7.8	249	0	81.3	2	
04	05	2000	22.2	6.7	224	0	79.4	2	
04	06	2000	22.8	5.6	248	0	73.85	2	
04	07	2000	28.3	4.4	264	0	62.15	2	
04	08	2000	20.6	6.1	259	0	76.5	3	
04	09	2000	21.7	5.6	256	0	75.25	3	
04	10	2000	23.3	5	281	0	74.55	2	
04	11	2000	30	5	283	0	67.2	2	
04	12	2000	30.6	7.8	275	0	61.05	2	
04	13	2000	22.2	9.4	281	0	69.5	3	
04	14	2000	19.4	7.8	226	0	81.8	2	
04	15	2000	19.4	6.7	214	0	77.9	2	
04	16	2000	15.6	10	71	0	83.4	4	
04	17	2000	16.7	6.1	181	0.508	76.85	2	
04	18	2000	19.4	6.7	308	0	74.95	2	
04	19	2000	21.7	3.9	299	0	71.15	2	
04	20	2000	23.9	6.7	279	0	74.15	2	
04	21	2000	21.1	8.3	286	0	80	4	
04	22	2000	20	7.2	263	0	84.15	4	
04	23	2000	19.4	6.1	312	0	72.05	5	
04	24	2000	25	3.3	306	0	69.95	3	
04	25	2000	25	5	309	0	68.4	3	
04	26	2000	31.1	6.7	310	0	63.7	1	
04	27	2000	25	7.2	304	0	66.35	4	
04	28	2000	17.8	5.6	312	0	67.1	4	
04	29	2000	23.9	2.8	320	0	69.05	2	
04	30	2000	30.6	4.4	319	0	63.5	2	
05	01	2000	27.2	5.6	303	0	65.85	3	
05	02	2000	26.7	9.4	313	0	75.9	3	
05	03	2000	27.8	9.4	281	0	69.65	3	
05	04	2000	25	8.3	280	0	74.15	4	
05	05	2000	23.3	8.3	311	0	70.1	4	
05	06	2000	22.2	5	273	0	73.65	3	
05	07	2000	23.9	8.9	188	0	78.7	1	
05	08	2000	23.9	10	257	0	81.9	3	
05	09	2000	24.4	10.6	301	0	71.85	4	
05	10	2000	18.3	6.1	322	0	69.6	5	
05	11	2000	20.6	6.1	334	0	64.45	4	
05	12	2000	26.7	2.8	316	0	62.55	2	
05	13	2000	25	3.9	324	0	69.1	2	
05	14	2000	20	3.9	205	0	79.8	3	
05	15	2000	20	9.4	179	0	72	3	
05	16	2000	18.3	7.2	188	0	81.1	3	
05	17	2000	23.9	9.4	287	0	73.7	3	
05	18	2000	30.6	7.8	317	0	68.1	2	
05	19	2000	33.9	7.8	317	0	66.3	2	
05	20	2000	35.6	9.4	331	0	61.45	2	
05	21	2000	40	12.8	336	0	54.8	2	
05	22	2000	40	13.9	327	0	48.95	2	
05	23	2000	35.6	12.8	170	0	65	4	
05	24	2000	24.4	12.2	224	0	82.65	2	
05	25	2000	21.1	10.6	320	0	77.25	4	
05	26	2000	27.8	10.6	334	0	71.3	4	
05	27	2000	31.7	11.1	312	0	71.25	3	
05	28	2000	31.7	10	330	0	67.4	3	
05	29	2000	27.2	6.1	349	0	62.9	4	
05	30	2000	25.6	4.4	354	0	66.9	3	
05	31	2000	31.1	3.9	352	0	58.55	2	
06	01	2000	33.3	6.7	346	0	59.25	2	
06	02	2000	26.7	7.8	319	0	72.6	2	
06	03	2000	27.8	6.1	341	0	73.6	2	
06	04	2000	25	7.2	334	0	75.8	3	
06	05	2000	27.8	7.2	350	0	67.55	3	
06	06	2000	27.8	8.3	342	0	68.6	3	
06	07	2000	25.6	8.3	339	0.254	72.65	3	
06	08	2000	18.3	11.1	170	4.061	85.5	4	
06	09	2000	23.3	10	342	0	69.35	4	
06	10	2000	23.3	8.3	348	0	72.3	4	
06	11	2000	27.8	5.6	343	0	67.45	3	
06	12	2000	31.7	8.9	308	0	67.6	4	
06	13	2000	37.2	11.1	345	0	62.45	2	
06	14	2000	42.8	14.4	344	0	54.8	2	
06	15	2000	32.8	12.2	348	0	71.25	2	
06	16	2000	30	12.2	319	0	75.75	2	
06	17	2000	28.3	13.3	324	0	77.6	3	
06	18	2000	26.7	12.8	302	0	80.05	3	
06	19	2000	26.7	11.1	296	0	78.4	2	
06	20	2000	30	10	329	0	73.95	3	
06	21	2000	31.7	11.7	336	0	69.25	3	
06	22	2000	27.2	12.2	323	0	75.75	3	
06	23	2000	27.8	10.6	320	0	75.55	2	
06	24	2000	33.3	9.4	325	0	70.8	2	
06	25	2000	32.8	10.6	328	0	69.8	3	
06	26	2000	33.3	12.2	336	0	67.2	3	
06	27	2000	33.9	10.6	337	0	59.35	3	
06	28	2000	31.7	11.7	325	0	67.15	3	
06	29	2000	28.3	12.8	326	0	73.5	3	
06	30	2000	25.6	8.9	322	0	73.15	3	
07	01	2000	26.7	10	324	0	72.7	4	
07	02	2000	22.2	8.9	329	0	79.6	4	
07	03	2000	21.7	8.9	318	0	79.7	4	
07	04	2000	25	7.2	343	0	72.55	3	
07	05	2000	23.3	9.4	315	0	79.65	4	
07	06	2000	24.4	8.9	304	0	76.9	3	
07	07	2000	24.4	7.8	297	0	74.65	3	
07	08	2000	26.1	7.8	332	0	73.35	3	
07	09	2000	26.7	11.7	300	0	73.6	3	
07	10	2000	26.1	12.2	293	0	76.8	3	
07	11	2000	25.6	12.2	309	0	78.8	3	
07	12	2000	25.6	10.6	305	0	80.25	2	
07	13	2000	26.7	8.3	337	0	75.9	3	
07	14	2000	31.1	7.8	336	0	72.05	2	
07	15	2000	27.2	10.6	298	0	73.75	3	
07	16	2000	23.9	11.7	277	0	78.15	3	
07	17	2000	26.1	9.4	310	0	75	3	
07	18	2000	30.6	8.9	315	0	70.65	3	
07	19	2000	28.3	8.9	338	0	72	3	
07	20	2000	28.3	10.6	306	0	72.7	3	
07	21	2000	26.1	11.1	298	0	78.05	3	
07	22	2000	28.9	12.2	302	0	72.3	3	
07	23	2000	33.3	9.4	332	0	64.75	2	
07	24	2000	31.1	8.9	327	0	67.3	3	
07	25	2000	28.3	11.1	294	0	73.35	3	
07	26	2000	27.8	9.4	315	0	72.3	4	
07	27	2000	28.3	8.3	329	0	68.7	2	
07	28	2000	28.9	10	302	0	74.5	2	
07	29	2000	29.4	12.2	304	0	72.55	2	
07	30	2000	30	12.2	293	0	72.8	2	
07	31	2000	32.2	10.6	290	0	68.85	2	
08	01	2000	34.4	13.9	264	0	68.55	2	
08	02	2000	35.6	13.9	287	0	66.75	2	
08	03	2000	30.6	12.8	301	0	74.3	2	
08	04	2000	30.6	13.3	294	0	76.45	2	
08	05	2000	33.9	11.1	309	0	65.95	3	
08	06	2000	28.9	9.4	296	0	69.5	3	
08	07	2000	27.2	12.8	285	0	75.85	3	
08	08	2000	28.3	11.7	280	0	75.05	2	
08	09	2000	28.9	11.1	282	0	72.8	2	
08	10	2000	29.4	7.8	292	0	69.5	2	
08	11	2000	33.3	8.3	317	0	65	2	
08	12	2000	33.3	10	317	0	62.5	2	
08	13	2000	31.1	7.2	310	0	64.15	2	
08	14	2000	32.8	7.8	318	0	63.45	2	
08	15	2000	32.2	7.8	317	0	65.55	2	
08	16	2000	33.3	8.3	311	0	62.75	2	
08	17	2000	31.7	7.2	313	0	65.85	2	
08	18	2000	28.3	6.7	307	0	66.1	3	
08	19	2000	26.1	8.3	274	0	74.85	3	
08	20	2000	27.2	7.2	293	0	69.85	2	
08	21	2000	27.8	7.8	283	0	71.35	2	
08	22	2000	27.2	11.7	263	0.254	74.25	2	
08	23	2000	26.1	10	262	0	77	2	
08	24	2000	32.2	9.4	279	0	70.15	2	
08	25	2000	30	10.6	283	0	70.55	2	
08	26	2000	27.2	10.6	261	0	75.95	2	
08	27	2000	27.2	11.7	270	0	72.55	2	
08	28	2000	26.1	11.7	256	0	75.65	3	
08	29	2000	20.6	12.2	163	0.254	90.65	2	
08	30	2000	25	10	267	0	80.3	3	
08	31	2000	23.9	11.1	169	0	81.45	2	
09	01	2000	24.4	10.6	254	0	76.85	2	
09	02	2000	22.8	13.9	167	0	75.4	3	
09	03	2000	22.8	8.9	269	0	75.6	3	
09	04	2000	22.8	7.8	274	0	72.25	4	
09	05	2000	27.2	6.1	279	0	67.6	3	
09	06	2000	31.1	7.8	281	0	56.3	2	
09	07	2000	35.6	8.3	278	0	47.95	2	
09	08	2000	29.4	8.3	275	0	63.8	3	
09	09	2000	26.1	8.3	263	0	74	2	
09	10	2000	26.1	8.9	245	0	73.15	2	
09	11	2000	35.6	8.9	269	0.254	56	2	
09	12	2000	33.3	6.7	146	0	57.65	2	
09	13	2000	37.2	15.6	227	0	50.2	2	
09	14	2000	27.8	16.1	242	0	79.85	3	
09	15	2000	28.9	12.2	237	0	73.15	3	
09	16	2000	30.6	10	252	0	72.05	2	
09	17	2000	37.8	9.4	259	0	61.25	2	
09	18	2000	38.3	12.8	258	0	57.55	2	
09	19	2000	38.9	11.1	253	0	57.65	2	
09	20	2000	31.1	14.4	244	0	70	2	
09	21	2000	20.6	12.8	92	0	87.35	3	
09	22	2000	21.7	14.4	153	0	84.9	3	
09	23	2000	27.2	11.1	243	0	72.3	2	
09	24	2000	30.6	8.3	240	0	65.8	2	
09	25	2000	33.3	11.1	238	0	61.7	2	
09	26	2000	27.2	11.1	212	0	76.5	2	
09	27	2000	23.3	10.6	197	0	82.35	3	
09	28	2000	21.7	9.4	229	0	79.9	4	
09	29	2000	29.4	7.2	216	0	71.15	2	
09	30	2000	33.3	9.4	225	0	65.95	2	
10	01	2000	28.3	10.6	203	0	75.75	2	
10	02	2000	24.4	10	183	0	79.6	2	
10	03	2000	24.4	8.9	193	0	74.9	2	
10	04	2000	23.3	10.6	192	0	77.5	2	
10	05	2000	24.4	10.6	191	0	77.8	2	
10	06	2000	21.1	11.1	172	0	87.4	2	
10	07	2000	18.3	9.4	83	0	90.35	2	
10	08	2000	26.1	8.9	178	0	75.4	2	
10	09	2000	23.3	11.1	160	1.777	75.95	2	
10	10	2000	15	8.9	84	9.645	95.2	1	
10	11	2000	16.7	10	119	0.254	86.9	1	
10	12	2000	20	7.8	172	0	77.6	2	
10	13	2000	22.2	4.4	201	0	75.1	2	
10	14	2000	24.4	5.6	201	0	74.15	2	
10	15	2000	25	8.3	179	0.254	73.8	2	
10	16	2000	28.9	6.1	199	0	65.8	1	
10	17	2000	29.4	7.2	191	0	67.95	2	
10	18	2000	25	8.9	173	0	77	2	
10	19	2000	25.6	9.4	176	0.254	73.5	2	
10	20	2000	23.9	6.7	177	0	77.4	4	
10	21	2000	20.6	7.8	189	0	73.7	4	
10	22	2000	25	6.1	191	0	47.45	2	
10	23	2000	27.2	3.9	185	0	50.1	2	
10	24	2000	28.3	5	154	0	-1	2	
10	25	2000	25.6	7.8	149	0	-1	3	
10	26	2000	18.3	10.6	148	10.91	-1	3	
10	27	2000	18.9	11.1	150	4.315	-1	2	
10	28	2000	18.9	7.2	142	0	-1	4	
10	29	2000	16.1	6.7	122	7.614	86.75	2	
10	30	2000	16.1	3.9	127	0.254	87.35	1	
10	31	2000	18.3	5	162	0	100	2	
11	01	2000	18.3	4.4	137	0.254	79.95	2	
11	02	2000	20.6	6.1	149	0	76.1	1	
11	03	2000	23.3	5	163	0	71.1	1	
11	04	2000	22.2	4.4	164	0	71.3	2	
11	05	2000	17.2	7.8	100	0	89.35	2	
11	06	2000	18.3	5.6	163	0	80.35	3	
11	07	2000	20.6	2.2	165	0	66.75	1	
11	08	2000	18.9	2.2	157	0	73.75	3	
11	09	2000	14.4	2.8	147	0	78.9	2	
11	10	2000	14.4	-0.6	132	0	78.25	2	
11	11	2000	14.4	-2.2	151	0	73.3	2	
11	12	2000	15.6	-2.2	158	0	66.45	1	
11	13	2000	14.4	-3.3	154	0	72.85	2	
11	14	2000	13.9	-0.6	152	0	72.9	2	
11	15	2000	14.4	-1.1	145	0	76.3	2	
11	16	2000	14.4	1.7	112	0	78.45	1	
11	17	2000	18.9	-2.2	149	0	65.05	1	
11	18	2000	18.9	-2.2	148	0	64	1	
11	19	2000	21.7	-1.1	148	0	67.35	1	
11	20	2000	19.4	-2.8	127	0	69.7	2	
11	21	2000	17.2	3.3	100	0	83.05	2	
11	22	2000	16.1	2.2	117	0	80.3	2	
11	23	2000	16.1	2.8	105	0.254	79.7	2	
11	24	2000	18.9	1.7	131	0	81.2	1	
11	25	2000	18.9	1.1	114	0	73.7	1	
11	26	2000	17.8	0.6	117	0.254	74.95	2	
11	27	2000	21.1	1.1	130	0	72.4	2	
11	28	2000	22.8	2.8	132	0	73.4	2	
11	29	2000	16.7	5	54	0.254	89.1	2	
11	30	2000	18.3	4.4	116	0	77.4	1	
12	01	2000	17.8	2.8	84	0	79.4	1	
12	02	2000	20.6	0.6	131	0	74.6	1	
12	03	2000	23.3	1.7	131	0	63.8	2	
12	04	2000	19.4	1.1	82	0	70.05	1	
12	05	2000	24.4	6.7	114	0	55.7	2	
12	06	2000	16.1	6.7	25	0.761	73.2	2	
12	07	2000	20.6	10	106	0.254	85.85	2	
12	08	2000	18.3	7.2	93	0	89.1	1	
12	09	2000	13.3	8.9	29	0	97.15	1	
12	10	2000	17.2	4.4	108	0	83.6	2	
12	11	2000	13.3	3.9	61	0.508	91.25	1	
12	12	2000	13.9	2.8	108	0	83.8	2	
12	13	2000	15.6	0	108	0.254	80.15	2	
12	14	2000	17.2	4.4	105	0	83.9	2	
12	15	2000	18.3	5.6	99	0	82.05	3	
12	16	2000	20	1.7	126	0	71.35	1	
12	17	2000	21.1	1.1	128	0	69.8	2	
12	18	2000	22.2	-1.1	125	0	63.2	2	
12	19	2000	23.9	1.7	127	0	49.1	2	
12	20	2000	21.1	0	108	0	51.65	2	
12	21	2000	17.8	-1.7	123	0	74.05	2	
12	22	2000	16.7	2.8	94	0.254	79	2	
12	23	2000	15.6	0	104	0	80.85	2	
12	24	2000	16.7	0.6	114	0	81.75	2	
12	25	2000	18.9	-1.1	124	0	64.35	1	
12	26	2000	23.9	-0.6	130	0	54.3	2	
12	27	2000	21.1	-2.2	111	0	53	1	
12	28	2000	23.3	-2.2	130	0	51.15	1	
12	29	2000	22.8	-1.1	130	0	51.85	2	
12	30	2000	22.2	-2.2	130	0	58.6	1	
12	31	2000	20	-0.6	118	0	66.8	2	
01	01	2001	23.3	-1.7	127	0	56.65	2	
01	02	2001	25.6	-1.7	134	0	50.85	2	
01	03	2001	25.6	-1.1	136	0.254	41.25	1	
01	04	2001	23.9	-0.6	136	0	46.45	2	
01	05	2001	23.3	-1.7	127	0	49.55	2	
01	06	2001	23.3	-2.2	127	0	58.35	1	
01	07	2001	18.9	2.2	67	0	65.65	2	
01	08	2001	13.3	7.8	70	9.137	88.75	3	
01	09	2001	11.7	3.9	63	0	89.55	2	
01	10	2001	12.2	3.3	18	31.98	96.2	4	
01	11	2001	12.2	5.6	62	15.48	86.75	4	
01	12	2001	13.9	3.9	118	5.33	87.95	2	
01	13	2001	12.8	3.3	117	0	86.1	2	
01	14	2001	13.3	1.1	134	0	84.4	2	
01	15	2001	11.7	0	145	0	74.35	2	
01	16	2001	11.1	-2.2	146	0	66.9	2	
01	17	2001	13.9	-3.9	148	0	68.4	1	
01	18	2001	14.4	-3.9	143	0	67.55	1	
01	19	2001	13.9	2.2	87	0	77.8	2	
01	20	2001	20	-1.1	145	0	68.05	2	
01	21	2001	18.3	1.7	105	0	70.5	2	
01	22	2001	19.4	1.7	149	0	67.1	2	
01	23	2001	15	2.2	71	3.3	89.05	4	
01	24	2001	11.1	1.7	94	5.584	85.05	2	
01	25	2001	13.3	0.6	112	10.66	81.8	3	
01	26	2001	11.1	2.2	114	0	88.45	2	
01	27	2001	12.8	1.1	156	0	78.6	2	
01	28	2001	15	-1.1	155	0	77.9	1	
01	29	2001	13.3	1.1	144	0	80.65	3	
01	30	2001	14.4	0	152	0	67.85	1	
01	31	2001	16.7	-1.7	164	0	69.4	1	
02	01	2001	20	0	162	0	66.4	2	
02	02	2001	18.9	0.6	157	0	67.75	2	
02	03	2001	23.3	2.8	164	0	69.6	2	
02	04	2001	25.6	5	167	0	68.8	1	
02	05	2001	23.3	5	172	0	75.05	2	
02	06	2001	12.2	3.9	171	0	75.95	4	
02	07	2001	11.7	-1.1	174	0	67.45	4	
02	08	2001	15.6	-1.7	179	0	56.75	2	
02	09	2001	10	2.2	50	9.899	94.9	3	
02	10	2001	11.7	3.3	150	1.523	83.05	3	
02	11	2001	11.7	1.7	110	13.95	79.35	3	
02	12	2001	12.2	1.1	118	4.061	81.45	3	
02	13	2001	12.2	4.4	100	2.031	83.05	3	
02	14	2001	13.9	1.1	180	0	80.6	2	
02	15	2001	15	1.1	152	0	78.65	2	
02	16	2001	15.6	1.1	189	0	70.8	3	
02	17	2001	16.1	5	112	0	73.3	3	
02	18	2001	15	7.8	99	0	88.2	3	
02	19	2001	13.9	7.8	124	21.06	88.25	3	
02	20	2001	13.3	5.6	88	0.254	89.25	2	
02	21	2001	15.6	6.1	127	0	91	3	
02	22	2001	12.8	4.4	108	1.015	84.6	2	
02	23	2001	12.2	3.3	181	1.523	84.55	4	
02	24	2001	15	5	114	9.391	84.3	4	
02	25	2001	13.9	5.6	106	0.254	84.45	2	
02	26	2001	15.6	6.1	123	6.091	85.85	1	
02	27	2001	18.9	3.3	191	0	76.2	2	
02	28	2001	15	1.1	157	0	78.55	2	
03	01	2001	16.7	1.1	187	0	75.3	2	
03	02	2001	14.4	2.2	103	1.523	91.75	2	
03	03	2001	14.4	0.6	115	2.792	83.75	2	
03	04	2001	14.4	9.4	50	27.41	91.6	5	
03	05	2001	14.4	9.4	77	19.79	97.8	2	
03	06	2001	17.2	8.9	152	8.883	88.9	3	
03	07	2001	18.3	5.6	214	0	84.95	2	
03	08	2001	15.6	8.3	163	0	91.3	3	
03	09	2001	12.8	3.9	149	0	85.95	3	
03	10	2001	16.1	2.2	238	0	77.1	2	
03	11	2001	16.1	3.9	172	0	84.75	2	
03	12	2001	20.6	5.6	204	0	71.65	2	
03	13	2001	20.6	3.3	245	0	72.3	2	
03	14	2001	20.6	5.6	206	0	79.4	2	
03	15	2001	15.6	5	142	0	90.15	3	
03	16	2001	17.8	6.1	242	0	81	5	
03	17	2001	21.7	4.4	232	0	74.5	2	
03	18	2001	26.7	7.8	235	0	75.15	2	
03	19	2001	28.3	7.2	244	0	72.15	2	
03	20	2001	28.3	8.9	219	0	64.7	2	
03	21	2001	20	10	195	0	86	2	
03	22	2001	19.4	8.3	224	0	85.75	2	
03	23	2001	19.4	7.8	179	0	89.3	2	
03	24	2001	23.3	10.6	230	0	81.4	2	
03	25	2001	20	10	263	0	74.1	4	
03	26	2001	21.1	5	267	0	74.2	4	
03	27	2001	24.4	3.9	256	0	66.15	4	
03	28	2001	22.2	8.9	265	0	83.4	4	
03	29	2001	22.8	7.2	258	0	78.35	4	
03	30	2001	27.8	5	265	0	68.2	2	
03	31	2001	27.8	6.7	267	0	69.25	3	
04	01	2001	18.3	7.2	232	0	85.85	4	
04	02	2001	16.7	4.4	281	0	69.05	4	
04	03	2001	15	1.7	291	0	63.6	4	
04	04	2001	17.2	0	229	0	68.3	2	
04	05	2001	17.8	3.9	261	0	74.2	3	
04	06	2001	15	5	121	0.508	83.1	3	
04	07	2001	13.9	2.8	216	2.792	74.9	3	
04	08	2001	12.8	0.6	216	2.792	79.5	2	
04	09	2001	12.2	2.8	158	5.33	87.35	2	
04	10	2001	17.8	1.7	294	0	71	4	
04	11	2001	15	5.6	137	0.761	87.2	3	
04	12	2001	20	2.2	287	0	70.85	3	
04	13	2001	16.1	2.2	239	0	81.9	4	
04	14	2001	18.9	1.1	285	0	71.8	2	
04	15	2001	23.9	2.2	289	0	71.3	2	
04	16	2001	20.6	2.2	300	0	76.45	3	
04	17	2001	25.6	3.3	287	0	71.3	3	
04	18	2001	23.9	5.6	280	0	76.55	2	
04	19	2001	15	5	110	3.3	90.65	3	
04	20	2001	13.9	3.9	164	4.569	93.4	3	
04	21	2001	17.2	3.3	309	0.254	81.2	4	
04	22	2001	19.4	3.9	269	0	83.9	2	
04	23	2001	24.4	5	284	0	71.6	2	
04	24	2001	31.1	6.1	314	0	66.3	1	
04	25	2001	33.9	10.6	307	0	66.4	2	
04	26	2001	25.6	8.9	281	0	73.5	3	
04	27	2001	23.3	7.8	251	0	73.1	3	
04	28	2001	20.6	7.8	295	0	74.4	5	
04	29	2001	24.4	2.8	317	0	67.9	3	
04	30	2001	27.8	5.6	315	0	70	3	
05	01	2001	26.1	7.8	308	0	68.25	4	
05	02	2001	25	6.7	328	0	60.9	4	
05	03	2001	27.2	8.3	334	0	43.95	3	
05	04	2001	29.4	5	327	0	52.65	3	
05	05	2001	28.3	5.6	323	0	64.25	3	
05	06	2001	33.3	6.1	330	0	54.7	2	
05	07	2001	36.1	8.9	326	0	53.6	2	
05	08	2001	37.2	10	325	0	55.55	2	
05	09	2001	32.2	8.9	328	0	65.95	3	
05	10	2001	35.6	7.2	323	0	58.6	2	
05	11	2001	33.9	6.7	320	0	62.15	3	
05	12	2001	20.6	11.1	231	0	87.45	3	
05	13	2001	22.2	8.3	262	0	79.85	3	
05	14	2001	26.7	8.9	305	0	65.8	3	
05	15	2001	28.9	8.3	292	0	73.9	4	
05	16	2001	27.8	10	322	0	70.05	4	
05	17	2001	28.3	5.6	324	0	71.6	2	
05	18	2001	26.7	6.7	322	0	72.95	3	
05	19	2001	28.3	8.3	313	0	73.25	2	
05	20	2001	32.2	10.6	317	0	67.9	2	
05	21	2001	31.7	9.4	329	0	70.9	3	
05	22	2001	31.7	10.6	324	0	66.75	3	
05	23	2001	33.9	10	327	0	64.3	3	
05	24	2001	33.9	8.9	330	0	63	3	
05	25	2001	32.2	9.4	340	0	61.75	3	
05	26	2001	25.6	8.9	309	0	74	3	
05	27	2001	23.9	7.8	261	0	75.4	3	
05	28	2001	22.8	6.1	340	0	75.65	4	
05	29	2001	31.1	5	328	0	70.3	2	
05	30	2001	38.9	9.4	342	0	57.85	2	
05	31	2001	38.9	13.3	337	0	55.25	2	
06	01	2001	25.6	8.9	331	0	80.9	3	
06	02	2001	23.9	8.9	337	0	75.45	4	
06	03	2001	25.6	4.4	346	0	70.6	4	
06	04	2001	28.9	4.4	340	0	66.05	3	
06	05	2001	29.4	6.1	339	0	65	4	
06	06	2001	32.8	10	344	0	58.95	4	
06	07	2001	35.6	10	347	0	56.95	3	
06	08	2001	31.7	10.6	347	0	64	4	
06	09	2001	26.7	7.2	337	0	71.7	3	
06	10	2001	24.4	7.8	345	0	74.3	4	
06	11	2001	23.9	7.8	327	0	74.8	4	
06	12	2001	26.7	9.4	350	0	75.6	5	
06	13	2001	31.1	5.6	356	0	60.65	3	
06	14	2001	36.1	7.2	353	0	50.25	2	
06	15	2001	35.6	8.9	354	0	59.65	2	
06	16	2001	38.3	7.8	353	0	59.55	2	
06	17	2001	33.3	7.8	356	0	63.05	2	
06	18	2001	37.8	7.8	357	0	56.25	2	
06	19	2001	37.8	10.6	347	0	55.75	3	
06	20	2001	38.3	8.3	344	0	57.5	2	
06	21	2001	36.7	10.6	339	0	62.4	2	
06	22	2001	36.7	10.6	333	0	64.05	2	
06	23	2001	26.1	8.9	327	0	72.85	3	
06	24	2001	27.2	7.2	336	0	66.15	3	
06	25	2001	26.1	7.8	331	0	69.8	4	
06	26	2001	27.8	11.7	324	0	70.7	2	
06	27	2001	28.9	10	345	0	68.45	3	
06	28	2001	28.9	12.8	313	0	76.65	3	
06	29	2001	31.1	10	335	0	71.2	2	
06	30	2001	30.6	10.6	342	0	67.2	3	
07	01	2001	33.3	8.9	335	0	63.35	2	
07	02	2001	37.8	11.7	322	0	59.85	2	
07	03	2001	37.2	16.7	325	0	59.8	2	
07	04	2001	27.8	15.6	122	0	75.8	2	
07	05	2001	30.6	13.3	291	0	75.7	2	
07	06	2001	26.1	12.8	109	0	81.35	2	
07	07	2001	31.7	12.2	327	0	77.15	2	
07	08	2001	27.8	11.7	316	0	77.8	3	
07	09	2001	25	12.2	290	0	80.6	3	
07	10	2001	25	11.1	301	0	81.05	3	
07	11	2001	25	9.4	283	0	77.4	3	
07	12	2001	26.7	8.9	302	0	78.35	3	
07	13	2001	27.2	10	319	0	75.75	3	
07	14	2001	22.8	10.6	299	0	82.5	3	
07	15	2001	22.8	11.7	265	0	81.9	3	
07	16	2001	22.2	11.1	302	0	79.25	4	
07	17	2001	25.6	8.9	328	0	74.9	2	
07	18	2001	27.8	10.6	299	0	71.45	2	
07	19	2001	26.1	10.6	288	0	76.95	3	
07	20	2001	25	9.4	299	0	77.25	3	
07	21	2001	23.9	7.8	334	0	80.3	3	
07	22	2001	28.3	7.8	318	0	71.8	3	
07	23	2001	28.3	11.1	302	0	71.4	2	
07	24	2001	26.1	12.8	304	0	78.85	2	
07	25	2001	28.3	12.8	285	0	78.75	2	
07	26	2001	29.4	12.8	301	0	74.8	2	
07	27	2001	28.3	12.2	306	0	75	3	
07	28	2001	28.9	9.4	308	0	74.05	2	
07	29	2001	27.2	9.4	286	0	73.4	3	
07	30	2001	26.1	8.3	302	0	82.05	3	
07	31	2001	30	11.1	313	0	75.55	4	
08	01	2001	27.2	10	330	0	76.15	3	
08	02	2001	28.9	10	339	0	70.95	3	
08	03	2001	27.2	9.4	325	0	76.4	3	
08	04	2001	27.2	12.8	317	0	79.4	3	
08	05	2001	31.1	11.1	356	0	73.25	3	
08	06	2001	31.7	11.1	351	0	71.15	3	
08	07	2001	33.9	12.2	331	0	69.7	2	
08	08	2001	29.4	12.2	334	0	75.65	2	
08	09	2001	25.6	13.3	303	0	82.3	2	
08	10	2001	27.2	11.1	288	0	77.4	3	
08	11	2001	30.6	9.4	336	0	71.1	2	
08	12	2001	25.6	10	306	0	77.85	3	
08	13	2001	26.1	8.3	306	0	76.25	2	
08	14	2001	31.1	8.3	319	0	68.4	2	
08	15	2001	28.9	10.6	301	0	72.45	2	
08	16	2001	29.4	10	313	0	73.8	2	
08	17	2001	31.7	7.8	329	0	70.7	2	
08	18	2001	30.6	10	305	0	69	2	
08	19	2001	28.3	8.3	317	0	72.55	2	
08	20	2001	23.3	11.1	280	0	80.2	3	
08	21	2001	23.9	9.4	307	0	78.2	3	
08	22	2001	27.2	8.9	298	0	76	4	
08	23	2001	28.9	9.4	312	0	71	3	
08	24	2001	27.8	11.1	297	0	76.3	3	
08	25	2001	30	8.9	307	0	69.45	2	
08	26	2001	31.7	9.4	300	0	66.25	2	
08	27	2001	34.4	8.9	300	0	66.35	2	
08	28	2001	35	8.3	299	0	64.55	2	
08	29	2001	25	12.2	257	0	80.1	2	
08	30	2001	26.1	11.1	221	0	78.6	2	
08	31	2001	32.8	10	283	0	69.25	2	
09	01	2001	30.6	11.7	272	0	72.25	2	
09	02	2001	31.7	11.1	278	0	68.65	2	
09	03	2001	32.8	12.2	267	0	59.4	2	
09	04	2001	31.7	11.1	276	0	64.45	3	
09	05	2001	27.8	8.3	260	0	71.65	3	
09	06	2001	31.1	5.6	275	0	62.05	2	
09	07	2001	27.8	7.8	279	0	67.3	2	
09	08	2001	26.1	11.1	246	0	75.35	2	
09	09	2001	27.2	10	245	0	75.8	2	
09	10	2001	27.8	8.3	273	0	73.2	2	
09	11	2001	27.8	11.1	251	0	72.7	2	
09	12	2001	26.1	9.4	269	0	78.05	3	
09	13	2001	27.8	11.7	231	0	74.6	2	
09	14	2001	32.2	9.4	262	0	69.1	2	
09	15	2001	26.7	10.6	242	0	77.15	2	
09	16	2001	24.4	11.7	201	0	82.55	2	
09	17	2001	24.4	11.7	221	0	81.65	2	
09	18	2001	25	11.1	240	0	79.1	2	
09	19	2001	29.4	8.9	231	0	75.55	3	
09	20	2001	26.7	11.7	250	0	76.6	2	
09	21	2001	27.2	9.4	243	0	70.1	2	
09	22	2001	32.8	7.2	230	0	68.15	2	
09	23	2001	27.8	10.6	219	0	72.3	2	

