CAMYAAJ1	NSALINAS.A	MONTEREY							
121.6833333	36.71666667								
MO	DA	YEAR	TMAX	TMIN	SOL	PRCP	RH	WIND	
1	1	1995	15.6	6.1	74	2.538	86.25	4	
1	2	1995	14.4	5	39	1.015	73.65	5	
1	3	1995	15.6	9.4	54	3.807	85.8	4	
1	4	1995	13.3	10	23	22.08	91.9	7	
1	5	1995	13.3	8.9	84	2.284	85.8	4	
1	6	1995	13.9	8.9	23	5.33	78.9	6	
1	7	1995	15	10	59	1.777	88.7	6	
1	8	1995	16.7	12.2	24	0	82.6	6	
1	9	1995	17.8	14.4	27	30.71	90.05	6	
1	10	1995	17.8	8.3	43	17.76	88.8	4	
1	11	1995	15.6	6.7	75	0.254	87.25	4	
1	12	1995	16.1	11.7	44	1.777	93.25	4	
1	13	1995	17.8	13.3	51	1.269	89.8	4	
1	14	1995	16.7	9.4	58	8.883	90.25	3	
1	15	1995	11.7	7.2	50	21.82	90.55	2	
1	16	1995	11.7	3.3	80	2.538	90.35	2	
1	17	1995	13.3	1.1	105	0	80.1	2	
1	18	1995	15.6	3.3	120	0	75	2	
1	19	1995	15.6	3.3	110	0	74.25	3	
1	20	1995	12.2	6.7	38	7.614	78.95	5	
1	21	1995	12.8	6.7	52	0	86.55	4	
1	22	1995	13.3	10.6	36	3.046	81.15	8	
1	23	1995	13.3	10.6	47	5.076	90.1	5	
1	24	1995	16.1	10	96	22.58	88.25	4	
1	25	1995	14.4	8.9	104	2.792	89.85	2	
1	26	1995	13.9	7.8	57	0	90.65	3	
1	27	1995	13.9	10	24	14.46	91.7	3	
1	28	1995	16.1	10.6	88	0	94.2	2	
1	29	1995	15.6	9.4	66	0	93.9	2	
1	30	1995	20.6	10.6	71	0.254	87.2	1	
1	31	1995	22.2	10.6	122	0	85.45	2	
2	1	1995	24.4	10	122	0.254	82.85	2	
2	2	1995	23.3	13.3	127	0	78.9	3	
2	3	1995	25.6	11.1	130	0	75.3	3	
2	4	1995	15.6	10	90	0.254	92.55	1	
2	5	1995	12.8	10	33	0	95.6	1	
2	6	1995	14.4	8.3	74	0	89.5	2	
2	7	1995	16.1	8.9	71	0.508	83.8	3	
2	8	1995	15.6	7.8	80	5.33	89.7	2	
2	9	1995	16.7	5.6	136	0	85.95	1	
2	10	1995	13.9	6.1	95	0.254	93.6	2	
2	11	1995	11.7	9.4	24	0	92.8	2	
2	12	1995	14.4	7.8	66	0	80.4	1	
2	13	1995	15	8.3	28	10.91	88.65	2	
2	14	1995	13.9	2.8	157	0	75.55	2	
2	15	1995	15.6	1.1	159	0	70.35	2	
2	16	1995	16.7	3.9	111	0	79.1	2	
2	17	1995	18.3	1.7	152	0	78.15	1	
2	18	1995	22.2	4.4	154	0	79.3	2	
2	19	1995	23.3	7.8	156	0	75.75	3	
2	20	1995	28.9	8.9	165	0	65.15	2	
2	21	1995	26.7	10.6	155	0	73.3	3	
2	22	1995	13.9	11.1	54	0	94.35	1	
2	23	1995	13.9	11.7	41	0	93.55	1	
2	24	1995	15	11.1	48	0	94.4	2	
2	25	1995	14.4	11.1	62	0	90.3	1	
2	26	1995	15	11.1	45	0	91.5	1	
2	27	1995	16.1	11.1	74	0	88.4	1	
2	28	1995	15.6	11.7	94	0.254	90.55	1	
3	1	1995	18.3	10	125	0	84.5	2	
3	2	1995	18.3	10.6	103	6.599	88.95	4	
3	3	1995	13.9	5.6	92	2.538	88.4	2	
3	4	1995	16.1	5.6	66	9.137	91	2	
3	5	1995	14.4	7.2	53	0.254	93.35	2	
3	6	1995	17.2	3.3	213	0.254	81	2	
3	7	1995	17.8	5.6	165	0	78.65	3	
3	8	1995	16.7	10.6	56	2.792	84.5	6	
3	9	1995	16.1	13.3	15	17	89.5	8	
3	10	1995	16.1	11.7	17	47.2	92.45	6	
3	11	1995	17.8	10.6	148	14.46	86.55	4	
3	12	1995	15.6	8.9	195	1.523	85.2	2	
3	13	1995	17.8	10.6	113	0	80.2	3	
3	14	1995	18.9	9.4	134	0	90.45	2	
3	15	1995	19.4	10	235	0	82.3	3	
3	16	1995	17.2	6.7	234	0	84.65	2	
3	17	1995	16.7	8.3	189	0	89	2	
3	18	1995	16.7	9.4	79	0.761	89.4	2	
3	19	1995	16.1	9.4	180	0	89.1	2	
3	20	1995	17.2	9.4	48	7.107	87.05	3	
3	21	1995	13.9	6.7	168	7.36	80.85	3	
3	22	1995	16.1	6.7	118	19.03	84.15	6	
3	23	1995	13.3	5	157	6.599	84.15	3	
3	24	1995	13.9	3.9	249	0.761	79.85	3	
3	25	1995	15	2.8	255	0	74.5	2	
3	26	1995	17.8	3.3	256	0	68.45	2	
3	27	1995	20	2.8	259	0	67.65	2	
3	28	1995	21.1	5.6	261	0	66.55	2	
3	29	1995	21.7	5.6	262	0	65.65	2	
3	30	1995	22.2	7.2	247	0	63.6	2	
3	31	1995	20.6	6.1	241	0	68.15	2	
4	1	1995	16.7	8.3	213	0	80.75	3	
4	2	1995	20.6	5.6	272	0	75	2	
4	3	1995	23.9	7.8	272	0	70.05	2	
4	4	1995	17.8	6.7	255	0.254	87.3	2	
4	5	1995	18.9	7.8	207	0.254	83.9	2	
4	6	1995	16.1	12.8	125	0.761	89.4	2	
4	7	1995	18.9	10.6	112	0	82	3	
4	8	1995	15.6	5.6	243	0	78.75	3	
4	9	1995	16.7	3.9	267	0.508	65.6	3	
4	10	1995	18.3	4.4	265	0	72.1	3	
4	11	1995	18.3	6.7	257	0	84.3	2	
4	12	1995	23.9	9.4	168	0	82.5	2	
4	13	1995	14.4	6.7	231	7.868	86.1	4	
4	14	1995	14.4	4.4	267	0	81.2	3	
4	15	1995	12.8	3.9	154	10.91	82.85	2	
4	16	1995	13.9	3.9	220	0	85.3	3	
4	17	1995	13.3	8.9	126	1.523	83.75	3	
4	18	1995	13.9	5.6	190	0	82.1	4	
4	19	1995	14.4	3.9	263	0	80.15	3	
4	20	1995	13.9	5	262	1.015	79.25	5	
4	21	1995	16.7	3.3	291	0	73.4	2	
4	22	1995	22.8	5.6	293	0	62.5	3	
4	23	1995	25	6.7	287	0	69.85	3	
4	24	1995	19.4	7.8	290	0	84.95	3	
4	25	1995	14.4	8.3	264	0	87	3	
4	26	1995	16.7	8.3	254	0	84.55	2	
4	27	1995	17.8	8.9	98	5.076	92	4	
4	28	1995	20	11.1	144	5.584	81.9	2	
4	29	1995	18.3	13.3	56	12.69	93.2	4	
4	30	1995	18.3	13.9	83	1.269	96.65	3	
5	1	1995	22.2	12.8	245	0	91.05	4	
5	2	1995	17.2	10.6	298	0.508	88.35	3	
5	3	1995	17.2	7.8	276	0	86.5	3	
5	4	1995	15	10.6	201	0	85.75	5	
5	5	1995	15	9.4	247	0.761	80.2	6	
5	6	1995	15	6.7	226	0	88.2	3	
5	7	1995	15	9.4	132	0	84.65	3	
5	8	1995	17.2	9.4	280	0	76.45	3	
5	9	1995	17.8	7.8	149	0.761	83.2	2	
5	10	1995	18.3	11.7	278	0	83.9	3	
5	11	1995	17.8	8.3	273	0	79.65	3	
5	12	1995	16.1	6.7	235	2.538	78.7	3	
5	13	1995	15	8.3	183	2.538	83.7	4	
5	14	1995	17.8	7.2	154	0	81.7	3	
5	15	1995	18.9	8.3	147	0.508	80.75	2	
5	16	1995	17.8	8.3	290	0	83.4	3	
5	17	1995	17.2	11.7	230	0	83.1	3	
5	18	1995	17.2	10.6	200	0	87.5	3	
5	19	1995	16.1	10.6	202	0	89.9	2	
5	20	1995	16.1	10	185	0	84.25	3	
5	21	1995	15.6	12.2	118	0	79.7	4	
5	22	1995	14.4	11.7	80	0	85.65	4	
5	23	1995	13.9	11.7	66	0	89.8	3	
5	24	1995	13.9	11.1	77	0	88.6	4	
5	25	1995	16.1	11.1	68	0	87.05	3	
5	26	1995	15	9.4	58	0	88.55	3	
5	27	1995	16.7	9.4	250	0	84.9	3	
5	28	1995	17.8	10	290	0	86.85	3	
5	29	1995	18.3	10.6	154	0	90.1	3	
5	30	1995	18.3	10	144	0	88.7	3	
5	31	1995	22.8	8.3	136	0	82.25	3	
6	1	1995	15.6	10.6	103	0	92.7	4	
6	2	1995	17.8	11.7	196	0	84.9	5	
6	3	1995	15.6	10	139	0	88.35	4	
6	4	1995	18.9	9.4	293	0	83.4	4	
6	5	1995	18.9	8.9	311	0	75.9	6	
6	6	1995	18.9	6.7	313	0	72.25	5	
6	7	1995	18.3	8.9	295	0	78.2	4	
6	8	1995	15.6	8.9	173	0	87.55	3	
6	9	1995	17.2	10	265	0	81.4	3	
6	10	1995	19.4	10	305	0	81.05	3	
6	11	1995	21.1	8.3	304	0	76.15	4	
6	12	1995	20	6.1	314	0	72.1	3	
6	13	1995	19.4	7.2	312	0	78.7	3	
6	14	1995	18.3	10.6	151	1.015	83.3	2	
6	15	1995	17.2	11.7	232	4.569	87.45	5	
6	16	1995	16.7	10.6	227	7.868	87.55	4	
6	17	1995	17.2	10.6	166	0	87.1	3	
6	18	1995	18.9	9.4	246	0	78	4	
6	19	1995	19.4	6.7	314	0	78.85	4	
6	20	1995	21.7	7.8	311	0	75.75	3	
6	21	1995	21.7	9.4	277	0	80.35	3	
6	22	1995	20	10.6	260	0	86.4	3	
6	23	1995	24.4	9.4	280	0	81.2	2	
6	24	1995	29.4	12.2	254	0	74.8	2	
6	25	1995	29.4	12.2	269	0	73.45	3	
6	26	1995	19.4	11.7	215	0	91.3	4	
6	27	1995	17.2	12.8	134	0.254	94.65	3	
6	28	1995	17.8	12.2	196	0.508	92.45	3	
6	29	1995	17.8	12.8	216	0	87.3	3	
6	30	1995	18.9	13.9	221	0	83.1	3	
7	1	1995	19.4	12.2	211	0	84.2	3	
7	2	1995	18.3	10.6	201	0	87.85	3	
7	3	1995	18.3	13.9	116	0	90.65	3	
7	4	1995	18.9	13.3	181	0	91.05	3	
7	5	1995	18.9	12.2	201	0	91.85	3	
7	6	1995	20	11.7	276	0	86.3	3	
7	7	1995	21.1	11.7	271	0	84.05	3	
7	8	1995	22.2	12.8	257	0	83.65	3	
7	9	1995	20.6	13.3	255	0	82.65	3	
7	10	1995	20.6	11.1	281	0	81.15	3	
7	11	1995	20	10	272	0	85.6	4	
7	12	1995	21.1	11.7	275	0	85.45	4	
7	13	1995	21.7	10	277	0	81	3	
7	14	1995	31.1	10.6	276	0	67.65	2	
7	15	1995	23.3	12.2	263	0.254	83.05	3	
7	16	1995	18.3	12.2	194	0	93.15	3	
7	17	1995	21.1	13.9	181	0.254	89.3	2	
7	18	1995	19.4	13.3	222	0	93.5	3	
7	19	1995	18.3	15	110	0	91.65	3	
7	20	1995	19.4	14.4	169	0	89.85	2	
7	21	1995	20	13.9	167	0	86.95	3	
7	22	1995	21.1	13.3	276	0	85.35	3	
7	23	1995	21.1	10.6	259	0	85.3	3	
7	24	1995	21.1	12.2	225	0	85.6	3	
7	25	1995	20.6	12.8	262	0	86.95	3	
7	26	1995	24.4	10.6	275	0	88.45	3	
7	27	1995	19.4	12.2	285	0	92	3	
7	28	1995	22.2	13.9	284	2.031	60	3	
7	29	1995	21.1	12.8	321	0	63.1	3	
7	30	1995	25.6	10.6	322	0	77.95	2	
7	31	1995	24.4	11.7	308	0	81.3	3	
8	1	1995	19.4	13.3	273	0	91.8	3	
8	2	1995	18.3	13.3	208	0	92.5	3	
8	3	1995	17.8	13.3	143	0	92.85	3	
8	4	1995	18.9	13.3	142	1.269	92.9	2	
8	5	1995	20	13.9	226	0.508	90.35	2	
8	6	1995	18.9	13.3	222	0	92.6	2	
8	7	1995	20.6	12.2	260	0	87.7	3	
8	8	1995	31.7	10	308	0	63.95	3	
8	9	1995	17.2	11.7	224	0	94.1	3	
8	10	1995	20	12.8	265	0	84.85	3	
8	11	1995	17.8	10	275	0	90.8	3	
8	12	1995	21.1	11.7	281	0	89.3	2	
8	13	1995	23.3	11.1	289	0.254	84.1	2	
8	14	1995	21.1	11.1	288	0	86.95	3	
8	15	1995	17.8	13.3	183	0	92.85	3	
8	16	1995	18.9	13.3	247	0	85.65	3	
8	17	1995	18.9	10	291	0	85.25	3	
8	18	1995	23.3	7.2	296	0	78.75	2	
8	19	1995	28.3	10	285	0	70.3	3	
8	20	1995	18.9	12.8	186	0	91.5	3	
8	21	1995	19.4	13.9	192	0	91.4	2	
8	22	1995	18.9	13.3	206	0	92.2	3	
8	23	1995	18.9	12.8	187	0	92.8	2	
8	24	1995	18.3	13.3	235	0	89	3	
8	25	1995	18.3	11.1	219	0	88.65	3	
8	26	1995	18.3	12.2	257	0	87.5	2	
8	27	1995	19.4	8.9	243	0	87.7	2	
8	28	1995	22.8	8.3	279	0	76.45	2	
8	29	1995	22.2	9.4	273	0	83.5	2	
8	30	1995	18.9	10.6	261	0	87.15	3	
8	31	1995	17.2	11.7	192	0	91.2	3	
9	1	1995	18.9	11.7	199	0	89.3	2	
9	2	1995	21.1	10	238	0	85.25	3	
9	3	1995	20.6	8.3	243	0	83.55	2	
9	4	1995	22.8	8.9	177	0	77.15	2	
9	5	1995	27.8	7.8	148	0	73	2	
9	6	1995	31.1	11.7	133	0	65.55	2	
9	7	1995	25.6	8.9	115	0	76.4	2	
9	8	1995	18.3	13.9	97	0	91.65	3	
9	9	1995	18.9	14.4	112	0	86.95	2	
9	10	1995	19.4	14.4	163	0	85.4	2	
9	11	1995	18.9	13.9	185	0	92.1	2	
9	12	1995	18.9	13.9	161	0	94.45	2	
9	13	1995	17.8	12.8	135	0	92.5	2	
9	14	1995	18.9	13.3	186	0	91.7	2	
9	15	1995	19.4	12.8	151	0	91.3	2	
9	16	1995	19.4	11.7	153	0	86.15	2	
9	17	1995	20.6	9.4	209	0	87.95	2	
9	18	1995	24.4	11.1	197	0	83	2	
9	19	1995	27.2	11.7	193	0	79.2	3	
9	20	1995	17.2	12.8	134	0	94.65	2	
9	21	1995	17.2	12.8	117	0	93.5	2	
9	22	1995	17.8	12.8	131	0	90.55	2	
9	23	1995	19.4	12.8	141	0	88.45	2	
9	24	1995	21.1	11.1	160	0	86.9	2	
9	25	1995	20.6	10.6	160	0	88.15	3	
9	26	1995	19.4	10.6	181	0	88.85	2	
9	27	1995	21.7	7.8	188	0	85.35	2	
9	28	1995	20	10	167	0	85.75	3	
9	29	1995	21.1	9.4	185	0	84.85	2	
9	30	1995	23.9	7.8	184	0	78.4	2	
10	1	1995	24.4	8.3	185	0	83.35	2	
10	2	1995	32.2	11.1	185	0	61.7	2	
10	3	1995	23.9	12.2	181	0	73.45	2	
10	4	1995	30.6	11.1	185	0	56.7	3	
10	5	1995	27.8	9.4	181	0	62.45	2	
10	6	1995	17.2	6.7	164	0	78.6	3	
10	7	1995	16.7	9.4	151	0	88.05	2	
10	8	1995	16.7	9.4	151	0	91.8	2	
10	9	1995	18.3	8.9	158	0	89.05	2	
10	10	1995	27.2	8.3	172	0	68.95	2	
10	11	1995	18.3	12.2	146	0	92.85	2	
10	12	1995	23.9	9.4	163	0	69.75	2	
10	13	1995	32.2	7.8	191	0	56.7	2	
10	14	1995	17.8	8.9	164	0	79	3	
10	15	1995	20.6	13.3	155	0	87	2	
10	16	1995	19.4	9.4	179	0	86.2	2	
10	17	1995	20.6	7.8	179	0	88.9	2	
10	18	1995	26.1	8.9	152	0	81.1	3	
10	19	1995	17.8	10	115	0.508	94.25	2	
10	20	1995	16.7	11.7	92	0	95.15	2	
10	21	1995	16.1	5.6	81	0	91.6	2	
10	22	1995	23.3	3.9	205	0	60.8	2	
10	23	1995	25	7.8	199	0	54.45	2	
10	24	1995	20.6	6.1	191	0	62.35	2	
10	25	1995	18.3	5	194	0	82.55	2	
10	26	1995	22.8	5.6	186	0	77.65	2	
10	27	1995	26.1	8.3	181	0	77.85	2	
10	28	1995	16.1	10	85	0	95.8	2	
10	29	1995	13.9	9.4	46	0	95	1	
10	30	1995	15.6	11.7	57	0	94	1	
10	31	1995	16.1	12.8	61	2.538	90.5	2	
11	1	1995	17.2	11.1	79	0	91.1	1	
11	2	1995	16.7	9.4	133	0	90.25	1	
11	3	1995	17.8	8.9	114	0	89.15	2	
11	4	1995	22.2	8.3	165	0.254	79.7	3	
11	5	1995	17.2	7.2	144	0	86.7	2	
11	6	1995	18.3	7.8	150	0	83.95	2	
11	7	1995	26.1	7.8	161	0	69.75	2	
11	8	1995	21.7	10	157	0	76	3	
11	9	1995	19.4	8.9	125	0.254	89.65	2	
11	10	1995	19.4	6.7	158	0	82.95	2	
11	11	1995	25.6	7.2	155	0	67.05	2	
11	12	1995	22.8	6.1	152	0	71.7	2	
11	13	1995	25.6	7.2	153	0	70.85	2	
11	14	1995	16.1	7.2	104	0	95	2	
11	15	1995	17.8	10	104	0.254	92.75	2	
11	16	1995	21.7	7.8	116	0.254	87.25	2	
11	17	1995	19.4	10.6	110	0	90.95	2	
11	18	1995	19.4	8.9	112	0.254	90.65	2	
11	19	1995	17.8	10.6	87	0	93.8	2	
11	20	1995	19.4	7.2	112	0	83.05	3	
11	21	1995	17.2	7.8	69	0	85.3	2	
11	22	1995	21.7	6.7	127	0	84.1	2	
11	23	1995	25.6	7.2	134	0	68.55	2	
11	24	1995	24.4	8.9	114	0	69.95	2	
11	25	1995	21.1	8.3	129	0	76.85	2	
11	26	1995	16.7	6.7	130	0	79.4	2	
11	27	1995	18.3	2.2	127	0	67.7	1	
11	28	1995	23.3	5.6	131	0	66.65	2	
11	29	1995	25.6	8.3	133	0	71.9	2	
11	30	1995	19.4	4.4	131	0	80.35	2	
12	1	1995	17.2	5	95	0.508	88.6	1	
12	2	1995	15.6	3.9	103	0.508	83.6	2	
12	3	1995	16.1	3.3	108	0	82.6	1	
12	4	1995	20.6	10	83	0	88.25	2	
12	5	1995	20	11.1	100	0.254	92.45	2	
12	6	1995	19.4	7.8	114	0.254	89.3	2	
12	7	1995	16.7	10.6	84	0.254	96.75	1	
12	8	1995	16.7	7.2	92	0	93.85	2	
12	9	1995	20	7.2	123	0.254	77.6	2	
12	10	1995	15.6	8.3	67	0	86.9	3	
12	11	1995	15	11.7	13	20.3	92.75	6	
12	12	1995	17.8	10.6	21	7.868	87.1	5	
12	13	1995	15.6	10.6	31	7.614	92.85	3	
12	14	1995	17.8	5	118	0.254	78.6	1	
12	15	1995	15	6.7	67	5.838	91.6	4	
12	16	1995	13.3	3.3	124	0	84.75	2	
12	17	1995	15	2.2	110	0	74.5	2	
12	18	1995	12.8	5	30	0.508	91.6	3	
12	19	1995	13.3	4.4	82	0	89.45	2	
12	20	1995	15	3.9	116	0	84.85	1	
12	21	1995	14.4	3.9	83	0	83.7	2	
12	22	1995	12.2	6.7	50	5.584	91.9	4	
12	23	1995	13.9	6.7	77	0	84.85	3	
12	24	1995	15.6	5.6	76	0	69.95	4	
12	25	1995	17.8	6.1	92	0	68.4	3	
12	26	1995	18.9	5.6	51	0	67.7	2	
12	27	1995	16.1	5	56	0	79.55	2	
12	28	1995	13.9	6.1	32	0	88.6	1	
12	29	1995	14.4	6.1	16	4.315	91.55	2	
12	30	1995	15.6	12.2	20	0.761	-1	2	
12	31	1995	16.7	8.3	61	0	93.4	2	
1	1	1996	20.6	7.2	72	0	71.8	2	
1	2	1996	20.6	7.2	72	0	74.7	3	
1	3	1996	17.8	5.6	73	0	80.25	2	
1	4	1996	14.4	6.1	46	0	91.4	1	
1	5	1996	17.8	5	67	0	82.35	1	
1	6	1996	20.6	6.1	77	0	78.9	2	
1	7	1996	20	5	78	0	79.25	2	
1	8	1996	18.3	4.4	67	0.254	82.4	1	
1	9	1996	15.6	5.6	32	0	92.35	1	
1	10	1996	19.4	6.7	77	0	76.55	3	
1	11	1996	22.2	5.6	87	0	66.85	4	
1	12	1996	23.3	5.6	84	0	61.6	2	
1	13	1996	14.4	5	83	0	80.1	2	
1	14	1996	13.9	7.8	64	0	87.85	2	
1	15	1996	15	6.7	41	0.254	90.2	1	
1	16	1996	16.1	9.4	15	11.67	94.7	5	
1	17	1996	14.4	5.6	101	0	77.15	2	
1	18	1996	18.9	8.9	30	1.015	85.9	4	
1	19	1996	14.4	5	99	1.015	87.15	2	
1	20	1996	15	2.8	100	0.508	82.75	2	
1	21	1996	13.3	7.2	32	18.27	86	2	
1	22	1996	11.7	2.2	87	0.761	78.45	2	
1	23	1996	11.1	1.1	47	2.031	87.25	2	
1	24	1996	15.6	7.2	51	1.777	89.85	4	
1	25	1996	13.9	2.8	133	1.777	78.45	3	
1	26	1996	12.2	1.7	74	0	79.5	1	
1	27	1996	16.1	7.2	82	11.16	87.6	4	
1	28	1996	12.8	2.2	132	0.254	84.15	1	
1	29	1996	14.4	3.9	78	0	86.6	2	
1	30	1996	14.4	7.2	55	8.376	87.3	5	
1	31	1996	16.1	11.1	51	15.48	95.75	4	
2	1	1996	16.7	9.4	105	0	91.75	2	
2	2	1996	15.6	10.6	70	0	89	2	
2	3	1996	17.2	11.1	68	8.122	92.2	7	
2	4	1996	18.3	14.4	44	17.25	94.85	6	
2	5	1996	20	13.3	111	5.076	95.2	3	
2	6	1996	18.9	11.1	138	0.254	93.2	2	
2	7	1996	20	8.3	132	0.254	88.65	2	
2	8	1996	22.2	10.6	116	0	83.4	2	
2	9	1996	15.6	9.4	105	0	95.6	-1	
2	10	1996	19.4	9.4	144	0	86.7	2	
2	11	1996	23.9	8.3	158	0	79.4	2	
2	12	1996	26.7	10	165	0	73.7	3	
2	13	1996	23.9	9.4	160	0	72.55	2	
2	14	1996	23.9	7.8	171	0	75.1	2	
2	15	1996	15.6	6.7	30	7.614	96.1	3	
2	16	1996	22.2	13.3	145	0	90.05	4	
2	17	1996	18.9	10.6	89	1.015	92.1	2	
2	18	1996	17.8	8.3	94	1.015	87.2	2	
2	19	1996	15.6	12.8	18	23.35	96.2	3	
2	20	1996	16.7	11.7	67	19.28	92.3	4	
2	21	1996	13.3	6.7	80	19.03	87.9	4	
2	22	1996	12.2	3.9	159	5.33	82.8	2	
2	23	1996	13.3	1.7	189	0.254	78.75	2	
2	24	1996	12.2	4.4	87	6.091	79.5	2	
2	25	1996	10.6	1.7	161	1.015	79.75	2	
2	26	1996	11.7	1.7	178	0	73.6	3	
2	27	1996	11.1	3.9	141	7.107	82.4	4	
2	28	1996	13.3	5	139	1.777	83.05	6	
2	29	1996	13.3	8.3	77	1.523	89.9	6	
3	1	1996	18.3	8.3	126	0	84.15	2	
3	2	1996	21.1	7.8	170	0	77.9	2	
3	3	1996	18.3	8.9	86	1.015	84.2	2	
3	4	1996	16.7	9.4	68	10.91	86.5	3	
3	5	1996	14.4	6.1	130	2.031	86.1	2	
3	6	1996	18.9	2.8	190	0	73.6	2	
3	7	1996	23.3	8.9	188	0	69.4	2	
3	8	1996	25	8.9	154	0	66.4	3	
3	9	1996	19.4	8.3	163	0	80.9	2	
3	10	1996	17.8	8.9	82	0	86.1	2	
3	11	1996	17.8	9.4	139	1.523	89.7	3	
3	12	1996	15	8.3	106	29.69	91.1	3	
3	13	1996	17.2	7.8	171	0	86	2	
3	14	1996	19.4	7.2	198	0	79.75	2	
3	15	1996	16.7	5.6	172	0.254	91	2	
3	16	1996	20	10	196	0	87.2	2	
3	17	1996	24.4	8.9	222	0	72.65	2	
3	18	1996	20.6	8.9	218	0.254	86.1	3	
3	19	1996	17.2	11.1	208	0	93.7	2	
3	20	1996	17.2	7.2	230	0	88.55	2	
3	21	1996	15	8.3	216	0	90.7	3	
3	22	1996	15	5.6	210	0	82.1	4	
3	23	1996	15	3.3	246	0	74.4	2	
3	24	1996	16.1	2.2	230	0	76.8	2	
3	25	1996	15.6	5.6	197	0	79.55	4	
3	26	1996	19.4	4.4	264	0	70.3	2	
3	27	1996	21.7	7.2	220	3.553	68.6	2	
3	28	1996	13.9	5	249	2.031	82.1	4	
3	29	1996	14.4	4.4	227	0	85	2	
3	30	1996	17.2	2.2	255	0	82.7	2	
3	31	1996	18.3	5.6	240	0	81.15	3	
4	1	1996	18.3	9.4	103	14.46	79.2	5	
4	2	1996	16.7	7.2	257	0.254	88.05	2	
4	3	1996	15.6	5	256	0	83.35	2	
4	4	1996	18.9	5.6	260	0	84.65	2	
4	5	1996	21.7	6.7	269	0	79.75	2	
4	6	1996	27.2	7.2	269	0	71.45	2	
4	7	1996	23.3	6.7	245	0.254	76.7	2	
4	8	1996	15.6	11.1	131	0	91.15	2	
4	9	1996	18.9	10	198	0	83.15	3	
4	10	1996	16.1	6.1	232	0	84.25	3	
4	11	1996	16.7	6.7	261	0	85.05	3	
4	12	1996	16.7	7.2	255	0	79.15	4	
4	13	1996	18.9	5	264	0	76	2	
4	14	1996	25	6.1	247	0	66.45	2	
4	15	1996	21.1	8.3	137	0	73.25	3	
4	16	1996	17.2	10.6	176	1.523	77.95	3	
4	17	1996	17.8	8.3	126	3.3	80.9	4	
4	18	1996	16.1	5.6	276	0	81.65	3	
4	19	1996	15.6	4.4	216	0.254	78.55	2	
4	20	1996	15.6	5	219	0.254	82.15	2	
4	21	1996	17.8	4.4	278	0	77.75	2	
4	22	1996	20	7.8	261	0	82.2	2	
4	23	1996	20	7.8	269	0	84.5	2	
4	24	1996	20.6	11.1	260	0	88.5	2	
4	25	1996	21.7	8.3	284	0	79.15	2	
4	26	1996	23.9	9.4	286	0	75.5	3	
4	27	1996	22.2	7.8	293	0	75.65	3	
4	28	1996	29.4	5.6	293	0	60.7	2	
4	29	1996	31.7	10.6	301	0	51.55	3	
4	30	1996	33.9	11.1	347	0	60.55	3	
5	1	1996	32.8	11.1	334	0	66.4	3	
5	2	1996	25.6	8.3	337	0	73	2	
5	3	1996	18.9	7.2	336	0	77.8	2	
5	4	1996	20.6	5	336	0	73.85	2	
5	5	1996	18.3	6.7	322	0	77.5	2	
5	6	1996	16.7	4.4	331	0	82.7	3	
5	7	1996	16.7	7.2	320	0	81.35	3	
5	8	1996	17.8	7.8	310	0	78.65	3	
5	9	1996	15.6	6.7	302	0	84.7	3	
5	10	1996	20.6	5	294	0	79.45	3	
5	11	1996	31.1	8.3	304	0	60.75	3	
5	12	1996	21.1	8.3	304	0	80.1	3	
5	13	1996	22.8	10.6	275	0	79.95	3	
5	14	1996	23.9	10.6	256	0.508	85.45	4	
5	15	1996	19.4	15	65	22.33	94.85	3	
5	16	1996	21.7	15	181	1.523	86.75	4	
5	17	1996	21.7	13.3	165	0	84.45	3	
5	18	1996	20	12.8	309	0	85.9	3	
5	19	1996	18.3	10.6	324	0	83.45	4	
5	20	1996	17.8	8.3	333	0	82.55	4	
5	21	1996	19.4	9.4	129	4.315	78.35	3	
5	22	1996	17.8	10.6	203	0	82.8	4	
5	23	1996	18.3	8.9	327	0	80	4	
5	24	1996	23.3	7.8	293	0	67.2	3	
5	25	1996	18.9	10	295	0	83.3	4	
5	26	1996	16.7	11.7	132	0	85.75	4	
5	27	1996	16.7	11.1	247	0	83.6	4	
5	28	1996	15	11.1	198	0.508	81.45	5	
5	29	1996	14.4	10.6	139	0	80.95	5	
5	30	1996	16.1	9.4	285	0	82.75	4	
5	31	1996	18.3	7.8	306	0	81.8	3	
6	1	1996	20.6	8.3	291	0	83.85	2	
6	2	1996	33.3	11.7	333	0	63.9	3	
6	3	1996	24.4	10.6	329	0	81.55	3	
6	4	1996	17.8	10	312	0	86.85	3	
6	5	1996	25	8.3	314	0	74.6	4	
6	6	1996	18.9	11.1	303	0	86.95	3	
6	7	1996	17.2	8.9	262	0	88.55	3	
6	8	1996	17.8	10.6	315	0	85.6	3	
6	9	1996	19.4	9.4	334	0	78.1	3	
6	10	1996	20.6	11.1	323	0	80.05	5	
6	11	1996	16.7	10.6	308	0	85.3	4	
6	12	1996	15	11.1	111	0	89.55	4	
6	13	1996	16.1	10.6	227	0	84.7	4	
6	14	1996	15	10.6	203	0	89.05	4	
6	15	1996	15	10.6	169	0	86.4	4	
6	16	1996	14.4	11.1	125	0	87.55	4	
6	17	1996	17.2	8.9	341	0	80	3	
6	18	1996	19.4	7.8	361	0	79.2	3	
6	19	1996	19.4	8.9	299	0	80.35	3	
6	20	1996	16.7	9.4	319	0	88.6	4	
6	21	1996	14.4	11.1	165	0	87.8	5	
6	22	1996	17.2	10.6	308	0	86.55	3	
6	23	1996	18.3	7.8	359	0	89.25	3	
6	24	1996	16.7	11.1	275	0.761	91.55	4	
6	25	1996	17.2	10.6	312	1.015	87.45	4	
6	26	1996	17.2	11.7	204	0	87.5	4	
6	27	1996	21.1	10.6	355	0	75.6	3	
6	28	1996	20.6	8.3	353	0	84.4	2	
6	29	1996	26.7	9.4	363	0	75.7	2	
6	30	1996	30	11.7	362	0	70.25	3	
7	1	1996	25	11.1	355	0	76.95	3	
7	2	1996	16.7	10.6	288	0	91.7	3	
7	3	1996	20	11.1	329	0	85.05	3	
7	4	1996	18.3	11.7	352	0	88.55	3	
7	5	1996	17.2	10.6	357	0	89.6	3	
7	6	1996	18.3	11.1	323	0	90	3	
7	7	1996	16.1	12.2	166	0	93.3	3	
7	8	1996	17.2	12.2	174	0	91.9	3	
7	9	1996	17.2	11.7	199	0	91.35	3	
7	10	1996	17.2	12.8	207	0	91.5	3	
7	11	1996	18.3	12.8	298	0	91.3	3	
7	12	1996	17.8	12.8	290	0	92.9	3	
7	13	1996	16.7	12.2	251	0	95.7	3	
7	14	1996	15.6	12.2	138	0	98	3	
7	15	1996	17.2	12.8	152	0	95.35	3	
7	16	1996	17.8	12.8	164	0	93.6	3	
7	17	1996	17.8	12.8	236	0	93.6	3	
7	18	1996	18.9	11.7	324	0	84	3	
7	19	1996	22.8	8.3	352	0	80.25	2	
7	20	1996	26.7	9.4	352	0	75.6	2	
7	21	1996	17.8	10	308	0	92.95	3	
7	22	1996	17.2	11.7	197	0	94.05	2	
7	23	1996	18.3	12.2	254	0.254	93.05	3	
7	24	1996	19.4	12.2	302	0	91.9	3	
7	25	1996	20.6	12.2	279	0	91.9	3	
7	26	1996	20.6	12.8	282	0	88.55	3	
7	27	1996	22.2	12.8	167	0	87.55	2	
7	28	1996	21.7	13.3	319	0	87.5	3	
7	29	1996	20.6	12.8	313	0	90.05	3	
7	30	1996	21.1	12.8	297	0	88.35	3	
7	31	1996	20.6	12.2	317	0	88.55	3	
8	1	1996	16.7	11.7	266	0	91.65	3	
8	2	1996	18.9	11.7	288	0	86.45	3	
8	3	1996	17.2	11.1	294	0	92.4	4	
8	4	1996	17.2	11.1	308	0	93.15	3	
8	5	1996	16.1	12.8	126	0.254	94.45	3	
8	6	1996	17.2	12.8	260	0	90.35	3	
8	7	1996	16.7	12.2	252	0	94.3	2	
8	8	1996	18.9	11.7	265	0	93.8	2	
8	9	1996	20	12.2	295	0	92.25	3	
8	10	1996	17.8	11.7	270	0	94.3	3	
8	11	1996	16.7	12.2	186	0	95.45	3	
8	12	1996	22.8	11.1	274	0	86.2	2	
8	13	1996	20.6	12.2	289	0	89.65	3	
8	14	1996	22.2	12.8	286	0	92.8	3	
8	15	1996	18.9	11.1	284	0	92.8	2	
8	16	1996	17.8	10.6	258	0	94.35	3	
8	17	1996	17.2	12.8	179	0	93.4	3	
8	18	1996	17.8	11.7	273	0	88.95	3	
8	19	1996	16.7	11.1	169	0	89.35	3	
8	20	1996	17.8	8.9	267	0	88.95	2	
8	21	1996	17.8	11.7	274	0	91.55	3	
8	22	1996	18.3	11.7	222	0	92.3	2	
8	23	1996	16.7	11.7	231	0	95.05	2	
8	24	1996	15	11.7	115	0	97.4	2	
8	25	1996	18.9	12.8	217	0	90.9	2	
8	26	1996	20	12.8	234	0	87.5	3	
8	27	1996	20	8.9	281	0	90.2	2	
8	28	1996	24.4	10.6	278	0	82.8	2	
8	29	1996	20	11.7	272	0	91.7	2	
8	30	1996	22.8	10.6	277	0	84.3	2	
8	31	1996	19.4	12.2	263	0	91.1	3	
9	1	1996	16.7	11.7	158	0	95.55	3	
9	2	1996	17.8	12.2	254	0	89.8	3	
9	3	1996	17.8	11.7	178	0	90.55	2	
9	4	1996	19.4	11.1	251	0	85.8	2	
9	5	1996	21.7	7.8	279	0	81.75	2	
9	6	1996	26.7	7.8	261	0	67.2	2	
9	7	1996	28.3	7.8	255	0	65.1	2	
9	8	1996	22.2	7.8	237	0.254	77.6	2	
9	9	1996	18.3	10.6	201	0	92.7	2	
9	10	1996	16.7	11.7	171	0	93.85	2	
9	11	1996	19.4	11.7	164	0	86.4	2	
9	12	1996	22.8	6.7	230	0.254	82.95	3	
9	13	1996	18.9	13.3	192	1.015	91.85	3	
9	14	1996	20	10	223	0	90.55	2	
9	15	1996	21.7	12.2	160	0	90.1	3	
9	16	1996	20.6	8.9	228	0	80.95	2	
9	17	1996	23.9	7.2	233	0	76.95	2	
9	18	1996	24.4	8.9	241	0	73.25	2	
9	19	1996	25.6	7.8	235	0	70.4	2	
9	20	1996	20.6	10.6	236	0	83.8	2	
9	21	1996	24.4	10	232	0.254	79.7	2	
9	22	1996	17.2	8.9	218	0	90.85	3	
9	23	1996	16.7	12.2	127	0	90.65	2	
9	24	1996	15.6	11.1	91	0	91.55	2	
9	25	1996	16.1	10.6	150	0	93.35	3	
9	26	1996	15.6	11.7	78	0	95.2	2	
9	27	1996	16.1	12.2	119	0	93.3	2	
9	28	1996	18.3	11.7	192	0	90.25	2	
9	29	1996	17.8	11.7	176	0	92.8	2	
9	30	1996	15.6	12.8	63	0	91.45	2	
10	1	1996	19.4	11.1	146	0	88	2	
10	2	1996	20.6	12.2	181	0	88.9	2	
10	3	1996	19.4	12.2	187	0	92.45	2	
10	4	1996	23.9	10.6	198	0	-1	-1	
10	5	1996	26.1	10.6	209	0	84.05	2	
10	6	1996	27.8	9.4	212	0	74.25	2	
10	7	1996	37.2	12.2	209	0	57.85	2	
10	8	1996	37.8	13.9	205	0	61.2	3	
10	9	1996	16.7	10.6	73	0	97.4	2	
10	10	1996	20	11.7	196	0	86.25	2	
10	11	1996	17.8	11.7	147	0	94.75	2	
10	12	1996	20.6	11.7	170	0.254	90.9	2	
10	13	1996	21.1	11.1	180	0.254	87.1	2	
10	14	1996	20	8.3	187	0.254	86.5	2	
10	15	1996	21.1	5.6	191	0	81.3	2	
10	16	1996	18.3	6.7	185	0	77.9	2	
10	17	1996	19.4	4.4	187	0	76.7	2	
10	18	1996	21.7	3.9	137	0.254	73	2	
10	19	1996	16.7	3.9	185	0	79.35	3	
10	20	1996	16.7	1.7	185	0	77.45	2	
10	21	1996	20.6	2.8	185	0	56.55	2	
10	22	1996	19.4	2.8	181	0	65.45	2	
10	23	1996	17.8	6.7	139	0	91	2	
10	24	1996	17.2	9.4	71	0	88.35	2	
10	25	1996	22.2	9.4	149	0.761	-1	-1	
10	26	1996	20	2.8	173	0	63.75	2	
10	27	1996	20.6	2.8	175	0	59.95	2	
10	28	1996	18.9	4.4	166	0	60.65	3	
10	29	1996	15	9.4	67	11.92	87.6	4	
10	30	1996	12.8	9.4	57	5.838	94.15	1	
10	31	1996	17.8	7.2	158	0	84.1	2	
11	1	1996	21.1	5.6	175	0	72.15	2	
11	2	1996	16.7	5.6	141	0	87.45	2	
11	3	1996	12.8	10.6	31	0	90.5	2	
11	4	1996	13.9	6.1	106	0	89.25	2	
11	5	1996	14.4	3.9	146	0	87.5	2	
11	6	1996	16.7	1.7	159	0	73	2	
11	7	1996	23.3	3.9	158	0	64.45	3	
11	8	1996	27.2	8.9	159	0	48.25	3	
11	9	1996	26.7	8.9	124	0	50.85	2	
11	10	1996	25.6	6.1	142	0	67.1	2	
11	11	1996	17.2	3.3	124	0.254	85.35	1	
11	12	1996	20	6.1	115	0	77.95	2	
11	13	1996	17.8	6.7	144	0	91.8	2	
11	14	1996	14.4	6.7	95	0	91.85	2	
11	15	1996	13.9	3.9	117	0	93.55	3	
11	16	1996	15	3.9	76	9.391	82.15	4	
11	17	1996	17.2	11.1	22	17.76	100	5	
11	18	1996	19.4	12.8	76	1.015	92.55	2	
11	19	1996	16.7	10	46	0.508	93.55	4	
11	20	1996	18.3	13.3	82	0.508	94.7	2	
11	21	1996	16.7	13.3	27	0.254	99.7	2	
11	22	1996	17.2	12.2	86	0.254	96.8	3	
11	23	1996	16.7	8.3	80	0.254	88.15	2	
11	24	1996	18.9	8.3	124	0.254	87.85	2	
11	25	1996	17.8	7.2	127	0.254	92.6	2	
11	26	1996	17.8	4.4	134	0.254	80.05	2	
11	27	1996	18.3	3.9	131	0.254	78.35	2	
11	28	1996	13.3	5.6	57	0	92.9	2	
11	29	1996	15	2.2	133	0.254	77.35	2	
11	30	1996	16.1	2.2	127	0	80.95	2	
12	1	1996	15	4.4	108	0.254	89.4	3	
12	2	1996	14.4	1.7	132	0	76.9	2	
12	3	1996	13.9	1.1	100	13.45	80.35	2	
12	4	1996	16.7	4.4	104	0.508	80.2	3	
12	5	1996	15.6	10	25	11.67	95.75	3	
12	6	1996	15.6	8.9	91	0.254	92.5	2	
12	7	1996	18.9	8.3	113	0	84.85	4	
12	8	1996	17.8	7.8	81	0	89.85	2	
12	9	1996	14.4	12.2	24	10.15	92.25	7	
12	10	1996	14.4	12.2	8	56.59	94.5	5	
12	11	1996	19.4	12.8	75	0	94	2	
12	12	1996	19.4	13.3	67	10.4	91.25	2	
12	13	1996	16.7	7.8	101	6.091	84.6	2	
12	14	1996	17.2	4.4	127	0	69.95	3	
12	15	1996	17.8	6.7	118	0	80.15	4	
12	16	1996	17.8	5	114	0	80.4	2	
12	17	1996	16.7	3.9	98	0	76.6	3	
12	18	1996	19.4	5.6	126	0	64.2	2	
12	19	1996	17.2	3.9	112	0	76.4	2	
12	20	1996	12.8	3.9	86	0	81.7	2	
12	21	1996	10	8.3	8	51.26	96.65	3	
12	22	1996	15	7.8	69	13.45	93.3	2	
12	23	1996	17.2	6.7	121	0	78.45	3	
12	24	1996	13.9	4.4	87	0	81.8	3	
12	25	1996	15	2.8	108	0	83.9	2	
12	26	1996	14.4	8.9	44	3.807	85.7	5	
12	27	1996	17.8	8.9	86	0	87.25	2	
12	28	1996	15.6	10	79	0	90.25	4	
12	29	1996	15	12.8	23	6.345	86.5	8	
12	30	1996	17.2	13.9	41	3.553	95.4	7	
12	31	1996	18.9	15.6	58	0	91	8	
1	1	1997	18.3	16.7	8	14.97	95.85	5	
1	2	1997	17.8	12.8	14	28.17	96.8	4	
1	3	1997	14.4	6.1	113	0.761	89.75	2	
1	4	1997	10	4.4	34	2.031	92.35	1	
1	5	1997	12.8	4.4	122	0.761	79.3	2	
1	6	1997	14.4	1.1	128	0	67.8	2	
1	7	1997	17.2	1.1	127	0	69.7	2	
1	8	1997	16.7	3.3	116	0	79.95	3	
1	9	1997	15	3.9	121	0	85.15	2	
1	10	1997	15.6	3.3	124	0.254	86.65	2	
1	11	1997	11.7	6.1	40	0.508	95.2	2	
1	12	1997	12.2	4.4	55	22.08	95.65	4	
1	13	1997	8.9	1.1	127	0	67.95	3	
1	14	1997	8.3	-0.6	57	7.614	85.85	5	
1	15	1997	16.1	7.2	72	19.79	87.2	2	
1	16	1997	14.4	5.6	96	0	92.3	2	
1	17	1997	15	7.2	82	0	88.5	3	
1	18	1997	18.3	7.8	100	0	81.55	3	
1	19	1997	15.6	7.8	73	0	82.1	4	
1	20	1997	15	8.3	104	22.84	86.25	3	
1	21	1997	15	8.3	76	3.807	93.65	4	
1	22	1997	17.8	10.6	56	13.7	83.05	5	
1	23	1997	13.9	6.7	92	0	85.85	2	
1	24	1997	15	7.2	70	12.18	89.6	3	
1	25	1997	18.3	12.8	85	8.122	86.55	5	
1	26	1997	16.7	11.7	77	12.69	95	2	
1	27	1997	16.7	11.1	104	0	90.6	2	
1	28	1997	17.2	8.9	107	0.254	93.5	1	
1	29	1997	20.6	7.2	141	0.254	83.3	2	
1	30	1997	20	7.2	150	0.254	83.35	2	
1	31	1997	16.1	5.6	129	0.254	92.35	2	
2	1	1997	14.4	7.8	66	0	97.6	2	
2	2	1997	15	6.1	149	0.254	89.75	2	
2	3	1997	14.4	5.6	114	0.254	89.35	2	
2	4	1997	15.6	7.8	139	0.254	90.7	2	
2	5	1997	15.6	3.9	159	0	83.6	2	
2	6	1997	16.1	2.8	153	0.254	83.25	2	
2	7	1997	17.2	6.1	146	0.761	78.6	2	
2	8	1997	14.4	5	158	0	82.75	2	
2	9	1997	15.6	4.4	110	0	82.35	2	
2	10	1997	16.1	6.1	123	0	81.65	2	
2	11	1997	13.9	5	103	0	89.75	2	
2	12	1997	16.7	5	139	0	83.65	2	
2	13	1997	19.4	3.3	165	0	64.3	2	
2	14	1997	22.8	3.9	163	0	68.05	2	
2	15	1997	23.9	9.4	133	0	66.3	3	
2	16	1997	20.6	9.4	137	0.254	74.05	2	
2	17	1997	15	5.6	115	0.508	89.55	4	
2	18	1997	17.8	3.9	179	0	77.1	2	
2	19	1997	17.8	3.3	153	0	76.2	2	
2	20	1997	16.1	3.3	185	0	78.1	2	
2	21	1997	16.1	2.2	182	0	77.1	2	
2	22	1997	15.6	2.2	187	0	85.35	2	
2	23	1997	17.8	3.3	197	0	67.2	2	
2	24	1997	18.3	3.3	181	0	43.6	3	
2	25	1997	17.2	0	201	0	66.65	2	
2	26	1997	15	5.6	178	2.284	87.45	3	
2	27	1997	13.9	4.4	176	0	89.3	5	
2	28	1997	15	1.7	208	0	77.7	3	
3	1	1997	14.4	1.7	210	0	77.6	2	
3	2	1997	12.8	3.3	115	1.523	86.35	3	
3	3	1997	13.3	1.1	164	0	84	3	
3	4	1997	17.2	0.6	180	0	69.85	2	
3	5	1997	18.9	3.9	193	0	72	3	
3	6	1997	14.4	3.3	206	0	88.55	2	
3	7	1997	15.6	2.2	202	0	88.6	2	
3	8	1997	15.6	5.6	216	0	89.9	2	
3	9	1997	23.9	3.3	225	0	68.2	2	
3	10	1997	25	7.2	227	0	70.1	2	
3	11	1997	17.2	4.4	200	0	87.95	2	
3	12	1997	15.6	3.9	204	0.254	78.9	2	
3	13	1997	21.1	1.7	189	0	69.8	2	
3	14	1997	21.1	3.9	193	0	71.2	2	
3	15	1997	17.2	7.2	160	0	86.45	2	
3	16	1997	17.8	8.3	130	1.269	75.3	2	
3	17	1997	18.3	7.8	228	0	86.15	3	
3	18	1997	26.1	6.7	238	0.254	70.4	2	
3	19	1997	27.2	7.2	231	0	73.15	2	
3	20	1997	21.7	8.9	193	0	83.45	2	
3	21	1997	24.4	9.4	177	0	79.3	2	
3	22	1997	13.3	9.4	60	0.254	97.55	2	
3	23	1997	15	8.9	183	0	90.8	2	
3	24	1997	18.9	8.3	238	0	91.35	2	
3	25	1997	18.3	8.3	115	0	89.15	3	
3	26	1997	15	10	80	0	95.95	2	
3	27	1997	15	8.3	116	0	88.7	2	
3	28	1997	17.2	6.7	126	0	85.65	2	
3	29	1997	24.4	5.6	143	0	66.15	2	
3	30	1997	15.6	4.4	108	0.508	85.6	3	
3	31	1997	15	3.3	147	0.254	78.85	3	
4	1	1997	17.8	1.7	153	0	59.65	4	
4	2	1997	20	5.6	163	0	56.15	4	
4	3	1997	18.9	6.1	252	0	57.25	3	
4	4	1997	13.9	7.8	281	0	86.75	3	
4	5	1997	14.4	6.1	294	0.254	81.2	3	
4	6	1997	14.4	6.1	243	0	82.1	2	
4	7	1997	16.1	3.9	300	0	84.6	2	
4	8	1997	14.4	5.6	306	0	88.55	4	
4	9	1997	14.4	2.8	306	0	77.75	3	
4	10	1997	14.4	5.6	297	0	86.85	3	
4	11	1997	16.7	3.3	302	0	81.1	3	
4	12	1997	16.1	4.4	254	0.254	85.4	2	
4	13	1997	15.6	7.8	269	0	88.4	3	
4	14	1997	18.9	5	309	0	85.2	2	
4	15	1997	24.4	7.8	311	0	73	2	
4	16	1997	18.3	8.9	300	0	88.15	2	
4	17	1997	18.3	7.8	266	0.254	90.95	2	
4	18	1997	18.9	10.6	193	2.284	90.9	2	
4	19	1997	20	13.3	242	3.3	87.1	2	
4	20	1997	21.7	13.9	266	0	87.25	2	
4	21	1997	20.6	12.2	266	0	93.55	2	
4	22	1997	19.4	12.2	239	0.508	86.05	2	
4	23	1997	16.7	8.9	312	0.508	87.85	4	
4	24	1997	17.2	5	320	0	83	3	
4	25	1997	22.2	5	314	0	75.3	2	
4	26	1997	20.6	7.2	318	0	80.25	3	
4	27	1997	17.2	9.4	287	0	85.5	4	
4	28	1997	16.7	8.3	241	0	84.4	3	
4	29	1997	18.9	10	310	0	89.15	3	
4	30	1997	18.3	7.8	318	0	86.8	3	
5	1	1997	18.9	5.6	324	0	77.45	3	
5	2	1997	20.6	5	328	0	78.05	3	
5	3	1997	22.2	7.2	307	0	79.65	2	
5	4	1997	19.4	6.1	327	0	75.6	3	
5	5	1997	20.6	7.2	322	0	80.6	2	
5	6	1997	21.7	9.4	306	0	73.7	2	
5	7	1997	18.3	7.8	319	0	87.35	3	
5	8	1997	16.7	10	316	0	88.55	3	
5	9	1997	17.2	9.4	311	0	89.45	3	
5	10	1997	16.7	11.1	255	0	91.15	2	
5	11	1997	17.8	11.1	247	0	92.35	3	
5	12	1997	19.4	10.6	313	0	86.65	2	
5	13	1997	23.9	7.2	330	0	69.95	2	
5	14	1997	23.3	9.4	335	0	84	2	
5	15	1997	27.2	10.6	332	0	75.6	2	
5	16	1997	34.4	12.8	321	0	59.7	2	
5	17	1997	26.1	12.8	327	0	75.65	3	
5	18	1997	17.8	10.6	282	0	93.2	3	
5	19	1997	18.3	11.7	280	0	90.4	3	
5	20	1997	20	11.1	327	0	83.4	3	
5	21	1997	20	10.6	306	0	88.95	3	
5	22	1997	20.6	10	302	0	81.55	3	
5	23	1997	19.4	10.6	156	4.569	84.9	2	
5	24	1997	19.4	11.1	333	0	82.05	4	
5	25	1997	18.9	7.8	295	0	81.15	3	
5	26	1997	21.7	8.3	252	0	72.45	3	
5	27	1997	26.1	13.3	293	0	77.45	3	
5	28	1997	23.3	12.2	273	0	87.4	3	
5	29	1997	23.9	12.8	298	0	83.4	3	
5	30	1997	23.9	12.2	331	0	81.65	3	
5	31	1997	30.6	12.8	341	0	71.65	3	
6	1	1997	22.2	12.8	301	0	79.25	4	
6	2	1997	19.4	10.6	315	0	82.75	4	
6	3	1997	22.8	12.2	162	1.777	78.05	3	
6	4	1997	20	12.2	237	0.254	82.7	4	
6	5	1997	20	10	331	0	82.3	4	
6	6	1997	19.4	10.6	343	0	83.45	4	
6	7	1997	17.2	11.1	251	0	87.4	5	
6	8	1997	20.6	11.7	305	0	78.8	4	
6	9	1997	19.4	11.1	289	0	83.4	3	
6	10	1997	17.2	11.7	147	0	88.55	4	
6	11	1997	19.4	11.1	299	0	84	4	
6	12	1997	18.3	12.2	306	0	84.95	6	
6	13	1997	18.3	10	321	0	83.05	4	
6	14	1997	21.7	11.7	335	0	79.5	4	
6	15	1997	20.6	11.7	314	0	84.7	3	
6	16	1997	18.9	12.2	280	0	89.4	3	
6	17	1997	18.3	11.7	278	0	89.25	4	
6	18	1997	18.3	12.2	273	0	89.3	4	
6	19	1997	18.9	11.1	319	0	85.15	4	
6	20	1997	17.8	12.2	284	0	83.95	4	
6	21	1997	18.3	11.7	291	0	81.65	5	
6	22	1997	17.8	10	348	0	85.45	4	
6	23	1997	19.4	8.9	355	0	81	3	
6	24	1997	21.7	9.4	353	0	85.15	3	
6	25	1997	21.1	9.4	342	0	86.15	3	
6	26	1997	18.3	10	321	0	87.9	4	
6	27	1997	17.2	10	333	0	90.05	4	
6	28	1997	18.3	10	331	0	88.7	4	
6	29	1997	18.9	8.9	357	0	80.3	3	
6	30	1997	20.6	12.2	331	0	79.1	3	
7	1	1997	22.2	9.4	366	0	77.85	4	
7	2	1997	21.7	12.2	318	0	76.1	3	
7	3	1997	19.4	10.6	347	0	87.8	3	
7	4	1997	20	12.2	277	0	88.3	4	
7	5	1997	20	12.8	268	0	87.25	3	
7	6	1997	18.9	11.1	297	0	90.05	4	
7	7	1997	20	13.3	317	0	86.95	3	
7	8	1997	18.3	11.7	290	0	90.3	3	
7	9	1997	18.9	12.8	248	0	92.1	4	
7	10	1997	18.9	12.2	314	0	83.7	4	
7	11	1997	16.7	13.3	98	0	89.2	4	
7	12	1997	20.6	12.2	211	0	84.85	3	
7	13	1997	18.9	12.8	176	0	90.15	3	
7	14	1997	18.3	12.8	156	0	91.7	3	
7	15	1997	20	12.2	215	0	90.4	3	
7	16	1997	18.9	12.2	140	0	92.85	3	
7	17	1997	19.4	13.3	209	0	88.95	4	
7	18	1997	18.3	11.7	142	0	91.4	3	
7	19	1997	16.7	11.7	97	0	95.75	3	
7	20	1997	16.7	12.8	92	0	96.1	3	
7	21	1997	17.2	12.8	142	0	95.95	3	
7	22	1997	17.2	12.8	150	0	96.2	2	
7	23	1997	20.6	13.9	129	0	92.95	2	
7	24	1997	18.3	13.3	195	0	95.5	3	
7	25	1997	17.8	13.3	189	0	94	3	
7	26	1997	17.8	12.2	162	0	93.45	4	
7	27	1997	19.4	14.4	232	0	89.4	3	
7	28	1997	17.8	13.9	127	0	91.85	3	
7	29	1997	20	15	241	0	85	3	
7	30	1997	19.4	13.9	207	0	88.65	3	
7	31	1997	19.4	13.3	257	0	89.5	3	
8	1	1997	20.6	12.8	298	0	88.05	3	
8	2	1997	22.2	11.1	291	0	86.4	3	
8	3	1997	19.4	12.8	231	0	91.85	3	
8	4	1997	21.7	13.3	291	0	86.75	2	
8	5	1997	24.4	11.1	302	6.091	85.65	3	
8	6	1997	18.9	12.8	260	0	93.1	3	
8	7	1997	20	12.8	237	0	92.65	3	
8	8	1997	19.4	14.4	187	0	95.05	3	
8	9	1997	23.3	15	285	0	83.6	4	
8	10	1997	21.7	14.4	235	0	88.25	3	
8	11	1997	21.1	15	253	0	86.6	2	
8	12	1997	18.9	14.4	177	0	94.2	2	
8	13	1997	18.9	15	154	0	94.25	2	
8	14	1997	17.8	15	147	0	95.2	2	
8	15	1997	18.9	13.9	200	0	92.3	3	
8	16	1997	20	15	158	0	89	3	
8	17	1997	21.7	13.3	190	0	84.15	2	
8	18	1997	22.2	14.4	246	0	86.2	3	
8	19	1997	22.2	13.9	131	0.761	87.45	2	
8	20	1997	21.7	15.6	148	0	91.35	2	
8	21	1997	23.3	15	237	0	87	2	
8	22	1997	23.9	13.9	255	0	81.6	3	
8	23	1997	23.9	12.8	225	0	86.7	3	
8	24	1997	22.8	16.1	254	0	89.7	3	
8	25	1997	22.8	12.8	236	0	86.4	4	
8	26	1997	23.9	13.3	298	0.254	86.5	3	
8	27	1997	23.3	13.9	300	0	87.5	3	
8	28	1997	22.8	11.1	300	0	87.15	3	
8	29	1997	22.2	15.6	290	0	89.65	3	
8	30	1997	22.2	12.2	255	0	68.1	2	
8	31	1997	22.2	13.3	286	0	87.35	3	
9	1	1997	22.8	13.9	286	0	87.35	3	
9	2	1997	22.2	14.4	257	0	89.85	3	
9	3	1997	22.2	13.9	281	0	88.1	2	
9	4	1997	23.3	14.4	261	0	89.75	2	
9	5	1997	21.1	14.4	273	0	89.95	3	
9	6	1997	20.6	15	262	0	89.25	3	
9	7	1997	22.2	12.8	263	0	84.95	3	
9	8	1997	22.2	13.3	268	0	87.45	3	
9	9	1997	22.8	14.4	272	0	85.4	2	
9	10	1997	22.8	12.2	268	0	86.4	3	
9	11	1997	21.7	13.9	220	0	89.1	2	
9	12	1997	21.1	14.4	212	0.508	90.25	3	
9	13	1997	20.6	12.8	220	0.508	89.55	2	
9	14	1997	22.8	11.7	243	0	89.4	3	
9	15	1997	22.8	11.1	249	0	84.35	3	
9	16	1997	25.6	10	245	0	76.1	3	
9	17	1997	21.7	12.8	174	0	87.85	2	
9	18	1997	20	12.2	214	0	89.05	3	
9	19	1997	22.2	10.6	226	0	83.45	2	
9	20	1997	27.2	10	243	0	72.4	2	
9	21	1997	22.8	11.1	228	0.254	81.35	2	
9	22	1997	20	12.2	229	0	89.95	2	
9	23	1997	33.9	11.1	232	0	66.05	2	
9	24	1997	31.1	13.9	208	0	69.35	3	
9	25	1997	22.2	15	219	0	91.05	3	
9	26	1997	21.7	12.8	231	0	88.55	3	
9	27	1997	25.6	9.4	197	0	73.95	2	
9	28	1997	34.4	10.6	195	0	57.15	2	
9	29	1997	26.7	12.8	162	0	74.25	2	
9	30	1997	20	11.7	156	0	91.05	2	
10	1	1997	20	10.6	71	0	93.25	2	
10	2	1997	21.7	12.2	95	1.015	84.4	2	
10	3	1997	23.9	9.4	133	0	80.05	2	
10	4	1997	22.8	10.6	110	0	77.65	2	
10	5	1997	23.3	8.9	112	0	80.9	3	
10	6	1997	18.3	11.1	112	0	82.05	5	
10	7	1997	18.3	6.7	119	0.254	78.45	3	
10	8	1997	20	6.7	118	0	81.9	2	
10	9	1997	17.2	9.4	57	2.284	94	3	
10	10	1997	16.1	6.7	69	1.015	90.75	2	
10	11	1997	17.2	5	132	0	83.2	2	
10	12	1997	21.1	5	130	0	71.1	2	
10	13	1997	28.3	6.1	131	0	61.8	2	
10	14	1997	31.7	10	132	0	50.55	2	
10	15	1997	31.7	11.7	131	0	53.95	3	
10	16	1997	31.7	11.7	129	0.254	63.6	3	
10	17	1997	23.3	7.2	124	0.254	72.55	2	
10	18	1997	17.8	10.6	113	0	92.9	2	
10	19	1997	16.1	12.8	46	0	90.55	3	
10	20	1997	18.3	10	108	0	84.1	2	
10	21	1997	18.9	12.2	95	0	88.75	2	
10	22	1997	16.7	11.7	71	0	93.25	2	
10	23	1997	16.7	11.1	61	0	91.75	2	
10	24	1997	20	6.7	107	0	72.2	2	
10	25	1997	22.8	5	123	0	56.45	2	
10	26	1997	25.6	5.6	125	0	50.65	2	
10	27	1997	21.1	5	108	0	67	2	
10	28	1997	23.3	6.1	105	0	67.05	2	
10	29	1997	21.7	3.9	109	0	76.05	2	
10	30	1997	21.1	8.3	109	0	89	2	
10	31	1997	22.8	10	108	0.254	88.8	2	
11	1	1997	27.2	10	113	0.508	75.55	2	
11	2	1997	31.1	11.1	112	0	64.35	2	
11	3	1997	27.2	12.2	76	0	70.5	2	
11	4	1997	25.6	13.9	102	0	75.15	3	
11	5	1997	21.7	10	30	0	82.35	2	
11	6	1997	18.9	8.3	25	0.508	93.7	2	
11	7	1997	17.8	7.2	33	0	88.75	2	
11	8	1997	17.2	4.4	31	0	86.3	2	
11	9	1997	17.8	6.7	22	0	84.05	2	
11	10	1997	17.2	11.7	51	8.122	90.6	3	
11	11	1997	15.6	10	51	6.599	91	2	
11	12	1997	17.2	6.1	96	0	86.75	1	
11	13	1997	17.2	8.9	69	3.3	92.5	3	
11	14	1997	18.9	8.3	89	5.33	84.15	3	
11	15	1997	14.4	8.3	45	14.97	96.2	4	
11	16	1997	15.6	8.9	49	4.315	95.6	3	
11	17	1997	17.2	7.2	94	0.254	91.95	2	
11	18	1997	15	7.2	28	1.777	90.4	3	
11	19	1997	17.2	8.3	63	4.315	90.9	1	
11	20	1997	17.2	5.6	109	0	81.1	2	
11	21	1997	15.6	5	76	0	85.85	3	
11	22	1997	20.6	10.6	113	0	78.9	3	
11	23	1997	20	12.8	110	4.315	86.7	2	
11	24	1997	20	10.6	119	2.031	86.85	2	
11	25	1997	20.6	10.6	108	9.137	83.7	3	
11	26	1997	14.4	10	41	47.97	97.5	1	
11	27	1997	16.7	8.9	106	3.553	86.8	1	
11	28	1997	17.8	5.6	133	0	81.4	1	
11	29	1997	16.1	7.2	74	0	92.5	3	
11	30	1997	13.3	7.2	53	8.883	93.7	2	
12	1	1997	17.2	5	130	0	78.4	2	
12	2	1997	16.7	6.1	118	0	84.45	2	
12	3	1997	15.6	7.8	70	0.761	92.3	3	
12	4	1997	16.1	11.7	24	0.761	81.75	0	
12	5	1997	15.6	11.7	69	27.15	94.2	0	
12	6	1997	15.6	9.4	53	1.269	95.15	0	
12	7	1997	13.9	8.9	27	21.57	90.7	2	
12	8	1997	12.8	4.4	69	6.091	91.6	1	
12	9	1997	13.9	1.7	109	0	82.8	1	
12	10	1997	15	1.1	108	0	72	2	
12	11	1997	15.6	3.3	108	0	81.4	3	
12	12	1997	16.1	4.4	80	0	76.9	2	
12	13	1997	14.4	5	44	0	70.2	2	
12	14	1997	15	6.1	39	14.21	86.9	0	
12	15	1997	15	2.2	105	0	82.45	1	
12	16	1997	16.1	4.4	40	0	80.15	1	
12	17	1997	17.2	6.1	97	0	86.15	2	
12	18	1997	15	5	86	0.254	80.8	3	
12	19	1997	15.6	3.3	113	0	63.4	2	
12	20	1997	15	2.8	81	0.254	86.9	2	
12	21	1997	12.8	2.2	106	0	75.6	2	
12	22	1997	13.3	0.6	108	0	62.95	2	
12	23	1997	16.1	0.6	111	0	65.25	2	
12	24	1997	14.4	0	104	0	66.85	2	
12	25	1997	15	-0.6	110	0	61.7	2	
12	26	1997	15	-0.6	108	0	63.65	3	
12	27	1997	13.9	-0.6	108	0	70.5	3	
12	28	1997	17.2	2.2	104	0	68.95	3	
12	29	1997	18.3	6.1	85	0	63.6	3	
12	30	1997	20	5	97	0	73.05	2	
12	31	1997	19.4	7.8	102	0	84.55	2	
1	1	1998	14.4	7.2	65	0	93.65	2	
1	2	1998	16.7	7.8	82	6.599	91.7	4	
1	3	1998	15	8.3	69	1.777	90.2	4	
1	4	1998	12.8	4.4	84	12.94	88.15	2	
1	5	1998	13.3	2.8	123	0	77.5	2	
1	6	1998	12.2	2.8	80	0.254	86.55	3	
1	7	1998	16.1	8.3	81	0	90.4	4	
1	8	1998	15	9.4	57	0	93.35	2	
1	9	1998	15	10.6	26	18.27	95.5	4	
1	10	1998	13.9	9.4	45	9.137	100	3	
1	11	1998	15	10	54	9.137	80.55	2	
1	12	1998	15.6	8.9	31	22.33	90.7	3	
1	13	1998	14.4	6.1	96	0.254	71.65	2	
1	14	1998	12.8	10	32	3.3	86.4	5	
1	15	1998	16.1	10.6	23	21.06	97.55	4	
1	16	1998	17.2	12.8	61	1.015	73.35	1	
1	17	1998	19.4	10.6	124	0.254	51.2	1	
1	18	1998	18.3	8.9	76	21.06	58.3	4	
1	19	1998	13.3	6.7	97	5.838	81.7	2	
1	20	1998	13.3	6.1	80	0	81.05	2	
1	21	1998	15	2.8	133	0.254	75.75	1	
1	22	1998	16.7	4.4	139	0	67.1	2	
1	23	1998	15	6.1	85	0	84.75	2	
1	24	1998	18.3	8.3	121	0	84.35	2	
1	25	1998	18.9	7.2	132	0	74.75	2	
1	26	1998	17.2	8.3	101	0.254	86.15	4	
1	27	1998	18.9	9.4	138	0.254	88.15	3	
1	28	1998	18.3	10	99	2.792	86	5	
1	29	1998	16.1	8.3	99	24.36	90.7	2	
1	30	1998	16.1	6.1	150	0	84.75	4	
1	31	1998	17.2	10.6	112	1.523	86.5	4	
2	1	1998	13.9	11.1	25	12.43	96.3	5	
2	2	1998	16.7	11.1	22	34.26	93.65	6	
2	3	1998	13.9	8.3	50	40.1	89.8	3	
2	4	1998	15	7.8	106	7.107	86.05	3	
2	5	1998	15	10.6	48	1.523	82.75	8	
2	6	1998	14.4	8.3	37	18.02	78.15	5	
2	7	1998	15	8.3	31	14.97	89.3	5	
2	8	1998	11.7	6.7	37	13.95	96.85	2	
2	9	1998	15	3.9	171	0	66.4	1	
2	10	1998	11.7	6.1	47	3.553	69.7	4	
2	11	1998	16.7	6.1	159	0	72.15	2	
2	12	1998	12.2	8.3	40	5.076	94.85	4	
2	13	1998	17.2	9.4	161	0.254	71.55	2	
2	14	1998	15.6	8.3	82	21.06	88.65	5	
2	15	1998	13.9	6.7	179	10.15	80.7	2	
2	16	1998	11.7	5.6	46	13.95	93.65	5	
2	17	1998	14.4	6.7	155	1.777	86.15	3	
2	18	1998	15.6	4.4	163	0	72.45	2	
2	19	1998	12.8	6.1	30	14.21	93.2	3	
2	20	1998	13.3	3.3	160	1.269	78.55	2	
2	21	1998	12.8	8.3	28	23.6	92.5	5	
2	22	1998	13.3	7.2	101	3.046	79.65	2	
2	23	1998	14.4	6.7	115	12.18	78.2	4	
2	24	1998	13.9	3.9	155	0	80.25	2	
2	25	1998	14.4	6.1	135	0.508	83.3	2	
2	26	1998	14.4	5	198	0.254	80.75	2	
2	27	1998	15.6	8.9	153	0	85.9	2	
2	28	1998	16.7	7.8	153	0	84.85	2	
3	1	1998	15.6	6.7	156	0	86.3	2	
3	2	1998	16.1	7.8	206	0.761	81.55	2	
3	3	1998	14.4	6.1	185	0	81.75	2	
3	4	1998	15.6	2.8	206	0	78.05	2	
3	5	1998	10.6	3.9	51	8.122	90.85	4	
3	6	1998	13.3	2.8	230	0.254	80.35	2	
3	7	1998	13.9	2.2	98	0.761	81.85	2	
3	8	1998	17.8	7.8	183	0	82.8	2	
3	9	1998	20.6	6.1	237	0	74.25	2	
3	10	1998	22.8	5.6	242	0	74.55	2	
3	11	1998	22.8	5.6	238	0	74.25	2	
3	12	1998	16.7	7.8	87	2.284	89.4	2	
3	13	1998	15.6	7.8	186	6.599	87	2	
3	14	1998	16.7	5.6	171	0.254	91.2	2	
3	15	1998	17.2	12.2	175	0	92.15	2	
3	16	1998	15	10	98	1.777	96.35	2	
3	17	1998	15.6	6.7	125	0	91.3	2	
3	18	1998	18.3	6.7	207	0	88.2	3	
3	19	1998	14.4	11.7	68	0	96.85	2	
3	20	1998	15	12.2	58	0	94.2	1	
3	21	1998	17.8	11.7	170	0	89.25	2	
3	22	1998	18.9	8.9	197	0	88.05	2	
3	23	1998	17.8	6.7	211	0.508	74.95	3	
3	24	1998	18.3	12.2	212	12.69	88.15	2	
3	25	1998	17.2	9.4	231	10.15	83.9	2	
3	26	1998	15	8.9	206	0	88.8	4	
3	27	1998	15.6	7.2	196	8.376	89.95	3	
3	28	1998	12.2	5	197	3.3	84.65	4	
3	29	1998	14.4	1.7	270	0	79.6	2	
3	30	1998	15.6	5	268	0	85.8	3	
3	31	1998	11.7	7.2	102	11.92	91.55	4	
4	1	1998	14.4	6.1	202	5.076	88.35	4	
4	2	1998	15	9.4	114	0.761	84.8	2	
4	3	1998	14.4	7.8	139	10.15	86.7	4	
4	4	1998	14.4	7.8	208	0.254	86.95	4	
4	5	1998	15.6	7.2	255	0	83.75	2	
4	6	1998	14.4	7.8	211	6.091	86.95	2	
4	7	1998	14.4	5.6	263	0	85.55	3	
4	8	1998	15.6	2.8	288	0	80.05	2	
4	9	1998	17.8	7.2	276	0	80	3	
4	10	1998	16.1	7.8	209	0	84.8	3	
4	11	1998	13.9	6.7	139	11.42	90.3	3	
4	12	1998	13.9	5.6	292	1.523	76.55	3	
4	13	1998	13.3	7.2	260	6.091	85.75	3	
4	14	1998	13.9	5.6	310	1.523	82.4	2	
4	15	1998	14.4	3.3	285	0	83.35	3	
4	16	1998	15.6	3.9	301	0	86.7	2	
4	17	1998	16.1	4.4	308	0	88.05	2	
4	18	1998	18.3	7.2	290	0	83.35	2	
4	19	1998	16.7	6.1	289	0	90.4	2	
4	20	1998	19.4	9.4	267	0	89.75	2	
4	21	1998	28.3	7.8	304	0	70.2	2	
4	22	1998	18.9	9.4	280	0	89.9	3	
4	23	1998	18.3	10.6	121	1.015	84.75	3	
4	24	1998	16.7	7.2	273	0	86.65	3	
4	25	1998	17.2	5.6	299	0	84.55	2	
4	26	1998	20.6	5.6	301	0	81.75	2	
4	27	1998	21.7	8.9	304	0	83.05	2	
4	28	1998	22.8	10.6	292	0	77.75	2	
4	29	1998	21.7	10.6	221	0	79.25	2	
4	30	1998	22.2	11.7	298	0.254	76.35	3	
5	1	1998	18.9	13.9	148	2.538	87.05	4	
5	2	1998	20.6	10.6	212	0.254	86.25	3	
5	3	1998	22.8	8.9	261	3.046	79.05	3	
5	4	1998	19.4	12.8	240	6.853	86.05	2	
5	5	1998	18.9	12.2	191	4.315	83.65	2	
5	6	1998	18.9	12.8	256	0	77	2	
5	7	1998	15.6	12.8	96	0	93.5	3	
5	8	1998	15.6	10.6	124	0	93.2	4	
5	9	1998	16.7	6.1	331	0	81.1	4	
5	10	1998	17.2	6.1	323	0	81.6	3	
5	11	1998	14.4	7.8	125	0.254	84.2	2	
5	12	1998	15.6	9.4	196	8.376	80.9	4	
5	13	1998	16.7	8.9	237	0	85.25	3	
5	14	1998	17.2	8.3	309	0	79.1	3	
5	15	1998	18.3	7.2	332	0	78	4	
5	16	1998	16.7	7.2	299	0	77.65	4	
5	17	1998	18.3	5	345	0	77.3	3	
5	18	1998	20	6.1	342	0	75.3	4	
5	19	1998	18.3	8.3	334	0	80.1	4	
5	20	1998	17.8	6.7	297	0	79.35	4	
5	21	1998	17.8	6.7	338	0	79.6	4	
5	22	1998	17.8	7.2	323	0	83.2	4	
5	23	1998	18.9	11.1	287	0	83.6	4	
5	24	1998	20	11.7	284	0	81.4	3	
5	25	1998	17.8	10	320	1.523	77.1	5	
5	26	1998	17.8	7.2	298	0	72.5	4	
5	27	1998	21.1	8.3	146	0	71	4	
5	28	1998	16.1	11.7	72	6.599	85.1	5	
5	29	1998	17.8	9.4	291	0.508	82.1	4	
5	30	1998	20.6	7.2	346	0	82	3	
5	31	1998	18.3	8.9	284	0	88	3	
6	1	1998	18.3	11.1	197	0	84.4	3	
6	2	1998	20	10.6	269	0	78.45	4	
6	3	1998	20	12.8	185	0	77.8	3	
6	4	1998	18.3	11.7	240	0	83.4	3	
6	5	1998	20	10	283	0	84.3	3	
6	6	1998	17.2	12.8	95	0	87.55	4	
6	7	1998	18.3	13.3	180	1.015	88.85	4	
6	8	1998	20.6	13.3	213	0.508	86.45	4	
6	9	1998	17.2	13.3	115	0	90	3	
6	10	1998	18.3	13.3	152	0	89.95	4	
6	11	1998	18.3	9.4	220	0	82.7	4	
6	12	1998	18.9	8.9	250	0	85.3	4	
6	13	1998	19.4	11.7	246	0	86	3	
6	14	1998	23.9	10	348	0	84.25	3	
6	15	1998	22.2	10.6	348	0	85.55	3	
6	16	1998	19.4	12.2	334	0	82.5	4	
6	17	1998	20	12.2	353	0	86.95	3	
6	18	1998	18.9	12.2	322	0	88.2	3	
6	19	1998	18.3	12.2	251	0	83.7	4	
6	20	1998	19.4	13.3	267	0	77.2	4	
6	21	1998	19.4	13.9	249	0	79	3	
6	22	1998	17.2	13.3	149	0	86.05	4	
6	23	1998	16.1	11.7	93	4.061	88.55	4	
6	24	1998	17.2	12.8	140	0	89.75	3	
6	25	1998	17.8	11.7	267	0	88.5	4	
6	26	1998	18.9	9.4	358	0	85.45	3	
6	27	1998	21.1	10	339	0	80.1	3	
6	28	1998	17.2	12.2	221	0.254	92.5	3	
6	29	1998	18.3	12.2	229	0	90.2	3	
6	30	1998	18.3	11.7	302	0	90.2	3	
7	1	1998	16.7	10.6	192	0	93.3	3	
7	2	1998	16.1	12.8	123	0	94.8	4	
7	3	1998	15	12.8	98	0	94.35	3	
7	4	1998	17.2	11.7	200	0	92.4	3	
7	5	1998	17.2	11.7	208	0	91.55	3	
7	6	1998	20	12.2	316	0	88.85	3	
7	7	1998	21.7	11.7	337	0	86.75	4	
7	8	1998	17.2	11.1	291	0	91.25	3	
7	9	1998	15.6	11.7	136	0	92.35	3	
7	10	1998	18.3	12.8	279	0	87.5	3	
7	11	1998	19.4	12.2	344	0	87	3	
7	12	1998	20	11.1	369	0	85.35	3	
7	13	1998	18.3	11.7	315	0	91.3	3	
7	14	1998	19.4	11.7	362	0	88.55	3	
7	15	1998	25	10	372	0	77.7	2	
7	16	1998	22.8	11.1	367	0	82.5	3	
7	17	1998	17.8	11.7	309	0	92	3	
7	18	1998	24.4	12.2	340	0	83.85	3	
7	19	1998	18.9	12.2	335	0	91.95	3	
7	20	1998	17.2	11.1	161	0	95.7	2	
7	21	1998	17.8	13.3	194	0	94.55	3	
7	22	1998	18.3	12.8	210	0	92.55	3	
7	23	1998	18.3	13.9	203	0	91.85	3	
7	24	1998	17.2	14.4	124	0	94.9	2	
7	25	1998	19.4	14.4	240	0	93	3	
7	26	1998	18.9	13.3	276	0	92.5	2	
7	27	1998	20	12.2	272	0	91.35	3	
7	28	1998	20	11.7	313	0	89.55	4	
7	29	1998	20.6	13.9	231	0	89.7	3	
7	30	1998	22.2	14.4	300	0	84.8	3	
7	31	1998	21.1	13.3	278	0	87.9	2	
8	1	1998	23.3	12.8	319	0	88.95	2	
8	2	1998	26.7	12.8	332	0	81.75	3	
8	3	1998	26.1	12.2	330	0.254	83.15	2	
8	4	1998	25	13.3	326	0	85.7	3	
8	5	1998	20	13.9	249	0	93.5	3	
8	6	1998	18.9	13.3	229	0	94.15	2	
8	7	1998	18.3	13.3	208	0	92.25	3	
8	8	1998	18.3	12.8	190	1.523	93.45	3	
8	9	1998	19.4	12.2	213	0.254	92.5	2	
8	10	1998	22.2	10	260	0	84.65	2	
8	11	1998	23.9	12.2	250	0.254	84.75	2	
8	12	1998	21.7	13.3	225	0	86.8	2	
8	13	1998	22.2	13.9	233	0	89.55	3	
8	14	1998	23.3	13.9	170	0	85.1	3	
8	15	1998	17.8	13.9	121	0.254	93.35	3	
8	16	1998	19.4	13.3	271	0	87.65	3	
8	17	1998	17.8	13.3	170	0	89.9	4	
8	18	1998	18.3	15	148	0	85.75	4	
8	19	1998	18.3	13.9	136	0	88.25	3	
8	20	1998	20	12.8	287	0	87.05	3	
8	21	1998	19.4	10.6	244	0	90.85	2	
8	22	1998	19.4	12.2	282	0	91	3	
8	23	1998	21.1	11.7	278	0.254	87.8	2	
8	24	1998	18.9	12.2	243	1.777	92.35	3	
8	25	1998	16.7	12.8	105	1.015	86.95	2	
8	26	1998	18.3	12.8	221	0	88.45	3	
8	27	1998	21.1	12.8	266	0	85.25	3	
8	28	1998	20	12.8	275	0	90.5	2	
8	29	1998	20	12.8	266	0	89.45	3	
8	30	1998	18.3	12.2	258	0	91.8	2	
8	31	1998	18.3	11.7	251	0	89.6	2	
9	1	1998	19.4	12.2	266	0	88.2	3	
9	2	1998	22.8	12.8	234	0	83.4	2	
9	3	1998	20.6	13.3	230	0	87.2	2	
9	4	1998	18.3	13.9	154	0	93.6	3	
9	5	1998	24.4	16.7	247	0	85.95	2	
9	6	1998	24.4	16.7	200	0	81.75	2	
9	7	1998	24.4	15.6	247	0	87.9	3	
9	8	1998	17.2	14.4	85	0	94.8	3	
9	9	1998	17.8	14.4	142	0	85.5	4	
9	10	1998	22.8	8.9	261	0	83.55	2	
9	11	1998	26.1	10	260	0	74.75	2	
9	12	1998	21.1	11.7	248	0	88.9	2	
9	13	1998	21.7	12.2	225	0	90.7	3	
9	14	1998	18.9	13.9	90	0	95.3	3	
9	15	1998	17.8	14.4	73	0	94.9	2	
9	16	1998	18.3	13.3	172	0	92.45	2	
9	17	1998	18.9	13.3	197	0	91.8	2	
9	18	1998	20.6	11.7	245	0	87.85	2	
9	19	1998	21.7	8.9	250	0	86.65	2	
9	20	1998	17.8	13.9	123	0	94.55	3	
9	21	1998	17.2	13.9	95	0	91.95	2	
9	22	1998	20.6	11.1	159	0	82.05	3	
9	23	1998	21.1	10.6	171	0	82.4	3	
9	24	1998	17.8	10	175	0.254	91.6	3	
9	25	1998	18.3	13.3	105	0	88.5	2	
9	26	1998	17.8	10.6	137	0.508	90.15	3	
9	27	1998	19.4	8.9	213	0	82.35	3	
9	28	1998	20	12.2	207	0	85.75	2	
9	29	1998	16.1	11.7	61	0	96.1	2	
9	30	1998	17.8	13.3	90	0	93.4	2	
10	1	1998	16.1	13.9	56	0	94.65	2	
10	2	1998	18.9	10.6	201	0	88.5	3	
10	3	1998	18.3	6.7	231	0	85.1	3	
10	4	1998	21.1	7.2	230	0	78.1	2	
10	5	1998	28.9	8.3	228	0	61.75	2	
10	6	1998	27.2	8.9	207	0	55.5	3	
10	7	1998	21.1	6.7	219	6.853	76.65	2	
10	8	1998	18.3	10	171	0	93.45	2	
10	9	1998	18.3	7.8	221	0	87.4	3	
10	10	1998	18.3	6.1	223	0	85.85	2	
10	11	1998	19.4	5	219	0	80.85	2	
10	12	1998	18.9	7.2	140	0	83.9	2	
10	13	1998	20	6.7	207	0	89.5	2	
10	14	1998	16.7	9.4	158	0	92.2	2	
10	15	1998	16.7	7.8	209	0.254	85.85	2	
10	16	1998	20	3.3	207	0	72.5	2	
10	17	1998	22.8	5	206	0	63.3	3	
10	18	1998	18.3	3.9	199	0	74.3	2	
10	19	1998	26.7	6.1	199	0	65.1	2	
10	20	1998	27.8	9.4	195	0	60.65	3	
10	21	1998	26.7	10	185	0	66.3	3	
10	22	1998	15.6	11.1	161	0	92.4	2	
10	23	1998	15	7.8	153	0	93.4	2	
10	24	1998	14.4	8.3	29	12.69	95.05	2	
10	25	1998	16.7	8.9	166	0.254	91.75	2	
10	26	1998	20	7.2	178	0	81.75	3	
10	27	1998	16.1	11.1	131	0	91	2	
10	28	1998	16.1	11.7	52	0	92.5	1	
10	29	1998	15	7.8	111	0	91.7	2	
10	30	1998	16.1	4.4	175	0	88.75	2	
10	31	1998	20	5	161	0.254	73.7	2	
11	1	1998	17.2	8.3	123	0.254	88.6	2	
11	2	1998	17.2	5.6	164	0.254	87.05	2	
11	3	1998	19.4	4.4	157	0	75.2	2	
11	4	1998	17.2	11.7	72	0	96.6	2	
11	5	1998	17.2	6.7	142	0	82.85	2	
11	6	1998	15.6	2.8	88	0	88.5	2	
11	7	1998	16.1	8.9	46	7.36	96.8	4	
11	8	1998	14.4	6.7	93	3.046	88.55	1	
11	9	1998	15.6	2.8	152	0.254	84.8	2	
11	10	1998	12.2	6.7	34	4.569	90.05	6	
11	11	1998	14.4	6.1	115	0.254	91.4	3	
11	12	1998	18.3	3.3	143	0	82.45	2	
11	13	1998	18.9	5.6	121	0	79.35	3	
11	14	1998	16.1	4.4	128	0	86.9	2	
11	15	1998	19.4	5	129	0	84.5	2	
11	16	1998	19.4	8.9	94	0	86.85	3	
11	17	1998	15.6	7.8	116	4.315	87.75	2	
11	18	1998	15	3.9	117	0	88.25	2	
11	19	1998	17.8	3.9	126	0	75.45	2	
11	20	1998	16.7	2.8	125	0	81.1	2	
11	21	1998	18.9	4.4	118	0	80.95	2	
11	22	1998	18.9	10.6	117	2.538	87.7	2	
11	23	1998	20	9.4	70	2.538	83.35	3	
11	24	1998	16.1	7.2	119	0.254	83.3	1	
11	25	1998	17.8	5	122	0	81.8	3	
11	26	1998	20	3.3	118	1.015	82.85	2	
11	27	1998	13.3	9.4	17	18.02	98.55	1	
11	28	1998	13.3	7.8	64	5.33	89.4	2	
11	29	1998	14.4	8.9	31	1.777	93.5	7	
11	30	1998	16.7	10.6	40	8.376	93.8	6	
12	1	1998	13.9	5	119	0.254	92.85	2	
12	2	1998	15.6	6.7	75	0.508	90.05	2	
12	3	1998	12.8	3.9	48	6.091	90.45	4	
12	4	1998	11.1	2.8	73	0	85	2	
12	5	1998	11.7	0.6	98	6.091	78	2	
12	6	1998	11.7	2.2	123	0	76.8	2	
12	7	1998	13.3	1.1	105	0	77.25	2	
12	8	1998	12.8	3.9	75	1.269	93.8	3	
12	9	1998	14.4	2.2	120	0	75.5	3	
12	10	1998	16.1	3.3	106	0	75.1	3	
12	11	1998	15.6	2.2	93	0	79.05	2	
12	12	1998	20	3.9	104	0	72.5	2	
12	13	1998	17.8	5.6	89	1.523	84	3	
12	14	1998	13.9	3.9	102	0	85.3	2	
12	15	1998	18.3	3.9	116	0	76.25	4	
12	16	1998	22.8	7.2	108	0	64.25	4	
12	17	1998	24.4	5.6	112	0.254	69.05	3	
12	18	1998	13.9	3.3	54	0	94.9	3	
12	19	1998	10.6	1.1	107	0	75.85	3	
12	20	1998	7.2	-1.1	58	3.553	89.2	3	
12	21	1998	7.8	-2.2	121	0	66.6	2	
12	22	1998	8.3	-3.9	116	0	65.6	2	
12	23	1998	10	-3.3	119	0	64.75	3	
12	24	1998	11.7	-2.8	115	0	64.15	3	
12	25	1998	13.3	-0.6	116	0	63.1	2	
12	26	1998	15.6	-1.1	100	0	75.2	2	
12	27	1998	16.1	-1.1	108	0	81.4	2	
12	28	1998	14.4	1.1	105	0	85.35	2	
12	29	1998	16.7	2.2	102	0	80.35	2	
12	30	1998	16.7	1.7	94	0	75.3	3	
12	31	1998	13.9	3.3	67	0	89.85	2	
1	1	1999	17.2	0.6	116	0	72.1	3	
1	2	1999	19.4	2.8	104	0	63.85	4	
1	3	1999	21.7	6.1	108	0	55.7	3	
1	4	1999	22.2	5	111	0	46.9	3	
1	5	1999	21.1	3.9	111	0	53.95	3	
1	6	1999	16.1	1.1	114	0	71.55	2	
1	7	1999	12.2	3.9	82	0	90.15	2	
1	8	1999	17.2	0	112	0	68.55	3	
1	9	1999	20.6	2.2	108	0	61.85	4	
1	10	1999	22.8	2.8	103	0	55.25	3	
1	11	1999	17.2	2.2	96	0	72.65	2	
1	12	1999	15.6	2.8	98	0	84.3	2	
1	13	1999	14.4	5	88	0	87.75	2	
1	14	1999	17.2	5	86	0	77.15	3	
1	15	1999	19.4	7.8	94	3.807	84.75	2	
1	16	1999	13.9	10.6	50	1.015	98.8	2	
1	17	1999	16.7	10	122	0	91.35	3	
1	18	1999	16.1	11.1	58	14.97	94.4	4	
1	19	1999	17.2	12.8	67	6.853	94.4	3	
1	20	1999	15	11.1	45	4.315	96.05	3	
1	21	1999	13.9	7.2	128	0	87.75	2	
1	22	1999	16.1	7.2	117	0	82.25	3	
1	23	1999	11.7	5	74	5.076	94.45	3	
1	24	1999	11.7	1.7	164	0	78.8	2	
1	25	1999	10	6.1	96	0	85.8	3	
1	26	1999	10	3.3	90	8.629	95.95	4	
1	27	1999	12.8	1.1	179	0	81.25	2	
1	28	1999	13.3	1.1	185	0	84.25	2	
1	29	1999	18.3	0.6	189	0	71.95	2	
1	30	1999	15.6	1.7	124	0	79.6	3	
1	31	1999	12.2	3.9	139	21.06	91.45	4	
2	1	1999	13.9	1.7	170	0	84.7	2	
2	2	1999	16.1	1.1	168	0	79.7	2	
2	3	1999	15	3.9	165	0	82.8	2	
2	4	1999	12.8	3.9	96	0	88	1	
2	5	1999	12.8	2.2	130	0	87.05	2	
2	6	1999	11.7	5.6	48	18.02	90.9	5	
2	7	1999	15	10.6	42	12.18	97.35	4	
2	8	1999	17.2	10.6	85	0.761	95.05	2	
2	9	1999	14.4	2.8	105	17.76	87.8	4	
2	10	1999	11.1	1.1	176	0	82.75	2	
2	11	1999	15.6	1.1	176	0	69.2	3	
2	12	1999	15.6	0.6	128	0	67.9	2	
2	13	1999	16.7	2.8	138	0.508	73.3	2	
2	14	1999	12.2	3.9	109	0	87.1	2	
2	15	1999	12.8	2.2	149	0	87.8	2	
2	16	1999	13.3	7.2	50	7.868	88	4	
2	17	1999	18.9	8.3	164	6.853	93.35	2	
2	18	1999	16.1	6.7	81	0.761	91.9	2	
2	19	1999	16.7	4.4	184	0	78.9	2	
2	20	1999	13.3	6.1	50	13.45	89.5	4	
2	21	1999	12.2	6.7	173	4.569	85.7	2	
2	22	1999	14.4	6.1	185	0	88.15	2	
2	23	1999	18.9	5	191	0	82.15	2	
2	24	1999	15	3.9	154	0	87.65	2	
2	25	1999	14.4	5	164	3.046	82.6	2	
2	26	1999	13.3	2.2	191	0	84.25	2	
2	27	1999	21.1	4.4	195	0	73.75	2	
2	28	1999	19.4	6.1	171	0	79.85	2	
3	1	1999	17.8	6.7	169	0	88.4	2	
3	2	1999	20.6	6.1	206	0.254	82.85	2	
3	3	1999	13.9	6.1	144	6.345	90.35	3	
3	4	1999	12.8	2.2	215	0	82.2	2	
3	5	1999	13.3	1.1	161	0	86.1	2	
3	6	1999	11.7	3.3	109	0	86	2	
3	7	1999	12.8	1.1	216	0	87.4	3	
3	8	1999	11.7	4.4	73	6.599	84.45	4	
3	9	1999	11.7	4.4	221	4.315	81.65	3	
3	10	1999	11.7	0.6	182	0	81.75	2	
3	11	1999	14.4	5	225	1.015	80.45	3	
3	12	1999	15	2.2	224	0	82.2	2	
3	13	1999	13.3	3.3	186	0	92.05	3	
3	14	1999	16.7	5.6	94	10.4	83.65	4	
3	15	1999	11.1	5.6	84	6.345	91.55	1	
3	16	1999	14.4	8.9	169	0.508	88.95	2	
3	17	1999	15	7.8	158	0	89.4	1	
3	18	1999	17.2	8.9	176	0	83	4	
3	19	1999	11.7	8.3	44	2.792	92.6	6	
3	20	1999	14.4	7.2	138	0.254	88.85	5	
3	21	1999	15.6	4.4	250	0	83.25	2	
3	22	1999	14.4	3.9	168	2.284	83.2	2	
3	23	1999	13.3	6.1	207	7.107	89.5	3	
3	24	1999	18.3	6.1	152	0.254	84.4	5	
3	25	1999	16.7	10	187	5.076	93.15	3	
3	26	1999	15	6.1	247	0	90.85	3	
3	27	1999	13.9	2.2	253	0	83	2	
3	28	1999	15	2.2	255	0	79.7	2	
3	29	1999	16.1	2.2	231	0	83	3	
3	30	1999	12.8	3.3	257	0.508	79.75	3	
3	31	1999	11.7	4.4	245	1.523	84.6	4	
4	1	1999	13.3	1.1	263	0	82.95	3	
4	2	1999	15.6	5	267	0	73.95	3	
4	3	1999	11.7	4.4	240	0.508	79.7	6	
4	4	1999	13.3	1.7	277	0	71.3	3	
4	5	1999	11.1	6.1	56	6.091	90.4	3	
4	6	1999	12.8	4.4	193	2.792	85.1	2	
4	7	1999	11.7	3.3	80	0.761	93.95	3	
4	8	1999	11.7	2.8	187	8.122	89.25	4	
4	9	1999	12.2	1.1	286	0	81.6	3	
4	10	1999	14.4	1.7	184	0.508	76.8	2	
4	11	1999	12.2	7.8	104	15.73	90	4	
4	12	1999	14.4	5	233	0	92.6	2	
4	13	1999	13.9	9.4	206	0	93.7	2	
4	14	1999	26.1	8.3	289	0	73.65	3	
4	15	1999	28.9	10.6	283	0.254	70.9	2	
4	16	1999	30	10	269	0	63.45	3	
4	17	1999	25	8.9	290	0	69.85	3	
4	18	1999	17.8	8.9	276	0	89.75	2	
4	19	1999	17.2	8.9	272	0.254	88.6	2	
4	20	1999	15	7.8	268	0	93.55	3	
4	21	1999	14.4	6.7	290	0	86.3	4	
4	22	1999	17.8	7.2	287	0	83.45	4	
4	23	1999	22.2	5.6	306	0	69.7	3	
4	24	1999	15.6	6.7	290	0	92.8	4	
4	25	1999	15	10.6	177	0	90.35	2	
4	26	1999	15.6	6.7	247	0	88.7	3	
4	27	1999	13.3	2.8	313	0	85.65	4	
4	28	1999	13.3	3.9	313	0	83.35	4	
4	29	1999	16.7	5	309	0	79.8	3	
4	30	1999	16.1	7.2	284	0	87.2	3	
5	1	1999	12.8	7.8	96	0	94.75	3	
5	2	1999	13.9	8.9	170	0.508	91.95	3	
5	3	1999	14.4	7.8	199	0.508	93.2	4	
5	4	1999	15	3.9	292	0	84.3	3	
5	5	1999	21.1	3.3	317	0	78.05	2	
5	6	1999	15.6	6.1	314	0	90.8	3	
5	7	1999	16.1	6.1	317	0	82.9	3	
5	8	1999	15.6	5	320	0	82.95	3	
5	9	1999	15.6	4.4	318	0	82.1	3	
5	10	1999	16.1	5	317	0	82.3	3	
5	11	1999	16.1	8.9	312	0	91.8	3	
5	12	1999	14.4	7.2	207	0	90.3	4	
5	13	1999	16.1	5.6	317	0	83.3	3	
5	14	1999	15	3.9	316	0	84.55	4	
5	15	1999	14.4	2.8	334	0	85.6	3	
5	16	1999	15	6.1	320	0	88.85	3	
5	17	1999	17.8	5.6	328	0	84.3	3	
5	18	1999	18.3	6.7	320	0	86.8	4	
5	19	1999	15.6	10	174	0	86.25	4	
5	20	1999	15.6	9.4	267	0.254	81.05	5	
5	21	1999	17.8	8.3	315	0	85.55	3	
5	22	1999	17.8	8.3	303	0	86.3	4	
5	23	1999	17.8	11.1	234	0	87.85	4	
5	24	1999	16.1	11.1	157	0	90.95	3	
5	25	1999	16.7	10	247	0	88.85	3	
5	26	1999	15.6	10	187	0	91.15	3	
5	27	1999	15.6	9.4	170	0	90.9	3	
5	28	1999	14.4	10	147	0	90.35	4	
5	29	1999	14.4	10.6	131	0	87.25	4	
5	30	1999	17.8	11.1	317	0	82.4	4	
5	31	1999	17.8	11.7	213	0	83.45	3	
6	1	1999	17.8	11.7	236	0	80.05	4	
6	2	1999	15.6	9.4	246	1.015	80.1	5	
6	3	1999	17.2	8.3	335	0	80.1	4	
6	4	1999	13.9	11.1	108	0	89.4	4	
6	5	1999	17.2	11.1	263	0	88.1	3	
6	6	1999	17.2	8.3	381	0	81.45	4	
6	7	1999	17.8	5.6	417	0	77.75	4	
6	8	1999	17.2	5.6	414	0	80.6	4	
6	9	1999	16.1	7.2	334	0	85.95	4	
6	10	1999	17.2	10	300	0	83.85	4	
6	11	1999	17.2	9.4	301	0	88.3	3	
6	12	1999	19.4	9.4	316	0	87.05	3	
6	13	1999	20.6	9.4	375	0	84.55	3	
6	14	1999	18.9	11.1	322	0	89.25	4	
6	15	1999	18.9	11.1	331	0	86.85	4	
6	16	1999	17.2	10.6	253	0	89.4	3	
6	17	1999	16.7	10.6	230	0	91.45	3	
6	18	1999	19.4	10	321	0	90.3	4	
6	19	1999	17.2	10	306	0	91.9	4	
6	20	1999	15.6	10.6	253	0	93.7	3	
6	21	1999	16.7	11.1	191	0	94.25	4	
6	22	1999	17.8	11.1	287	0	93.55	3	
6	23	1999	17.2	11.1	233	0	94.5	3	
6	24	1999	16.7	11.7	231	0	94.05	3	
6	25	1999	16.7	10.6	283	0	91	4	
6	26	1999	16.1	10	320	0	91.4	3	
6	27	1999	21.7	10	249	0	81.3	3	
6	28	1999	21.7	8.9	260	0	83.3	3	
6	29	1999	20	9.4	259	0	87.65	3	
6	30	1999	21.1	11.7	247	0	87.2	3	
7	1	1999	17.2	12.8	246	0	90.9	4	
7	2	1999	16.7	11.7	294	0	85.5	4	
7	3	1999	17.8	10.6	325	0	85.9	4	
7	4	1999	20	8.3	359	0	80.05	3	
7	5	1999	20	7.8	345	0	85.55	3	
7	6	1999	17.8	10.6	289	0	89.15	4	
7	7	1999	20	8.9	348	0	83.85	3	
7	8	1999	19.4	8.9	346	0	88.1	3	
7	9	1999	17.8	10.6	321	0	91.1	3	
7	10	1999	17.8	10.6	313	0	91.55	3	
7	11	1999	21.1	9.4	339	0	88.3	2	
7	12	1999	22.8	12.8	309	0	85.5	2	
7	13	1999	23.9	13.3	330	0	86.1	3	
7	14	1999	16.1	12.8	116	0	98.25	2	
7	15	1999	15	12.8	118	0	96.75	3	
7	16	1999	16.7	12.2	198	0	93.3	3	
7	17	1999	16.7	11.1	259	0	93.3	3	
7	18	1999	17.2	11.7	247	0	91.2	3	
7	19	1999	17.8	11.7	315	0	87.4	3	
7	20	1999	18.9	12.8	303	0	84.25	3	
7	21	1999	18.9	13.9	296	0	85.1	3	
7	22	1999	17.2	13.3	212	0	88.9	3	
7	23	1999	17.8	13.3	238	0	86.2	3	
7	24	1999	19.4	11.1	327	0	88.2	3	
7	25	1999	17.2	12.8	179	0	92.45	3	
7	26	1999	15.6	12.2	103	0	95.1	3	
7	27	1999	17.8	12.8	148	0	90.85	3	
7	28	1999	18.3	12.8	284	0	84.15	2	
7	29	1999	19.4	12.2	313	0	85.05	2	
7	30	1999	19.4	11.7	326	0	89.15	3	
7	31	1999	17.8	11.7	326	0	91.65	3	
8	1	1999	18.9	11.1	341	0	90.9	2	
8	2	1999	20.6	13.3	317	0	92.5	3	
8	3	1999	19.4	12.2	308	0	93.65	3	
8	4	1999	17.2	13.3	171	0	95.8	3	
8	5	1999	17.2	13.9	107	0	96.65	4	
8	6	1999	19.4	13.3	226	0	92.45	3	
8	7	1999	20	13.3	300	0	88.4	2	
8	8	1999	19.4	12.8	247	0	90.8	2	
8	9	1999	18.9	11.7	190	0	92.3	3	
8	10	1999	19.4	14.4	183	0	91.35	3	
8	11	1999	20.6	13.9	226	0	90.1	2	
8	12	1999	20.6	12.2	292	0	89.75	3	
8	13	1999	20.6	8.9	332	0	87.2	3	
8	14	1999	19.4	11.7	320	0	88.35	3	
8	15	1999	18.9	9.4	230	0	90.85	2	
8	16	1999	18.3	12.2	268	0	91.8	2	
8	17	1999	17.2	13.3	246	0	91.6	2	
8	18	1999	21.1	13.9	253	0	89.15	4	
8	19	1999	18.9	11.1	264	0	93.05	2	
8	20	1999	20	12.2	265	0	89.75	3	
8	21	1999	19.4	12.2	282	0	93.25	2	
8	22	1999	22.2	10	290	0	86.55	2	
8	23	1999	18.9	12.2	207	0	93	2	
8	24	1999	20	12.2	268	0	90.2	2	
8	25	1999	22.2	12.2	304	0	85.3	2	
8	26	1999	25	12.8	171	0	86.65	2	
8	27	1999	17.8	13.3	146	0	96.75	2	
8	28	1999	19.4	13.3	208	0	94.95	2	
8	29	1999	17.2	13.3	144	0	95.9	3	
8	30	1999	20.6	11.1	295	0	83.25	3	
8	31	1999	20	7.2	305	0	84.7	3	
9	1	1999	17.8	9.4	285	0	89.2	3	
9	2	1999	19.4	10.6	262	0	88.45	2	
9	3	1999	17.8	11.1	206	0	92	2	
9	4	1999	19.4	10.6	214	0	92.4	2	
9	5	1999	18.9	11.7	262	0	91.05	2	
9	6	1999	16.7	11.7	197	0	95	2	
9	7	1999	18.3	12.2	192	0	92.35	2	
9	8	1999	17.8	12.8	216	0	93.2	2	
9	9	1999	19.4	13.3	227	0	90.4	2	
9	10	1999	19.4	12.2	224	0	89.1	2	
9	11	1999	17.8	13.9	179	0	94.2	2	
9	12	1999	17.2	13.3	184	0	94.35	2	
9	13	1999	18.3	11.1	201	0	91.45	2	
9	14	1999	18.3	11.1	174	0	93.8	2	
9	15	1999	16.7	12.8	158	0	97.25	2	
9	16	1999	16.7	12.2	172	0	95.25	2	
9	17	1999	15.6	12.8	131	0	95.5	2	
9	18	1999	16.1	12.2	132	0	94.85	2	
9	19	1999	18.9	11.1	142	0	90.25	2	
9	20	1999	23.3	9.4	225	0	88.15	2	
9	21	1999	17.8	9.4	137	0	95.3	2	
9	22	1999	25.6	12.8	123	0	85.75	1	
9	23	1999	21.1	12.8	135	0	90.05	2	
9	24	1999	17.2	13.3	122	0	96.65	2	
9	25	1999	24.4	12.8	188	0	81.75	2	
9	26	1999	23.9	11.1	214	0	86.15	2	
9	27	1999	27.2	8.9	223	0	76.1	2	
9	28	1999	22.8	7.2	211	0	74.05	2	
9	29	1999	20.6	10.6	198	0	84.85	2	
9	30	1999	20	8.3	199	0	88.5	2	
10	1	1999	19.4	11.1	197	0	88.55	2	
10	2	1999	16.7	11.7	169	0	90	2	
10	3	1999	16.7	12.8	156	0	91.05	2	
10	4	1999	18.9	11.1	184	0	86.55	2	
10	5	1999	21.1	8.3	209	0	82.95	2	
10	6	1999	20	11.7	188	0	90.75	2	
10	7	1999	23.3	7.8	215	0	81.65	2	
10	8	1999	30	9.4	215	0	67.25	2	
10	9	1999	27.2	10	220	0	74.4	1	
10	10	1999	32.2	11.7	214	0	59.85	2	
10	11	1999	18.3	7.8	192	0	88.8	2	
10	12	1999	22.8	8.3	214	0	77.65	2	
10	13	1999	18.9	11.7	190	0	91	2	
10	14	1999	23.9	12.2	162	0	80.8	2	
10	15	1999	19.4	8.9	197	0	88.9	2	
10	16	1999	24.4	10	202	0	73.9	2	
10	17	1999	17.8	7.8	196	0	91.2	2	
10	18	1999	22.8	7.8	176	0	73.75	2	
10	19	1999	22.8	7.8	184	0	73.95	2	
10	20	1999	27.8	6.1	185	0	65.2	2	
10	21	1999	28.9	8.3	186	0	62.55	2	
10	22	1999	16.7	9.4	170	0	91.75	2	
10	23	1999	16.1	6.7	117	0	91.1	1	
10	24	1999	19.4	5	162	0	86	2	
10	25	1999	21.1	8.9	162	0	82.7	2	
10	26	1999	16.1	8.3	140	0	95.3	2	
10	27	1999	19.4	11.1	142	0	92.8	2	
10	28	1999	18.9	7.2	162	0	86.2	2	
10	29	1999	23.9	5	176	0	69.4	2	
10	30	1999	28.9	7.2	172	0	56.15	3	
10	31	1999	23.3	6.1	170	0	64.7	2	
11	1	1999	29.4	7.8	182	0	64.35	2	
11	2	1999	15.6	6.1	104	0	93.4	2	
11	3	1999	16.7	11.1	109	0	92.15	1	
11	4	1999	21.7	8.3	164	0	77.4	2	
11	5	1999	15.6	10.6	88	0.254	95.2	2	
11	6	1999	20	9.4	139	0	85.15	3	
11	7	1999	22.8	9.4	80	9.899	76.4	6	
11	8	1999	18.9	8.9	114	0	87.3	3	
11	9	1999	18.9	6.7	123	0	79.8	1	
11	10	1999	20	7.8	122	0	81.2	2	
11	11	1999	18.9	8.3	144	0	89.1	2	
11	12	1999	23.9	7.8	141	0	74.55	2	
11	13	1999	20.6	10	121	0	83.1	2	
11	14	1999	15.6	10.6	61	0	95	2	
11	15	1999	21.1	10	147	0	84.55	3	
11	16	1999	19.4	9.4	108	3.807	83.7	2	
11	17	1999	16.7	7.2	119	0	86.15	2	
11	18	1999	17.2	6.1	124	0	83.6	2	
11	19	1999	16.7	4.4	22	2.031	88.85	4	
11	20	1999	16.1	10	96	0.254	92.7	1	
11	21	1999	15	5.6	121	0.254	81.55	2	
11	22	1999	15.6	2.2	123	0	75.85	1	
11	23	1999	16.1	2.2	118	0	78.7	2	
11	24	1999	16.7	3.3	110	0	80.25	2	
11	25	1999	20	5	115	0	78.5	2	
11	26	1999	15.6	5.6	103	0	93.9	1	
11	27	1999	17.8	5.6	119	0	85.4	2	
11	28	1999	15	6.1	75	0	95	1	
11	29	1999	18.9	6.7	53	0	81.7	2	
11	30	1999	15.6	8.9	104	6.091	88.9	2	
12	1	1999	13.9	4.4	116	0	89	1	
12	2	1999	15.6	3.9	119	0	87.5	2	
12	3	1999	15.6	1.7	134	0	71.6	2	
12	4	1999	18.3	1.7	132	0	67.1	3	
12	5	1999	17.2	2.2	127	0	73.6	2	
12	6	1999	14.4	1.7	127	0	83.8	2	
12	7	1999	14.4	3.9	108	0	88.65	2	
12	8	1999	15.6	0	109	0	72.8	2	
12	9	1999	13.3	3.9	66	1.269	85.35	2	
12	10	1999	13.3	1.1	119	0.254	79.65	2	
12	11	1999	15.6	0.6	105	0	76.45	2	
12	12	1999	17.2	5.6	96	0	75.55	3	
12	13	1999	13.3	3.3	92	0.254	83.6	2	
12	14	1999	15.6	0	114	0	67	2	
12	15	1999	14.4	1.1	122	0	75.85	2	
12	16	1999	16.7	1.1	97	0	74.45	2	
12	17	1999	18.3	3.3	100	0	73	2	
12	18	1999	15	1.7	103	0.254	93.55	2	
12	19	1999	21.7	1.7	97	0	66.15	3	
12	20	1999	23.9	7.8	108	0	54.35	3	
12	21	1999	21.7	5	100	0	62.3	3	
12	22	1999	20.6	3.9	98	0	61.45	2	
12	23	1999	21.1	3.3	105	0	60.4	2	
12	24	1999	21.1	3.3	102	0	64.4	2	
12	25	1999	22.8	6.7	99	0	54.85	2	
12	26	1999	21.7	4.4	103	0	56.35	3	
12	27	1999	22.8	0	95	0	56.75	2	
12	28	1999	22.8	3.9	103	0	58.8	3	
12	29	1999	20	3.3	102	0	68.4	3	
12	30	1999	12.8	1.7	47	0	83	2	
12	31	1999	11.7	5.6	16	0	89.8	2	
1	1	2000	11.7	7.2	15	0	90.75	3	
1	2	2000	12.8	0.6	56	0	79.2	2	
1	3	2000	16.1	0	64	0	74.8	2	
1	4	2000	15	2.2	56	0	81.95	2	
1	5	2000	14.4	2.8	71	0.254	80.7	2	
1	6	2000	16.7	-0.6	70	0	67.05	2	
1	7	2000	15	1.7	77	0	72.8	2	
1	8	2000	13.9	1.1	84	0	82	2	
1	9	2000	11.7	6.1	37	0	94.75	2	
1	10	2000	12.2	4.4	46	0.254	96.4	1	
1	11	2000	16.1	7.2	18	0.508	93.4	4	
1	12	2000	14.4	6.1	46	0	85.95	1	
1	13	2000	14.4	3.9	76	0	90.95	2	
1	14	2000	14.4	5	28	0	87	1	
1	15	2000	20.6	8.9	35	0.254	73.1	4	
1	16	2000	15.6	8.3	72	8.883	81.2	3	
1	17	2000	13.9	8.3	24	9.645	98.3	3	
1	18	2000	20.6	11.7	85	11.16	90	3	
1	19	2000	18.3	9.4	50	0.508	97.3	2	
1	20	2000	14.4	7.8	54	0.761	90.15	2	
1	21	2000	16.1	5.6	98	0	85.65	2	
1	22	2000	18.3	6.7	108	1.777	85.35	3	
1	23	2000	14.4	10.6	17	71.82	96.75	6	
1	24	2000	16.7	13.3	21	26.9	93.85	5	
1	25	2000	14.4	10	74	1.015	98	3	
1	26	2000	13.9	7.2	90	0	88.05	1	
1	27	2000	16.7	4.4	115	0	84.5	2	
1	28	2000	16.7	3.9	107	0	87.05	2	
1	29	2000	15.6	6.1	93	0	87.15	2	
1	30	2000	13.9	9.4	29	6.091	92.75	5	
1	31	2000	15	8.9	63	0	85.65	2	
2	1	2000	20	7.8	139	0	87.75	2	
2	2	2000	23.3	8.9	148	0	78.1	4	
2	3	2000	20	7.8	62	5.33	69.05	4	
2	4	2000	15.6	7.2	91	0	89.4	3	
2	5	2000	16.7	8.9	82	0.254	90.2	4	
2	6	2000	21.1	6.7	152	0	86	3	
2	7	2000	15	8.9	111	0	95.15	2	
2	8	2000	18.9	9.4	131	0	89.95	1	
2	9	2000	15	10	77	2.031	95.5	2	
2	10	2000	15.6	11.1	69	6.345	88.7	4	
2	11	2000	14.4	8.3	53	20.81	92.7	0	
2	12	2000	13.9	7.8	65	1.523	93.7	0	
2	13	2000	15.6	11.1	16	50	96.8	0	
2	14	2000	16.7	7.8	170	0.508	88.5	2	
2	15	2000	16.7	5.6	149	0	85.65	2	
2	16	2000	13.3	7.2	87	8.883	91	2	
2	17	2000	14.4	6.1	198	0	85.35	2	
2	18	2000	17.8	6.1	198	0	81.15	2	
2	19	2000	19.4	7.8	99	0	72.35	4	
2	20	2000	17.2	8.9	94	6.345	83.85	3	
2	21	2000	16.7	8.9	174	0.254	85.7	4	
2	22	2000	13.3	9.4	39	18.02	90.9	2	
2	23	2000	12.8	4.4	162	5.33	88.05	2	
2	24	2000	11.1	3.9	89	1.269	85.7	3	
2	25	2000	15.6	8.3	59	0	87.25	4	
2	26	2000	17.8	9.4	70	0.508	89	3	
2	27	2000	13.9	8.3	133	14.21	93.25	4	
2	28	2000	14.4	7.8	155	0	85.95	2	
2	29	2000	13.9	7.2	141	3.807	91.2	4	
3	1	2000	16.7	3.9	214	0	83.45	2	
3	2	2000	12.8	6.1	74	1.777	92.2	2	
3	3	2000	16.1	6.7	181	0	85.35	2	
3	4	2000	14.4	6.7	119	7.107	90.8	2	
3	5	2000	11.1	6.7	62	16.24	93.75	5	
3	6	2000	13.3	6.7	157	0	87.05	1	
3	7	2000	12.8	7.8	73	2.031	90.7	3	
3	8	2000	12.2	6.1	98	9.391	90.4	2	
3	9	2000	15	6.7	198	1.523	88.75	3	
3	10	2000	17.8	4.4	235	0	79.15	2	
3	11	2000	16.7	7.2	233	0	85.95	2	
3	12	2000	18.3	4.4	198	0	82.3	2	
3	13	2000	16.1	7.8	198	0.254	91	2	
3	14	2000	20	7.8	181	0	90.05	2	
3	15	2000	18.9	9.4	204	0.254	88.9	2	
3	16	2000	17.2	7.2	201	0	90.4	3	
3	17	2000	18.9	2.8	227	0	77.45	2	
3	18	2000	19.4	6.1	225	0	83.2	2	
3	19	2000	15.6	3.9	159	0	86.7	3	
3	20	2000	18.9	2.8	235	0	64.8	3	
3	21	2000	20.6	1.7	243	0	62.65	2	
3	22	2000	21.1	4.4	233	0	72.6	3	
3	23	2000	14.4	6.7	167	0	92.65	2	
3	24	2000	13.9	5	203	0	88.1	2	
3	25	2000	15.6	4.4	247	5.33	84.7	2	
3	26	2000	15	5.6	225	0	87.95	2	
3	27	2000	14.4	6.7	169	9.137	89.45	3	
3	28	2000	13.3	6.1	189	0	87.4	2	
3	29	2000	13.9	4.4	238	0	89.2	2	
3	30	2000	17.8	5.6	267	0	86.85	2	
3	31	2000	26.7	2.8	270	0	61	2	
4	1	2000	27.2	6.7	276	0	53.4	3	
4	2	2000	18.3	6.1	254	0.761	-1	-1	
4	3	2000	26.7	7.8	248	0	94.8	3	
4	4	2000	15.6	10	182	0	91.15	2	
4	5	2000	15.6	9.4	193	0	90	2	
4	6	2000	16.1	6.1	248	0	88.8	1	
4	7	2000	20.6	3.9	249	0	82.6	2	
4	8	2000	14.4	9.4	164	0	91.75	2	
4	9	2000	16.1	8.3	252	0	87.85	2	
4	10	2000	15.6	5.6	282	0	90.15	2	
4	11	2000	25.6	8.3	270	0	79.65	3	
4	12	2000	17.8	10	188	1.015	80.85	3	
4	13	2000	18.9	11.1	230	0	88.45	3	
4	14	2000	17.2	8.9	248	3.046	90	2	
4	15	2000	17.2	10.6	177	0	84.35	3	
4	16	2000	17.8	12.2	102	2.031	80.35	4	
4	17	2000	16.7	7.8	165	9.645	84	2	
4	18	2000	18.3	5	320	0	79.6	2	
4	19	2000	18.3	4.4	300	0	77.95	2	
4	20	2000	19.4	5.6	285	0	85.85	2	
4	21	2000	16.1	8.9	208	0	93.45	2	
4	22	2000	17.2	7.8	235	0	85.95	2	
4	23	2000	16.7	4.4	309	0	83.1	2	
4	24	2000	18.9	3.3	299	0	84.8	3	
4	25	2000	18.3	5.6	311	0	80.9	2	
4	26	2000	23.9	6.1	316	0	83.8	2	
4	27	2000	18.3	6.7	289	0	87.35	3	
4	28	2000	16.1	6.7	298	0.254	78.3	2	
4	29	2000	17.2	2.8	312	0	83.4	2	
4	30	2000	21.7	5.6	313	0	80.75	2	
5	1	2000	18.3	6.7	291	0	83.9	2	
5	2	2000	18.3	8.9	268	0	92.95	3	
5	3	2000	19.4	11.7	310	0.254	85.6	2	
5	4	2000	18.3	10.6	295	0	84.55	3	
5	5	2000	17.8	8.9	291	0	87.3	3	
5	6	2000	16.7	7.8	268	0	82.75	2	
5	7	2000	18.3	11.1	82	0.254	91.85	1	
5	8	2000	20.6	11.1	264	2.284	92.15	2	
5	9	2000	17.8	10	278	0.254	86.95	3	
5	10	2000	16.7	6.1	316	0	78.85	3	
5	11	2000	17.2	3.3	346	0	78.95	3	
5	12	2000	17.8	4.4	320	0	76.9	3	
5	13	2000	16.1	5	278	0	81.35	2	
5	14	2000	22.8	6.1	200	0.254	73.95	4	
5	15	2000	18.9	10.6	236	1.523	80.65	3	
5	16	2000	16.1	8.3	128	0	90.2	6	
5	17	2000	19.4	11.1	282	0	84.5	3	
5	18	2000	20	10.6	324	0	86.6	3	
5	19	2000	21.7	10.6	319	0	83.95	3	
5	20	2000	22.2	10.6	330	0	85.2	3	
5	21	2000	32.2	11.7	350	0	72.05	3	
5	22	2000	25.6	10.6	325	0	79.15	3	
5	23	2000	26.7	11.7	314	0	84.2	5	
5	24	2000	16.1	12.2	82	0.254	95.9	4	
5	25	2000	17.2	11.7	241	0	84.45	5	
5	26	2000	18.9	11.1	316	0	88.35	4	
5	27	2000	20.6	11.7	326	0	86.8	3	
5	28	2000	20	10	342	0	83.55	4	
5	29	2000	18.3	9.4	360	0	78.55	4	
5	30	2000	17.8	8.3	352	0	78.4	4	
5	31	2000	21.7	5.6	360	0	74.8	3	
6	1	2000	22.8	6.7	355	0	72.9	3	
6	2	2000	16.1	9.4	278	0	88.75	3	
6	3	2000	17.8	8.3	332	0	86.05	3	
6	4	2000	16.1	10.6	218	0	85.95	4	
6	5	2000	20	11.7	345	0	76.7	3	
6	6	2000	19.4	10	353	0	85.2	4	
6	7	2000	20.6	8.9	306	1.015	80.4	4	
6	8	2000	17.8	10.6	248	0	90.35	6	
6	9	2000	18.9	9.4	324	0	79.7	4	
6	10	2000	18.9	10	346	0	80.55	4	
6	11	2000	19.4	7.8	346	0	82.35	4	
6	12	2000	21.1	11.1	334	0	52.95	3	
6	13	2000	23.3	11.7	357	7.107	54.05	3	
6	14	2000	35.6	13.9	360	0	68.6	3	
6	15	2000	19.4	12.2	300	0	93.25	4	
6	16	2000	18.3	12.2	247	0	93.8	4	
6	17	2000	20	13.9	247	0	93.4	3	
6	18	2000	20.6	14.4	209	0	90.6	3	
6	19	2000	17.8	12.8	234	0	92.1	4	
6	20	2000	19.4	12.2	314	0	92.75	3	
6	21	2000	18.9	12.2	307	0	92.7	3	
6	22	2000	15.6	12.8	119	0	96.05	3	
6	23	2000	17.2	12.2	234	0	89.55	4	
6	24	2000	20	12.8	282	0	90	3	
6	25	2000	20.6	11.7	282	0	90.45	3	
6	26	2000	21.7	12.8	326	0	90	3	
6	27	2000	18.9	12.2	305	0	91.8	3	
6	28	2000	18.9	12.2	247	0	91.05	3	
6	29	2000	18.3	12.8	200	0	91.5	3	
6	30	2000	17.2	12.8	190	0	91	3	
7	1	2000	18.9	12.2	262	0	89.5	4	
7	2	2000	17.8	12.2	163	0.761	89.3	4	
7	3	2000	16.1	11.7	146	0.254	89.55	4	
7	4	2000	16.1	11.7	185	0	91.95	4	
7	5	2000	18.3	12.8	248	0	90.65	4	
7	6	2000	18.3	12.2	272	0	89.85	3	
7	7	2000	18.9	13.3	333	0	88.25	3	
7	8	2000	17.8	12.2	243	0	92.8	3	
7	9	2000	17.2	12.2	243	0	94.05	3	
7	10	2000	18.3	12.8	212	0	92.4	3	
7	11	2000	17.8	13.3	144	0	93.35	3	
7	12	2000	19.4	11.1	222	0	86.05	3	
7	13	2000	20.6	8.3	346	0	83.95	3	
7	14	2000	20	11.7	291	0	90.45	3	
7	15	2000	16.7	12.8	169	0	93.5	3	
7	16	2000	18.3	13.3	144	0	91.6	4	
7	17	2000	20.6	12.8	296	0.254	86.15	3	
7	18	2000	21.1	12.2	340	0	87	3	
7	19	2000	20	10.6	339	0	87.75	3	
7	20	2000	17.8	12.2	218	0	91.9	3	
7	21	2000	18.3	12.2	271	0	91	3	
7	22	2000	18.3	11.7	295	0	90.85	3	
7	23	2000	18.9	9.4	323	0	90.9	3	
7	24	2000	16.7	11.1	249	0	93.4	3	
7	25	2000	17.2	11.7	229	0	92.2	3	
7	26	2000	19.4	12.2	298	0	88.2	4	
7	27	2000	18.9	8.9	343	0	89.8	3	
7	28	2000	17.8	12.2	276	0	93.4	3	
7	29	2000	17.2	12.2	230	0	96.5	3	
7	30	2000	18.9	11.7	286	0	95.15	3	
7	31	2000	25	11.7	285	0	93.75	3	
8	1	2000	22.8	11.7	260	0	88	2	
8	2	2000	20	12.2	304	0	92.5	3	
8	3	2000	17.2	13.3	148	0	97.25	3	
8	4	2000	20	13.9	258	0	91.35	3	
8	5	2000	20	12.8	268	0	92.5	3	
8	6	2000	18.3	12.2	221	0	93.1	4	
8	7	2000	19.4	13.3	204	0	91.95	3	
8	8	2000	18.3	13.9	206	0	92.55	3	
8	9	2000	18.9	11.7	259	0	88.95	2	
8	10	2000	21.1	11.1	299	0	86.15	2	
8	11	2000	21.7	9.4	329	0	88.1	2	
8	12	2000	21.1	9.4	326	0	89.25	2	
8	13	2000	19.4	11.1	311	0	88.75	3	
8	14	2000	20	10	326	0	88.6	3	
8	15	2000	18.9	10.6	327	0	89.4	3	
8	16	2000	20	8.9	325	0	88.9	2	
8	17	2000	18.9	8.9	323	0	89.15	3	
8	18	2000	18.9	8.9	313	0	91.7	3	
8	19	2000	18.3	12.2	242	0	92.3	3	
8	20	2000	17.2	8.9	290	0	93.55	3	
8	21	2000	15.6	11.7	162	0	96.45	2	
8	22	2000	20.6	13.3	239	0	90.5	2	
8	23	2000	18.9	13.3	243	0	89.8	2	
8	24	2000	20	12.2	250	0	91.55	2	
8	25	2000	17.2	12.2	172	0	94.45	3	
8	26	2000	17.8	12.2	114	0	95.3	3	
8	27	2000	17.2	12.2	135	0	94.7	2	
8	28	2000	18.3	12.8	137	0	92.8	3	
8	29	2000	16.7	13.3	68	0	94	1	
8	30	2000	20.6	12.2	228	0	88	2	
8	31	2000	20	13.3	151	0	87.75	2	
9	1	2000	20	11.7	83	0	89.25	2	
9	2	2000	21.7	12.2	215	0	85.55	0	
9	3	2000	19.4	11.7	260	0	83.6	2	
9	4	2000	20	7.8	277	0	85.95	2	
9	5	2000	21.7	7.2	271	0	83.5	2	
9	6	2000	26.1	8.9	274	0	69.85	2	
9	7	2000	28.9	11.7	272	0	66.05	2	
9	8	2000	18.9	11.1	243	0	93.75	2	
9	9	2000	17.8	11.1	203	0	93.2	2	
9	10	2000	18.3	11.7	224	0	91.7	2	
9	11	2000	26.1	11.1	251	0	85.35	2	
9	12	2000	23.3	9.4	141	0	80.3	2	
9	13	2000	26.7	15	213	0	68.5	2	
9	14	2000	21.7	13.3	195	0	93.85	2	
9	15	2000	20.6	12.8	249	0	92.25	2	
9	16	2000	21.1	12.8	205	0	93	2	
9	17	2000	33.3	12.2	255	0	70.3	2	
9	18	2000	24.4	12.8	248	0	81.85	2	
9	19	2000	27.8	11.7	202	0	79.15	2	
9	20	2000	20	11.7	171	0	93.1	4	
9	21	2000	22.2	16.1	176	0	88.55	3	
9	22	2000	18.3	13.3	86	0	90.65	2	
9	23	2000	22.2	9.4	227	0	84	2	
9	24	2000	23.3	9.4	224	0	84.25	2	
9	25	2000	20.6	8.9	213	0	89.35	2	
9	26	2000	18.9	13.3	151	0	92.75	2	
9	27	2000	19.4	15.6	116	0	89.9	2	
9	28	2000	18.9	10.6	208	0	87.25	2	
9	29	2000	20	8.3	219	0	89.1	2	
9	30	2000	24.4	11.7	187	0.254	84	2	
10	1	2000	20	13.9	123	0	94.15	3	
10	2	2000	18.3	13.9	110	0	94.8	2	
10	3	2000	18.3	13.3	172	0	88	2	
10	4	2000	17.8	11.7	146	0	91.45	2	
10	5	2000	17.2	13.3	123	0	93.35	2	
10	6	2000	15	13.3	43	0	97.15	2	
10	7	2000	16.7	14.4	53	0	91.35	1	
10	8	2000	20	13.3	164	0	89.35	2	
10	9	2000	20	11.7	109	3.553	89.75	2	
10	10	2000	16.1	12.2	48	6.091	93.65	3	
10	11	2000	15.6	12.2	74	0.254	92	3	
10	12	2000	18.3	10	147	0	85.25	2	
10	13	2000	18.9	7.2	161	0	86.3	2	
10	14	2000	17.8	10	148	0	91.55	2	
10	15	2000	16.7	11.7	122	0	94.55	2	
10	16	2000	27.8	9.4	178	0	73.2	3	
10	17	2000	22.2	9.4	167	0.254	80.65	3	
10	18	2000	19.4	10.6	156	0	90.15	2	
10	19	2000	18.9	12.2	137	0.254	92.9	2	
10	20	2000	20	10.6	139	0	87.6	2	
10	21	2000	17.8	9.4	166	0	84	3	
10	22	2000	24.4	4.4	174	0	50.2	2	
10	23	2000	27.8	8.3	167	0	46.45	3	
10	24	2000	21.7	8.9	160	0	69.85	3	
10	25	2000	16.7	10	57	5.076	86.8	2	
10	26	2000	16.7	11.1	72	17.51	93.7	4	
10	27	2000	17.8	9.4	114	0	89	2	
10	28	2000	17.2	8.3	68	7.868	92.7	4	
10	29	2000	16.1	8.9	120	6.091	88.75	2	
10	30	2000	16.1	7.8	107	1.523	94.45	3	
10	31	2000	15.6	5.6	173	0.254	90.85	2	
11	1	2000	14.4	6.7	138	0	90.95	2	
11	2	2000	18.9	6.1	156	0.254	88.3	2	
11	3	2000	22.8	8.3	161	0	75.4	2	
11	4	2000	21.7	8.9	154	0	78.8	3	
11	5	2000	16.1	10	78	0	92.8	2	
11	6	2000	17.8	7.2	154	0	89.25	2	
11	7	2000	20.6	4.4	162	0	69.2	2	
11	8	2000	15	5	108	0	87.65	3	
11	9	2000	13.3	2.8	157	0	86.85	2	
11	10	2000	12.8	3.9	135	1.015	84.6	2	
11	11	2000	14.4	2.2	148	0	80	2	
11	12	2000	16.1	1.1	143	0	71.6	2	
11	13	2000	12.8	0.6	119	0	80.3	2	
11	14	2000	13.3	1.1	139	0.254	82.05	2	
11	15	2000	13.9	2.2	114	0	80.75	2	
11	16	2000	14.4	2.8	81	0	80.15	3	
11	17	2000	18.9	2.8	135	0	63	2	
11	18	2000	18.3	3.3	135	0	69.1	3	
11	19	2000	18.3	3.3	133	0	74.6	2	
11	20	2000	18.9	1.7	130	0	69.6	3	
11	21	2000	13.3	3.9	55	0.508	89.25	2	
11	22	2000	15.6	4.4	102	2.284	87.55	2	
11	23	2000	13.9	1.7	104	0	92.55	2	
11	24	2000	17.2	5.6	124	0	88.65	3	
11	25	2000	16.7	2.2	125	0	85.6	2	
11	26	2000	17.2	3.3	101	0.254	83.05	2	
11	27	2000	17.2	3.9	119	0	83.75	2	
11	28	2000	21.1	7.2	122	0	78.05	2	
11	29	2000	16.7	7.8	75	0.761	90.2	3	
11	30	2000	17.2	5	119	0.254	82.35	2	
12	1	2000	16.1	3.9	75	0	85.05	2	
12	2	2000	19.4	2.8	125	0	78.1	2	
12	3	2000	19.4	6.7	122	0	71.9	3	
12	4	2000	21.7	4.4	89	0	72.05	3	
12	5	2000	26.7	8.9	113	0	54.1	3	
12	6	2000	17.2	10	31	0.254	66	2	
12	7	2000	21.1	11.1	105	1.015	84.55	2	
12	8	2000	15.6	10	73	3.3	96.4	1	
12	9	2000	15	11.1	42	0	93	2	
12	10	2000	16.1	6.1	95	0	91.95	2	
12	11	2000	13.9	4.4	77	2.792	90.5	2	
12	12	2000	13.3	5.6	95	0.761	90.9	2	
12	13	2000	15	6.1	72	0	84.7	3	
12	14	2000	16.1	10	74	1.777	92.35	2	
12	15	2000	16.1	7.2	96	0	93.5	2	
12	16	2000	18.9	5.6	125	0	77.75	3	
12	17	2000	17.8	3.9	125	0	72.35	3	
12	18	2000	19.4	4.4	127	0	60	4	
12	19	2000	23.3	4.4	126	0	53.6	2	
12	20	2000	21.7	4.4	108	0	58.7	2	
12	21	2000	15.6	1.7	68	0	84	2	
12	22	2000	16.1	3.9	107	0	85.45	2	
12	23	2000	15.6	2.2	91	0	84.25	2	
12	24	2000	15	1.1	102	0	84.6	2	
12	25	2000	16.7	1.1	107	0	67.5	4	
12	26	2000	19.4	3.3	117	0	60	3	
12	27	2000	21.1	3.3	95	0	46.45	3	
12	28	2000	21.7	1.1	118	0	58.75	2	
12	29	2000	20.6	3.9	115	0	65.6	2	
12	30	2000	16.7	0	114	0	73.1	2	
12	31	2000	18.9	0.6	111	0	72.35	2	
1	1	2001	22.2	1.7	118	0	53.35	3	
1	2	2001	24.4	3.9	121	0	48.95	3	
1	3	2001	23.3	5.6	124	0.254	41.05	3	
1	4	2001	23.9	3.9	136	0	48.3	3	
1	5	2001	22.8	4.4	136	0	56.1	3	
1	6	2001	17.2	2.2	125	0	65.5	3	
1	7	2001	14.4	6.7	76	0	74.2	3	
1	8	2001	13.9	5	88	9.899	86.05	4	
1	9	2001	11.7	2.2	55	0	91.7	3	
1	10	2001	12.2	7.2	16	12.94	93.95	6	
1	11	2001	10	6.7	33	8.122	93.75	6	
1	12	2001	13.3	4.4	87	0.254	87.75	3	
1	13	2001	12.8	5.6	86	0	87.45	2	
1	14	2001	12.8	2.2	84	0	90.55	2	
1	15	2001	12.2	0	111	0	73.9	2	
1	16	2001	11.7	-1.1	112	0	68.4	1	
1	17	2001	13.3	-0.6	114	0	67.95	2	
1	18	2001	15	0.6	106	0	72.5	2	
1	19	2001	15.6	4.4	76	0	74.4	2	
1	20	2001	16.7	2.8	112	0	74	3	
1	21	2001	14.4	2.2	76	0	81.75	1	
1	22	2001	15.6	3.9	127	0	83.5	2	
1	23	2001	15	5.6	53	5.33	88.55	4	
1	24	2001	11.7	4.4	87	7.614	90.4	2	
1	25	2001	12.8	4.4	72	14.46	88.1	4	
1	26	2001	11.1	3.9	95	0.761	89.25	3	
1	27	2001	13.3	0.6	158	0	79.45	1	
1	28	2001	14.4	2.8	155	0	76.65	2	
1	29	2001	12.8	3.9	147	0.761	88.4	2	
1	30	2001	13.9	0.6	150	0	73.2	2	
1	31	2001	16.1	1.1	164	0	72.85	2	
2	1	2001	18.9	4.4	152	0	67.3	3	
2	2	2001	19.4	2.2	152	0	72.4	2	
2	3	2001	21.7	5.6	164	0	69.65	3	
2	4	2001	24.4	7.8	168	0	67.9	3	
2	5	2001	17.2	6.7	173	0	86.75	2	
2	6	2001	11.7	5.6	148	0	84.55	4	
2	7	2001	12.8	0	178	0	64.1	2	
2	8	2001	13.9	-1.7	177	0	57.75	2	
2	9	2001	11.1	6.1	56	12.18	88.85	4	
2	10	2001	10	5.6	80	7.614	93.5	4	
2	11	2001	11.1	3.9	119	8.376	85.5	4	
2	12	2001	10.6	4.4	140	9.645	87.85	4	
2	13	2001	10.6	3.9	85	0	84.1	3	
2	14	2001	13.9	2.2	181	0	81.95	3	
2	15	2001	13.9	2.8	164	0	87.6	2	
2	16	2001	16.7	5.6	186	0	79.8	4	
2	17	2001	17.8	9.4	92	0	64.8	5	
2	18	2001	17.8	10	122	0.761	84	5	
2	19	2001	15.6	8.3	121	12.43	84.4	5	
2	20	2001	14.4	8.3	92	1.015	86.9	3	
2	21	2001	16.7	8.9	89	0.254	92.25	4	
2	22	2001	12.2	6.1	131	3.3	88.15	4	
2	23	2001	11.7	6.7	108	9.391	89.25	3	
2	24	2001	13.3	6.7	76	7.868	91.6	5	
2	25	2001	15.6	7.8	163	1.523	83.6	3	
2	26	2001	15.6	7.2	131	0	88.15	2	
2	27	2001	18.3	7.8	207	0	78.15	2	
2	28	2001	15	4.4	223	0	74.85	2	
3	1	2001	15.6	3.9	185	0	76.55	2	
3	2	2001	12.8	4.4	90	3.046	93.2	2	
3	3	2001	13.3	3.3	120	3.807	88.45	4	
3	4	2001	15	10.6	50	19.28	92.7	9	
3	5	2001	17.2	10.6	106	6.599	91.4	3	
3	6	2001	18.3	10.6	89	3.3	90.85	2	
3	7	2001	15.6	8.9	211	0	92.8	2	
3	8	2001	12.8	8.9	77	0	92.5	2	
3	9	2001	13.3	6.1	114	0	89.9	3	
3	10	2001	14.4	3.9	243	0	80.65	2	
3	11	2001	14.4	5	175	0	91.2	2	
3	12	2001	19.4	5	201	0	78.25	2	
3	13	2001	14.4	6.1	240	0	89.8	2	
3	14	2001	16.1	8.3	218	0	91.8	2	
3	15	2001	13.9	6.7	100	0	92.8	2	
3	16	2001	15	5.6	235	0	88	2	
3	17	2001	17.2	5.6	237	0	85.05	2	
3	18	2001	21.1	8.3	239	0	91.25	2	
3	19	2001	27.2	7.8	254	0	75.35	3	
3	20	2001	22.8	10.6	232	0	81.85	3	
3	21	2001	12.8	11.1	58	0	96.55	2	
3	22	2001	16.1	11.1	149	1.523	88.8	2	
3	23	2001	16.7	11.7	145	0	89.95	2	
3	24	2001	18.9	9.4	251	1.777	91.55	3	
3	25	2001	17.2	8.3	227	0	86	3	
3	26	2001	16.7	6.1	274	0	87.85	2	
3	27	2001	18.9	5.6	266	0	84.6	2	
3	28	2001	15.6	8.3	136	0	96.1	3	
3	29	2001	15.6	7.2	223	0	94.95	2	
3	30	2001	21.1	5.6	276	0	86.8	2	
3	31	2001	21.1	6.1	280	0	85.65	2	
4	1	2001	13.3	7.2	117	0	93.95	4	
4	2	2001	14.4	4.4	288	0	77.25	4	
4	3	2001	12.2	1.7	293	0	78.1	3	
4	4	2001	13.9	2.8	261	0	77.7	2	
4	5	2001	15	2.8	198	0	86.25	3	
4	6	2001	13.9	6.7	87	7.107	88.25	2	
4	7	2001	11.7	5	270	7.868	86.6	4	
4	8	2001	12.8	2.2	270	0.254	84.55	2	
4	9	2001	13.3	3.9	201	0.508	88.35	3	
4	10	2001	13.9	3.9	287	0	88.9	4	
4	11	2001	13.9	6.7	204	0.254	92.9	4	
4	12	2001	16.1	6.1	294	0	83.4	2	
4	13	2001	13.3	3.3	279	0	83.3	3	
4	14	2001	13.9	2.2	283	1.015	86.25	2	
4	15	2001	13.9	3.9	290	0	86.45	2	
4	16	2001	17.2	3.9	315	0	51.65	2	
4	17	2001	22.2	5.6	288	0	8.5	2	
4	18	2001	16.1	7.2	254	0.508	0.15	3	
4	19	2001	15	7.2	226	0.508	0.15	3	
4	20	2001	13.9	7.2	88	11.67	6.25	4	
4	21	2001	13.9	3.9	306	0	41.65	3	
4	22	2001	13.3	8.3	155	0	74.05	2	
4	23	2001	15.6	5.6	292	0	74.35	2	
4	24	2001	23.3	7.8	322	0	67.45	2	
4	25	2001	23.9	8.9	308	0	74.8	2	
4	26	2001	14.4	9.4	160	0	90.15	3	
4	27	2001	16.1	8.9	216	0	82.05	3	
4	28	2001	17.2	8.3	264	0	80.95	3	
4	29	2001	17.2	5.6	325	0	78.95	2	
4	30	2001	17.8	6.7	325	0	86.35	3	
5	1	2001	18.3	7.8	277	0	86.55	3	
5	2	2001	25	5.6	341	0	61.55	3	
5	3	2001	27.2	7.8	347	0	46.2	3	
5	4	2001	25	6.7	339	0	64.5	3	
5	5	2001	17.2	9.4	312	0	89.65	2	
5	6	2001	21.7	5.6	340	0	81.65	2	
5	7	2001	30	7.8	339	0	68.1	2	
5	8	2001	26.1	10	337	0	77.85	2	
5	9	2001	18.9	9.4	340	0	89	3	
5	10	2001	21.1	8.9	329	0	81.9	3	
5	11	2001	15.6	6.7	241	0	94.75	3	
5	12	2001	16.1	11.7	119	0.254	93.05	3	
5	13	2001	16.1	11.1	234	0	84.1	3	
5	14	2001	18.3	8.9	321	0	83.95	3	
5	15	2001	20.6	8.9	313	0	83.4	3	
5	16	2001	18.9	10	328	0	84.7	4	
5	17	2001	18.3	7.8	315	0	86.65	3	
5	18	2001	17.8	8.9	320	0	87.25	3	
5	19	2001	18.3	10	269	0	89.25	3	
5	20	2001	21.1	11.7	273	0	88.95	3	
5	21	2001	17.2	11.7	291	0	91.3	4	
5	22	2001	18.9	11.7	305	0	90.25	3	
5	23	2001	20.6	10.6	315	0	86.05	3	
5	24	2001	20	10.6	329	0	86.45	3	
5	25	2001	18.9	10	327	0	87.75	3	
5	26	2001	15	10.6	177	0	92.55	4	
5	27	2001	16.7	10	152	0	89.5	4	
5	28	2001	18.9	8.3	347	0	85.45	4	
5	29	2001	20.6	8.3	344	0	82.8	3	
5	30	2001	33.9	8.9	355	0	65	3	
5	31	2001	27.2	11.7	352	0	69.95	3	
6	1	2001	17.2	12.2	123	0	94.15	4	
6	2	2001	17.2	10.6	333	0	81.55	5	
6	3	2001	18.3	8.3	353	0	80.65	4	
6	4	2001	18.3	6.1	351	0	85.75	4	
6	5	2001	21.1	7.8	350	0	79.6	3	
6	6	2001	22.2	8.9	357	0	76	3	
6	7	2001	24.4	9.4	360	0	75.3	3	
6	8	2001	18.9	10	353	0	88.25	3	
6	9	2001	17.2	11.1	297	0	90.5	4	
6	10	2001	17.8	11.1	330	0	83.8	4	
6	11	2001	17.2	11.7	259	0	88.55	4	
6	12	2001	17.2	10	292	0	86.4	4	
6	13	2001	21.7	7.2	366	0	74.9	3	
6	14	2001	26.7	7.2	362	0	69.35	3	
6	15	2001	18.3	8.9	352	0	86.75	3	
6	16	2001	20.6	7.8	348	0	85.6	3	
6	17	2001	18.3	10.6	361	0	88.25	2	
6	18	2001	23.9	8.3	363	0	79.75	2	
6	19	2001	25.6	8.9	360	0	76.1	3	
6	20	2001	28.9	8.9	339	0	74.35	3	
6	21	2001	24.4	10.6	349	0	81.2	2	
6	22	2001	21.7	11.1	323	0	89.8	3	
6	23	2001	17.2	11.7	270	0	90.35	4	
6	24	2001	18.9	10.6	349	0	85.6	3	
6	25	2001	20	9.4	312	0	82.9	3	
6	26	2001	20.6	11.7	334	0	81.55	4	
6	27	2001	23.3	13.9	221	0	77.9	3	
6	28	2001	21.1	12.2	330	0	88.1	3	
6	29	2001	18.3	11.1	320	0	90.3	3	
6	30	2001	19.4	10.6	338	0	86.5	3	
7	1	2001	21.1	10	353	0	83.45	3	
7	2	2001	22.8	11.1	342	0	82	2	
7	3	2001	22.8	13.3	334	0	81.95	3	
7	4	2001	20.6	13.9	224	0	90.15	3	
7	5	2001	17.8	13.3	238	0	92.05	3	
7	6	2001	17.8	12.2	259	0	90.9	3	
7	7	2001	16.7	12.8	258	0	94.85	3	
7	8	2001	17.8	12.8	204	0	89.8	3	
7	9	2001	18.3	13.3	211	0	85.8	3	
7	10	2001	18.3	13.9	255	0	83.45	4	
7	11	2001	18.9	13.9	270	0	81.65	4	
7	12	2001	18.3	13.9	236	0	91.35	2	
7	13	2001	15.6	12.8	118	0	96.8	2	
7	14	2001	15	12.8	95	0	94.9	4	
7	15	2001	16.1	12.8	117	0	92.85	3	
7	16	2001	17.8	13.9	231	0	87.65	4	
7	17	2001	18.3	12.8	261	0	88.1	3	
7	18	2001	21.7	12.8	331	0	90.15	4	
7	19	2001	17.8	12.8	209	0	92.2	4	
7	20	2001	18.3	12.8	267	0	88.9	4	
7	21	2001	18.9	11.1	313	0	87.85	3	
7	22	2001	17.2	11.7	295	0	92.55	3	
7	23	2001	17.8	11.7	248	0	91.8	3	
7	24	2001	18.9	12.8	240	0	90.2	3	
7	25	2001	18.3	13.9	199	0	91.85	3	
7	26	2001	18.3	13.3	226	0	92.25	3	
7	27	2001	16.7	12.2	237	0	93.25	3	
7	28	2001	17.2	11.7	260	0	92.65	3	
7	29	2001	17.8	12.8	252	0	91.8	4	
7	30	2001	21.1	12.8	300	0	89.7	3	
7	31	2001	17.2	12.8	226	0	93.7	3	
8	1	2001	17.8	12.2	254	0	91.8	3	
8	2	2001	17.8	12.8	293	0	93.55	3	
8	3	2001	18.3	12.8	202	0	92.75	3	
8	4	2001	20.6	13.9	288	0	91.55	3	
8	5	2001	21.1	12.2	354	0	89.75	3	
8	6	2001	21.1	12.2	324	0	91.05	3	
8	7	2001	19.4	12.8	306	0	91.6	3	
8	8	2001	17.8	12.8	204	0	94	3	
8	9	2001	18.9	13.9	169	0	92.05	3	
8	10	2001	20.6	12.2	288	0	85.6	2	
8	11	2001	20.6	10.6	342	0	88.9	3	
8	12	2001	19.4	12.2	240	0	88.4	3	
8	13	2001	19.4	11.7	231	0	89.25	2	
8	14	2001	20	11.7	296	0	89.25	3	
8	15	2001	17.8	11.7	243	0	93.15	3	
8	16	2001	17.8	12.2	220	0	92.8	3	
8	17	2001	19.4	11.1	290	0	90.25	3	
8	18	2001	18.9	12.2	293	0	90.3	3	
8	19	2001	16.1	11.1	157	0	93.55	3	
8	20	2001	16.7	12.2	123	0	91.9	3	
8	21	2001	18.9	11.1	291	0	91.35	3	
8	22	2001	21.1	12.2	275	0	89.65	2	
8	23	2001	22.8	10.6	315	0	85	3	
8	24	2001	17.8	12.2	244	0	94.25	2	
8	25	2001	18.3	11.1	306	0	91.75	2	
8	26	2001	18.9	12.2	284	0	92.15	3	
8	27	2001	20.6	10.6	303	0	88.9	2	
8	28	2001	21.7	9.4	306	0	87.1	3	
8	29	2001	18.3	12.8	176	0	92.15	4	
8	30	2001	18.3	13.9	136	0	92.95	3	
8	31	2001	22.8	12.8	242	0	85.85	3	
9	1	2001	18.3	11.7	222	0	91.9	2	
9	2	2001	19.4	11.7	263	0	89.95	2	
9	3	2001	22.2	11.1	281	0	84.75	2	
9	4	2001	18.3	12.8	210	0	94.05	3	
9	5	2001	18.3	11.7	238	0	87.6	3	
9	6	2001	22.8	10	281	0	81.55	2	
9	7	2001	18.3	7.8	243	0	89.85	3	
9	8	2001	17.8	12.8	225	0	90.8	3	
9	9	2001	20	10.6	165	0	86.45	2	
9	10	2001	22.2	10.6	274	0	81.6	2	
9	11	2001	22.8	12.2	270	0	80.25	2	
9	12	2001	18.9	12.2	214	0	91.25	3	
9	13	2001	19.4	13.3	196	0	92.65	2	
9	14	2001	19.4	12.8	214	0	93.35	2	
9	15	2001	17.8	12.2	165	0	94.9	2	
9	16	2001	17.2	13.3	102	0	95.05	2	
9	17	2001	16.7	12.8	95	0	95.55	2	
9	18	2001	16.1	12.2	69	0	96.3	2	
9	19	2001	23.9	11.7	231	0	94.4	3	
9	20	2001	16.1	13.3	98	0	95.9	2	
9	21	2001	16.7	12.8	170	0	94.85	2	
9	22	2001	18.9	11.7	197	0	93.7	2	
9	23	2001	17.2	12.8	162	0	93.65	2	
									
