Soil water conditions for each weather station location.
Station	SoilWater	SoilWaterMax	PermanentWiltingPoint
agmerra_1148_323_VEN.txt	209.59	4384.90	2037.00
agmerra_1149_319_VEN.txt	204.84	4384.90	2037.00
agmerra_1149_320_VEN.txt	201.61	4384.90	2037.00
agmerra_1149_321_VEN.txt	200.18	4384.90	2037.00
agmerra_1149_322_VEN.txt	208.49	4384.90	2037.00
agmerra_1149_323_VEN.txt	209.43	4384.90	2037.00
agmerra_1150_317_VEN.txt	203.04	4384.90	2037.00
agmerra_1150_318_VEN.txt	197.35	4384.90	2037.00
agmerra_1150_319_VEN.txt	195.57	4384.90	2037.00
agmerra_1150_320_VEN.txt	201.34	4384.90	2037.00
agmerra_1_190_ESP.txt	169.46	4384.90	2037.00
agmerra_1_191_ESP.txt	216.05	4384.90	2037.00
agmerra_1_192_ESP.txt	193.50	4384.90	2037.00
agmerra_1_193_ESP.txt	117.02	4384.90	2037.00
agmerra_1_194_ESP.txt	106.66	4384.90	2037.00
agmerra_1_195_ESP.txt	106.10	4384.90	2037.00
agmerra_1_196_ESP.txt	115.32	4384.90	2037.00
agmerra_1_197_ESP.txt	140.29	4384.90	2037.00
agmerra_1_198_ESP.txt	141.38	4384.90	2037.00
agmerra_1_199_ESP.txt	133.84	4384.90	2037.00
agmerra_10_191_ESP.txt	219.24	4384.90	2037.00
agmerra_10_192_ESP.txt	219.24	4384.90	2037.00
agmerra_10_193_ESP.txt	219.24	4384.90	2037.00
agmerra_10_194_ESP.txt	219.24	4384.90	2037.00
agmerra_11_192_ESP.txt	219.24	4384.90	2037.00
agmerra_11_193_ESP.txt	219.24	4384.90	2037.00
agmerra_11_194_ESP.txt	219.24	4384.90	2037.00
agmerra_11_202_ESP.txt	219.24	4384.90	2037.00
agmerra_12_191_ESP.txt	219.24	4384.90	2037.00
agmerra_12_192_ESP.txt	219.24	4384.90	2037.00
agmerra_12_193_ESP.txt	219.24	4384.90	2037.00
agmerra_12_201_ESP.txt	219.24	4384.90	2037.00
agmerra_12_202_ESP.txt	219.24	4384.90	2037.00
agmerra_12_203_ESP.txt	219.24	4384.90	2037.00
agmerra_1369_246_ESP.txt	219.24	4384.90	2037.00
agmerra_1374_247_ESP.txt	133.62	4384.90	2037.00
agmerra_1374_248_ESP.txt	130.41	4384.90	2037.00
agmerra_1375_247_ESP.txt	152.31	4384.90	2037.00
agmerra_1378_248_ESP.txt	135.16	4384.90	2037.00
agmerra_1378_249_ESP.txt	130.35	4384.90	2037.00
agmerra_1383_248_ESP.txt	118.35	4384.90	2037.00
agmerra_1384_247_ESP.txt	118.91	4384.90	2037.00
agmerra_1385_246_ESP.txt	118.90	4384.90	2037.00
agmerra_13_191_ESP.txt	219.24	4384.90	2037.00
agmerra_13_192_ESP.txt	218.73	4384.90	2037.00
agmerra_13_193_ESP.txt	219.24	4384.90	2037.00
agmerra_13_201_ESP.txt	219.24	4384.90	2037.00
agmerra_13_202_ESP.txt	219.24	4384.90	2037.00
agmerra_13_203_ESP.txt	219.24	4384.90	2037.00
agmerra_1403_204_PRT.txt	219.24	4384.90	2037.00
agmerra_1403_205_PRT.txt	219.24	4384.90	2037.00
agmerra_1404_189_ESP.txt	215.92	4384.90	2037.00
agmerra_1404_203_PRT.txt	219.24	4384.90	2037.00
agmerra_1404_204_PRT.txt	219.24	4384.90	2037.00
agmerra_1404_205_PRT.txt	219.24	4384.90	2037.00
agmerra_1404_206_PRT.txt	219.24	4384.90	2037.00
agmerra_1405_188_ESP.txt	219.24	4384.90	2037.00
agmerra_1405_189_ESP.txt	215.98	4384.90	2037.00
agmerra_1405_190_ESP.txt	215.98	4384.90	2037.00
agmerra_1405_201_PRT.txt	219.24	4384.90	2037.00
agmerra_1405_202_PRT.txt	219.24	4384.90	2037.00
agmerra_1405_203_PRT.txt	219.24	4384.90	2037.00
agmerra_1405_204_PRT.txt	219.24	4384.90	2037.00
agmerra_1405_205_PRT.txt	219.24	4384.90	2037.00
agmerra_1405_206_PRT.txt	219.24	4384.90	2037.00
agmerra_1405_212_PRT.txt	219.24	4384.90	2037.00
agmerra_1406_188_ESP.txt	219.24	4384.90	2037.00
agmerra_1406_189_ESP.txt	215.96	4384.90	2037.00
agmerra_1406_190_ESP.txt	215.91	4384.90	2037.00
agmerra_1406_191_ESP.txt	216.54	4384.90	2037.00
agmerra_1406_192_ESP.txt	217.08	4384.90	2037.00
agmerra_1406_193_PRT.txt	218.41	4384.90	2037.00
agmerra_1406_194_PRT.txt	218.40	4384.90	2037.00
agmerra_1406_195_PRT.txt	219.24	4384.90	2037.00
agmerra_1406_196_PRT.txt	219.24	4384.90	2037.00
agmerra_1406_197_PRT.txt	219.24	4384.90	2037.00
agmerra_1406_198_PRT.txt	219.24	4384.90	2037.00
agmerra_1406_199_PRT.txt	219.24	4384.90	2037.00
agmerra_1406_200_PRT.txt	219.24	4384.90	2037.00
agmerra_1406_201_PRT.txt	219.24	4384.90	2037.00
agmerra_1406_202_PRT.txt	219.24	4384.90	2037.00
agmerra_1406_203_PRT.txt	219.24	4384.90	2037.00
agmerra_1406_204_PRT.txt	219.24	4384.90	2037.00
agmerra_1406_205_PRT.txt	219.24	4384.90	2037.00
agmerra_1406_206_PRT.txt	219.24	4384.90	2037.00
agmerra_1406_207_PRT.txt	219.24	4384.90	2037.00
agmerra_1406_208_PRT.txt	219.24	4384.90	2037.00
agmerra_1406_209_PRT.txt	219.24	4384.90	2037.00
agmerra_1406_210_PRT.txt	219.24	4384.90	2037.00
agmerra_1406_211_PRT.txt	219.24	4384.90	2037.00
agmerra_1406_212_PRT.txt	219.24	4384.90	2037.00
agmerra_1407_187_ESP.txt	216.19	4384.90	2037.00
agmerra_1407_188_ESP.txt	216.42	4384.90	2037.00
agmerra_1407_189_ESP.txt	215.73	4384.90	2037.00
agmerra_1407_190_ESP.txt	215.74	4384.90	2037.00
agmerra_1407_191_ESP.txt	217.33	4384.90	2037.00
agmerra_1407_192_ESP.txt	217.76	4384.90	2037.00
agmerra_1407_193_PRT.txt	219.13	4384.90	2037.00
agmerra_1407_194_PRT.txt	219.13	4384.90	2037.00
agmerra_1407_195_PRT.txt	219.24	4384.90	2037.00
agmerra_1407_196_PRT.txt	219.24	4384.90	2037.00
agmerra_1407_197_PRT.txt	219.24	4384.90	2037.00
agmerra_1407_198_PRT.txt	219.24	4384.90	2037.00
agmerra_1407_199_PRT.txt	219.24	4384.90	2037.00
agmerra_1407_200_PRT.txt	219.24	4384.90	2037.00
agmerra_1407_201_PRT.txt	219.24	4384.90	2037.00
agmerra_1407_202_PRT.txt	219.24	4384.90	2037.00
agmerra_1407_203_PRT.txt	219.24	4384.90	2037.00
agmerra_1407_204_PRT.txt	219.24	4384.90	2037.00
agmerra_1407_205_PRT.txt	219.24	4384.90	2037.00
agmerra_1407_206_PRT.txt	219.24	4384.90	2037.00
agmerra_1407_207_PRT.txt	219.24	4384.90	2037.00
agmerra_1407_208_PRT.txt	219.24	4384.90	2037.00
agmerra_1407_209_PRT.txt	219.24	4384.90	2037.00
agmerra_1407_210_PRT.txt	219.24	4384.90	2037.00
agmerra_1407_211_PRT.txt	219.24	4384.90	2037.00
agmerra_1407_212_PRT.txt	219.24	4384.90	2037.00
agmerra_1408_186_ESP.txt	219.24	4384.90	2037.00
agmerra_1408_187_ESP.txt	216.01	4384.90	2037.00
agmerra_1408_188_ESP.txt	216.32	4384.90	2037.00
agmerra_1408_189_ESP.txt	215.69	4384.90	2037.00
agmerra_1408_190_ESP.txt	215.76	4384.90	2037.00
agmerra_1408_191_ESP.txt	217.38	4384.90	2037.00
agmerra_1408_192_ESP.txt	217.81	4384.90	2037.00
agmerra_1408_193_ESP.txt	219.12	4384.90	2037.00
agmerra_1408_194_PRT.txt	219.12	4384.90	2037.00
agmerra_1408_195_PRT.txt	219.24	4384.90	2037.00
agmerra_1408_196_PRT.txt	219.24	4384.90	2037.00
agmerra_1408_197_PRT.txt	219.24	4384.90	2037.00
agmerra_1408_198_PRT.txt	219.24	4384.90	2037.00
agmerra_1408_199_PRT.txt	219.24	4384.90	2037.00
agmerra_1408_200_PRT.txt	219.24	4384.90	2037.00
agmerra_1408_201_PRT.txt	219.24	4384.90	2037.00
agmerra_1408_202_PRT.txt	219.24	4384.90	2037.00
agmerra_1408_203_PRT.txt	219.24	4384.90	2037.00
agmerra_1408_204_PRT.txt	219.24	4384.90	2037.00
agmerra_1408_205_PRT.txt	219.24	4384.90	2037.00
agmerra_1408_206_PRT.txt	219.24	4384.90	2037.00
agmerra_1408_207_PRT.txt	219.24	4384.90	2037.00
agmerra_1408_208_PRT.txt	219.24	4384.90	2037.00
agmerra_1408_209_PRT.txt	219.24	4384.90	2037.00
agmerra_1408_210_PRT.txt	219.24	4384.90	2037.00
agmerra_1408_211_PRT.txt	219.24	4384.90	2037.00
agmerra_1408_212_PRT.txt	219.24	4384.90	2037.00
agmerra_1409_186_ESP.txt	219.24	4384.90	2037.00
agmerra_1409_187_ESP.txt	216.36	4384.90	2037.00
agmerra_1409_188_ESP.txt	216.62	4384.90	2037.00
agmerra_1409_189_ESP.txt	215.76	4384.90	2037.00
agmerra_1409_190_ESP.txt	215.83	4384.90	2037.00
agmerra_1409_191_ESP.txt	217.07	4384.90	2037.00
agmerra_1409_192_ESP.txt	217.41	4384.90	2037.00
agmerra_1409_193_ESP.txt	219.11	4384.90	2037.00
agmerra_1409_194_PRT.txt	219.11	4384.90	2037.00
agmerra_1409_195_PRT.txt	219.24	4384.90	2037.00
agmerra_1409_196_PRT.txt	219.24	4384.90	2037.00
agmerra_1409_197_PRT.txt	219.24	4384.90	2037.00
agmerra_1409_198_PRT.txt	219.24	4384.90	2037.00
agmerra_1409_199_PRT.txt	219.24	4384.90	2037.00
agmerra_1409_200_PRT.txt	219.24	4384.90	2037.00
agmerra_1409_201_PRT.txt	219.24	4384.90	2037.00
agmerra_1409_202_PRT.txt	219.24	4384.90	2037.00
agmerra_1409_203_PRT.txt	219.24	4384.90	2037.00
agmerra_1409_204_PRT.txt	219.24	4384.90	2037.00
agmerra_1409_205_PRT.txt	219.24	4384.90	2037.00
agmerra_1409_206_PRT.txt	219.24	4384.90	2037.00
agmerra_1409_207_PRT.txt	219.24	4384.90	2037.00
agmerra_1409_208_PRT.txt	219.24	4384.90	2037.00
agmerra_1409_209_PRT.txt	219.24	4384.90	2037.00
agmerra_1409_210_PRT.txt	219.24	4384.90	2037.00
agmerra_1409_211_PRT.txt	219.24	4384.90	2037.00
agmerra_1409_212_PRT.txt	219.24	4384.90	2037.00
agmerra_1410_186_ESP.txt	219.24	4384.90	2037.00
agmerra_1410_187_ESP.txt	216.67	4384.90	2037.00
agmerra_1410_188_ESP.txt	216.79	4384.90	2037.00
agmerra_1410_189_ESP.txt	215.86	4384.90	2037.00
agmerra_1410_190_ESP.txt	215.90	4384.90	2037.00
agmerra_1410_191_ESP.txt	217.00	4384.90	2037.00
agmerra_1410_192_ESP.txt	217.39	4384.90	2037.00
agmerra_1410_193_ESP.txt	218.90	4384.90	2037.00
agmerra_1410_194_PRT.txt	219.00	4384.90	2037.00
agmerra_1410_195_PRT.txt	219.24	4384.90	2037.00
agmerra_1410_196_PRT.txt	219.24	4384.90	2037.00
agmerra_1410_197_PRT.txt	219.24	4384.90	2037.00
agmerra_1410_198_PRT.txt	219.24	4384.90	2037.00
agmerra_1410_199_PRT.txt	219.24	4384.90	2037.00
agmerra_1410_200_PRT.txt	219.24	4384.90	2037.00
agmerra_1410_201_PRT.txt	219.24	4384.90	2037.00
agmerra_1410_202_PRT.txt	219.24	4384.90	2037.00
agmerra_1410_203_PRT.txt	219.24	4384.90	2037.00
agmerra_1410_204_PRT.txt	219.24	4384.90	2037.00
agmerra_1410_205_PRT.txt	219.24	4384.90	2037.00
agmerra_1410_206_PRT.txt	219.24	4384.90	2037.00
agmerra_1410_207_PRT.txt	219.24	4384.90	2037.00
agmerra_1410_208_PRT.txt	219.24	4384.90	2037.00
agmerra_1410_209_PRT.txt	219.24	4384.90	2037.00
agmerra_1410_210_PRT.txt	219.24	4384.90	2037.00
agmerra_1410_211_PRT.txt	219.24	4384.90	2037.00
agmerra_1410_212_PRT.txt	219.24	4384.90	2037.00
agmerra_1411_187_ESP.txt	217.92	4384.90	2037.00
agmerra_1411_188_ESP.txt	217.98	4384.90	2037.00
agmerra_1411_189_ESP.txt	217.62	4384.90	2037.00
agmerra_1411_190_ESP.txt	217.61	4384.90	2037.00
agmerra_1411_191_ESP.txt	217.47	4384.90	2037.00
agmerra_1411_192_ESP.txt	217.79	4384.90	2037.00
agmerra_1411_193_ESP.txt	217.65	4384.90	2037.00
agmerra_1411_194_PRT.txt	217.72	4384.90	2037.00
agmerra_1411_195_PRT.txt	219.09	4384.90	2037.00
agmerra_1411_196_PRT.txt	219.07	4384.90	2037.00
agmerra_1411_197_PRT.txt	219.24	4384.90	2037.00
agmerra_1411_198_PRT.txt	219.24	4384.90	2037.00
agmerra_1411_199_PRT.txt	219.24	4384.90	2037.00
agmerra_1411_200_PRT.txt	219.24	4384.90	2037.00
agmerra_1411_201_PRT.txt	219.24	4384.90	2037.00
agmerra_1411_202_ESP.txt	219.24	4384.90	2037.00
agmerra_1411_203_PRT.txt	219.24	4384.90	2037.00
agmerra_1411_204_PRT.txt	219.24	4384.90	2037.00
agmerra_1411_205_PRT.txt	219.24	4384.90	2037.00
agmerra_1411_206_PRT.txt	219.24	4384.90	2037.00
agmerra_1411_207_PRT.txt	219.24	4384.90	2037.00
agmerra_1411_208_PRT.txt	219.24	4384.90	2037.00
agmerra_1411_209_PRT.txt	219.24	4384.90	2037.00
agmerra_1411_210_ESP.txt	219.24	4384.90	2037.00
agmerra_1411_211_ESP.txt	219.24	4384.90	2037.00
agmerra_1412_187_ESP.txt	217.97	4384.90	2037.00
agmerra_1412_188_ESP.txt	217.89	4384.90	2037.00
agmerra_1412_189_ESP.txt	217.59	4384.90	2037.00
agmerra_1412_190_ESP.txt	217.54	4384.90	2037.00
agmerra_1412_191_ESP.txt	217.42	4384.90	2037.00
agmerra_1412_192_ESP.txt	217.90	4384.90	2037.00
agmerra_1412_193_PRT.txt	217.84	4384.90	2037.00
agmerra_1412_194_PRT.txt	217.72	4384.90	2037.00
agmerra_1412_195_PRT.txt	218.84	4384.90	2037.00
agmerra_1412_196_PRT.txt	218.74	4384.90	2037.00
agmerra_1412_197_PRT.txt	219.24	4384.90	2037.00
agmerra_1412_198_PRT.txt	219.24	4384.90	2037.00
agmerra_1412_199_PRT.txt	219.24	4384.90	2037.00
agmerra_1412_200_PRT.txt	219.24	4384.90	2037.00
agmerra_1412_201_PRT.txt	219.24	4384.90	2037.00
agmerra_1412_202_ESP.txt	219.24	4384.90	2037.00
agmerra_1412_203_ESP.txt	219.24	4384.90	2037.00
agmerra_1412_204_ESP.txt	219.24	4384.90	2037.00
agmerra_1412_205_PRT.txt	219.24	4384.90	2037.00
agmerra_1412_206_ESP.txt	219.24	4384.90	2037.00
agmerra_1412_207_ESP.txt	219.24	4384.90	2037.00
agmerra_1412_208_PRT.txt	219.24	4384.90	2037.00
agmerra_1412_209_ESP.txt	219.24	4384.90	2037.00
agmerra_1412_210_ESP.txt	219.24	4384.90	2037.00
agmerra_1412_211_ESP.txt	219.24	4384.90	2037.00
agmerra_1413_187_ESP.txt	219.24	4384.90	2037.00
agmerra_1413_188_ESP.txt	219.24	4384.90	2037.00
agmerra_1413_189_ESP.txt	218.62	4384.90	2037.00
agmerra_1413_190_ESP.txt	218.25	4384.90	2037.00
agmerra_1413_191_ESP.txt	216.71	4384.90	2037.00
agmerra_1413_192_ESP.txt	217.12	4384.90	2037.00
agmerra_1413_193_PRT.txt	216.53	4384.90	2037.00
agmerra_1413_194_PRT.txt	216.31	4384.90	2037.00
agmerra_1413_195_PRT.txt	218.24	4384.90	2037.00
agmerra_1413_196_PRT.txt	218.28	4384.90	2037.00
agmerra_1413_197_PRT.txt	219.24	4384.90	2037.00
agmerra_1413_198_PRT.txt	219.24	4384.90	2037.00
agmerra_1413_199_PRT.txt	219.24	4384.90	2037.00
agmerra_1413_200_ESP.txt	219.24	4384.90	2037.00
agmerra_1413_201_ESP.txt	219.24	4384.90	2037.00
agmerra_1413_202_ESP.txt	219.24	4384.90	2037.00
agmerra_1413_203_ESP.txt	219.24	4384.90	2037.00
agmerra_1413_204_ESP.txt	219.24	4384.90	2037.00
agmerra_1413_205_ESP.txt	219.24	4384.90	2037.00
agmerra_1413_206_ESP.txt	219.24	4384.90	2037.00
agmerra_1413_207_ESP.txt	219.24	4384.90	2037.00
agmerra_1413_208_ESP.txt	219.24	4384.90	2037.00
agmerra_1413_209_ESP.txt	219.24	4384.90	2037.00
agmerra_1413_210_ESP.txt	219.24	4384.90	2037.00
agmerra_1413_211_ESP.txt	219.24	4384.90	2037.00
agmerra_1414_187_ESP.txt	219.24	4384.90	2037.00
agmerra_1414_188_ESP.txt	219.24	4384.90	2037.00
agmerra_1414_189_ESP.txt	218.61	4384.90	2037.00
agmerra_1414_190_ESP.txt	217.99	4384.90	2037.00
agmerra_1414_191_ESP.txt	216.92	4384.90	2037.00
agmerra_1414_192_ESP.txt	217.19	4384.90	2037.00
agmerra_1414_193_PRT.txt	216.53	4384.90	2037.00
agmerra_1414_194_PRT.txt	216.28	4384.90	2037.00
agmerra_1414_195_PRT.txt	218.09	4384.90	2037.00
agmerra_1414_196_ESP.txt	217.95	4384.90	2037.00
agmerra_1414_197_ESP.txt	219.24	4384.90	2037.00
agmerra_1414_198_ESP.txt	219.24	4384.90	2037.00
agmerra_1414_199_ESP.txt	219.24	4384.90	2037.00
agmerra_1414_200_ESP.txt	219.24	4384.90	2037.00
agmerra_1414_201_ESP.txt	219.24	4384.90	2037.00
agmerra_1414_202_ESP.txt	219.24	4384.90	2037.00
agmerra_1414_203_ESP.txt	219.24	4384.90	2037.00
agmerra_1414_204_ESP.txt	219.24	4384.90	2037.00
agmerra_1414_205_ESP.txt	219.24	4384.90	2037.00
agmerra_1414_206_ESP.txt	219.24	4384.90	2037.00
agmerra_1414_207_ESP.txt	219.24	4384.90	2037.00
agmerra_1414_208_ESP.txt	219.24	4384.90	2037.00
agmerra_1414_209_ESP.txt	219.24	4384.90	2037.00
agmerra_1414_210_ESP.txt	219.24	4384.90	2037.00
agmerra_1414_211_ESP.txt	219.24	4384.90	2037.00
agmerra_1414_212_ESP.txt	219.24	4384.90	2037.00
agmerra_1415_187_ESP.txt	219.24	4384.90	2037.00
agmerra_1415_188_ESP.txt	219.24	4384.90	2037.00
agmerra_1415_189_ESP.txt	219.24	4384.90	2037.00
agmerra_1415_190_ESP.txt	219.24	4384.90	2037.00
agmerra_1415_191_ESP.txt	216.44	4384.90	2037.00
agmerra_1415_192_ESP.txt	216.77	4384.90	2037.00
agmerra_1415_193_ESP.txt	216.28	4384.90	2037.00
agmerra_1415_194_PRT.txt	216.19	4384.90	2037.00
agmerra_1415_195_ESP.txt	218.79	4384.90	2037.00
agmerra_1415_196_ESP.txt	218.86	4384.90	2037.00
agmerra_1415_197_ESP.txt	219.24	4384.90	2037.00
agmerra_1415_198_ESP.txt	219.24	4384.90	2037.00
agmerra_1415_199_ESP.txt	219.24	4384.90	2037.00
agmerra_1415_200_ESP.txt	219.24	4384.90	2037.00
agmerra_1415_201_ESP.txt	219.24	4384.90	2037.00
agmerra_1415_202_ESP.txt	219.24	4384.90	2037.00
agmerra_1415_203_ESP.txt	219.24	4384.90	2037.00
agmerra_1415_204_ESP.txt	219.24	4384.90	2037.00
agmerra_1415_205_ESP.txt	219.24	4384.90	2037.00
agmerra_1415_206_ESP.txt	219.24	4384.90	2037.00
agmerra_1415_207_ESP.txt	219.24	4384.90	2037.00
agmerra_1415_208_ESP.txt	219.24	4384.90	2037.00
agmerra_1415_209_ESP.txt	219.24	4384.90	2037.00
agmerra_1415_210_ESP.txt	219.24	4384.90	2037.00
agmerra_1415_211_ESP.txt	219.24	4384.90	2037.00
agmerra_1415_212_ESP.txt	219.24	4384.90	2037.00
agmerra_1415_213_ESP.txt	219.24	4384.90	2037.00
agmerra_1416_187_ESP.txt	219.24	4384.90	2037.00
agmerra_1416_188_ESP.txt	219.24	4384.90	2037.00
agmerra_1416_189_ESP.txt	219.24	4384.90	2037.00
agmerra_1416_190_ESP.txt	219.24	4384.90	2037.00
agmerra_1416_191_ESP.txt	216.44	4384.90	2037.00
agmerra_1416_192_ESP.txt	216.60	4384.90	2037.00
agmerra_1416_193_ESP.txt	216.00	4384.90	2037.00
agmerra_1416_194_ESP.txt	216.08	4384.90	2037.00
agmerra_1416_195_ESP.txt	218.46	4384.90	2037.00
agmerra_1416_196_ESP.txt	218.55	4384.90	2037.00
agmerra_1416_197_ESP.txt	219.24	4384.90	2037.00
agmerra_1416_198_ESP.txt	219.24	4384.90	2037.00
agmerra_1416_199_ESP.txt	219.24	4384.90	2037.00
agmerra_1416_200_ESP.txt	219.24	4384.90	2037.00
agmerra_1416_201_ESP.txt	219.24	4384.90	2037.00
agmerra_1416_202_ESP.txt	219.24	4384.90	2037.00
agmerra_1416_203_ESP.txt	219.24	4384.90	2037.00
agmerra_1416_204_ESP.txt	219.24	4384.90	2037.00
agmerra_1416_205_ESP.txt	219.24	4384.90	2037.00
agmerra_1416_206_ESP.txt	219.24	4384.90	2037.00
agmerra_1416_207_ESP.txt	219.24	4384.90	2037.00
agmerra_1416_208_ESP.txt	219.24	4384.90	2037.00
agmerra_1416_209_ESP.txt	219.24	4384.90	2037.00
agmerra_1416_210_ESP.txt	219.24	4384.90	2037.00
agmerra_1416_211_ESP.txt	219.24	4384.90	2037.00
agmerra_1416_212_ESP.txt	219.24	4384.90	2037.00
agmerra_1416_213_ESP.txt	219.24	4384.90	2037.00
agmerra_1416_214_ESP.txt	219.24	4384.90	2037.00
agmerra_1416_215_ESP.txt	219.24	4384.90	2037.00
agmerra_1417_187_ESP.txt	219.24	4384.90	2037.00
agmerra_1417_188_ESP.txt	219.24	4384.90	2037.00
agmerra_1417_189_ESP.txt	219.24	4384.90	2037.00
agmerra_1417_190_ESP.txt	219.24	4384.90	2037.00
agmerra_1417_191_ESP.txt	215.82	4384.90	2037.00
agmerra_1417_192_ESP.txt	215.71	4384.90	2037.00
agmerra_1417_193_ESP.txt	215.85	4384.90	2037.00
agmerra_1417_194_ESP.txt	216.00	4384.90	2037.00
agmerra_1417_195_ESP.txt	217.99	4384.90	2037.00
agmerra_1417_196_ESP.txt	218.07	4384.90	2037.00
agmerra_1417_197_ESP.txt	219.24	4384.90	2037.00
agmerra_1417_198_ESP.txt	219.24	4384.90	2037.00
agmerra_1417_199_ESP.txt	219.24	4384.90	2037.00
agmerra_1417_200_ESP.txt	219.24	4384.90	2037.00
agmerra_1417_201_ESP.txt	219.24	4384.90	2037.00
agmerra_1417_202_ESP.txt	219.24	4384.90	2037.00
agmerra_1417_203_ESP.txt	219.24	4384.90	2037.00
agmerra_1417_204_ESP.txt	219.24	4384.90	2037.00
agmerra_1417_205_ESP.txt	219.24	4384.90	2037.00
agmerra_1417_206_ESP.txt	219.24	4384.90	2037.00
agmerra_1417_207_ESP.txt	219.24	4384.90	2037.00
agmerra_1417_208_ESP.txt	219.24	4384.90	2037.00
agmerra_1417_209_ESP.txt	219.24	4384.90	2037.00
agmerra_1417_210_ESP.txt	219.24	4384.90	2037.00
agmerra_1417_211_ESP.txt	219.24	4384.90	2037.00
agmerra_1417_212_ESP.txt	219.24	4384.90	2037.00
agmerra_1417_213_ESP.txt	219.24	4384.90	2037.00
agmerra_1417_214_ESP.txt	219.24	4384.90	2037.00
agmerra_1417_215_ESP.txt	219.24	4384.90	2037.00
agmerra_1418_187_ESP.txt	219.24	4384.90	2037.00
agmerra_1418_188_ESP.txt	219.24	4384.90	2037.00
agmerra_1418_189_ESP.txt	219.24	4384.90	2037.00
agmerra_1418_190_ESP.txt	219.24	4384.90	2037.00
agmerra_1418_191_ESP.txt	215.83	4384.90	2037.00
agmerra_1418_192_ESP.txt	215.68	4384.90	2037.00
agmerra_1418_193_ESP.txt	215.80	4384.90	2037.00
agmerra_1418_194_ESP.txt	215.92	4384.90	2037.00
agmerra_1418_195_ESP.txt	217.90	4384.90	2037.00
agmerra_1418_196_ESP.txt	217.88	4384.90	2037.00
agmerra_1418_197_ESP.txt	219.24	4384.90	2037.00
agmerra_1418_198_ESP.txt	219.24	4384.90	2037.00
agmerra_1418_199_ESP.txt	219.24	4384.90	2037.00
agmerra_1418_200_ESP.txt	219.24	4384.90	2037.00
agmerra_1418_201_ESP.txt	219.24	4384.90	2037.00
agmerra_1418_202_ESP.txt	219.24	4384.90	2037.00
agmerra_1418_203_ESP.txt	219.24	4384.90	2037.00
agmerra_1418_204_ESP.txt	219.24	4384.90	2037.00
agmerra_1418_205_ESP.txt	219.24	4384.90	2037.00
agmerra_1418_206_ESP.txt	219.24	4384.90	2037.00
agmerra_1418_207_ESP.txt	219.24	4384.90	2037.00
agmerra_1418_208_ESP.txt	219.24	4384.90	2037.00
agmerra_1418_209_ESP.txt	219.24	4384.90	2037.00
agmerra_1418_210_ESP.txt	219.24	4384.90	2037.00
agmerra_1418_211_ESP.txt	219.24	4384.90	2037.00
agmerra_1418_212_ESP.txt	219.24	4384.90	2037.00
agmerra_1418_213_ESP.txt	219.24	4384.90	2037.00
agmerra_1418_214_ESP.txt	219.24	4384.90	2037.00
agmerra_1418_215_ESP.txt	219.24	4384.90	2037.00
agmerra_1418_216_ESP.txt	219.24	4384.90	2037.00
agmerra_1419_187_ESP.txt	219.24	4384.90	2037.00
agmerra_1419_188_ESP.txt	219.24	4384.90	2037.00
agmerra_1419_189_ESP.txt	219.24	4384.90	2037.00
agmerra_1419_190_ESP.txt	219.24	4384.90	2037.00
agmerra_1419_191_ESP.txt	216.09	4384.90	2037.00
agmerra_1419_192_ESP.txt	216.10	4384.90	2037.00
agmerra_1419_193_ESP.txt	212.82	4384.90	2037.00
agmerra_1419_194_ESP.txt	215.87	4384.90	2037.00
agmerra_1419_195_ESP.txt	218.88	4384.90	2037.00
agmerra_1419_196_ESP.txt	211.61	4384.90	2037.00
agmerra_1419_197_ESP.txt	219.24	4384.90	2037.00
agmerra_1419_198_ESP.txt	219.24	4384.90	2037.00
agmerra_1419_199_ESP.txt	219.24	4384.90	2037.00
agmerra_1419_200_ESP.txt	219.24	4384.90	2037.00
agmerra_1419_201_ESP.txt	219.24	4384.90	2037.00
agmerra_1419_202_ESP.txt	219.24	4384.90	2037.00
agmerra_1419_203_ESP.txt	219.24	4384.90	2037.00
agmerra_1419_204_ESP.txt	219.24	4384.90	2037.00
agmerra_1419_205_ESP.txt	219.24	4384.90	2037.00
agmerra_1419_206_ESP.txt	219.24	4384.90	2037.00
agmerra_1419_207_ESP.txt	219.24	4384.90	2037.00
agmerra_1419_208_ESP.txt	219.24	4384.90	2037.00
agmerra_1419_209_ESP.txt	219.24	4384.90	2037.00
agmerra_1419_210_ESP.txt	219.24	4384.90	2037.00
agmerra_1419_211_ESP.txt	219.24	4384.90	2037.00
agmerra_1419_212_ESP.txt	219.24	4384.90	2037.00
agmerra_1419_213_ESP.txt	219.24	4384.90	2037.00
agmerra_1419_214_ESP.txt	219.24	4384.90	2037.00
agmerra_1419_215_ESP.txt	219.24	4384.90	2037.00
agmerra_1420_187_ESP.txt	219.24	4384.90	2037.00
agmerra_1420_188_ESP.txt	219.24	4384.90	2037.00
agmerra_1420_189_ESP.txt	219.24	4384.90	2037.00
agmerra_1420_190_ESP.txt	219.24	4384.90	2037.00
agmerra_1420_191_ESP.txt	216.07	4384.90	2037.00
agmerra_1420_192_ESP.txt	216.07	4384.90	2037.00
agmerra_1420_193_ESP.txt	214.92	4384.90	2037.00
agmerra_1420_194_ESP.txt	215.82	4384.90	2037.00
agmerra_1420_195_ESP.txt	218.32	4384.90	2037.00
agmerra_1420_196_ESP.txt	209.68	4384.90	2037.00
agmerra_1420_197_ESP.txt	219.24	4384.90	2037.00
agmerra_1420_198_ESP.txt	219.24	4384.90	2037.00
agmerra_1420_199_ESP.txt	219.24	4384.90	2037.00
agmerra_1420_200_ESP.txt	219.24	4384.90	2037.00
agmerra_1420_201_ESP.txt	219.24	4384.90	2037.00
agmerra_1420_202_ESP.txt	219.24	4384.90	2037.00
agmerra_1420_203_ESP.txt	219.24	4384.90	2037.00
agmerra_1420_204_ESP.txt	219.24	4384.90	2037.00
agmerra_1420_205_ESP.txt	219.24	4384.90	2037.00
agmerra_1420_206_ESP.txt	219.24	4384.90	2037.00
agmerra_1420_207_ESP.txt	219.24	4384.90	2037.00
agmerra_1420_208_ESP.txt	219.24	4384.90	2037.00
agmerra_1420_209_ESP.txt	219.24	4384.90	2037.00
agmerra_1420_210_ESP.txt	219.24	4384.90	2037.00
agmerra_1420_211_ESP.txt	219.24	4384.90	2037.00
agmerra_1420_212_ESP.txt	219.24	4384.90	2037.00
agmerra_1420_213_ESP.txt	219.24	4384.90	2037.00
agmerra_1420_214_ESP.txt	219.24	4384.90	2037.00
agmerra_1421_187_ESP.txt	219.24	4384.90	2037.00
agmerra_1421_188_ESP.txt	219.24	4384.90	2037.00
agmerra_1421_189_ESP.txt	219.24	4384.90	2037.00
agmerra_1421_190_ESP.txt	219.24	4384.90	2037.00
agmerra_1421_191_ESP.txt	217.51	4384.90	2037.00
agmerra_1421_192_ESP.txt	217.52	4384.90	2037.00
agmerra_1421_193_ESP.txt	217.85	4384.90	2037.00
agmerra_1421_194_ESP.txt	217.91	4384.90	2037.00
agmerra_1421_195_ESP.txt	215.65	4384.90	2037.00
agmerra_1421_196_ESP.txt	209.05	4384.90	2037.00
agmerra_1421_197_ESP.txt	209.46	4384.90	2037.00
agmerra_1421_198_ESP.txt	219.24	4384.90	2037.00
agmerra_1421_199_ESP.txt	219.24	4384.90	2037.00
agmerra_1421_200_ESP.txt	219.24	4384.90	2037.00
agmerra_1421_201_ESP.txt	219.24	4384.90	2037.00
agmerra_1421_202_ESP.txt	219.24	4384.90	2037.00
agmerra_1421_203_ESP.txt	219.24	4384.90	2037.00
agmerra_1421_204_ESP.txt	219.24	4384.90	2037.00
agmerra_1421_205_ESP.txt	219.24	4384.90	2037.00
agmerra_1421_206_ESP.txt	219.24	4384.90	2037.00
agmerra_1421_207_ESP.txt	219.24	4384.90	2037.00
agmerra_1421_208_ESP.txt	219.24	4384.90	2037.00
agmerra_1421_209_ESP.txt	219.24	4384.90	2037.00
agmerra_1421_210_ESP.txt	219.24	4384.90	2037.00
agmerra_1421_211_ESP.txt	219.24	4384.90	2037.00
agmerra_1421_212_ESP.txt	219.24	4384.90	2037.00
agmerra_1421_213_ESP.txt	219.24	4384.90	2037.00
agmerra_1421_214_ESP.txt	219.24	4384.90	2037.00
agmerra_1422_187_ESP.txt	219.24	4384.90	2037.00
agmerra_1422_188_ESP.txt	219.24	4384.90	2037.00
agmerra_1422_189_ESP.txt	219.24	4384.90	2037.00
agmerra_1422_190_ESP.txt	219.24	4384.90	2037.00
agmerra_1422_191_ESP.txt	217.29	4384.90	2037.00
agmerra_1422_192_ESP.txt	217.29	4384.90	2037.00
agmerra_1422_193_ESP.txt	217.83	4384.90	2037.00
agmerra_1422_194_ESP.txt	207.54	4384.90	2037.00
agmerra_1422_195_ESP.txt	206.72	4384.90	2037.00
agmerra_1422_196_ESP.txt	209.54	4384.90	2037.00
agmerra_1422_197_ESP.txt	219.24	4384.90	2037.00
agmerra_1422_198_ESP.txt	219.24	4384.90	2037.00
agmerra_1422_199_ESP.txt	219.24	4384.90	2037.00
agmerra_1422_200_ESP.txt	219.24	4384.90	2037.00
agmerra_1422_201_ESP.txt	219.24	4384.90	2037.00
agmerra_1422_202_ESP.txt	219.24	4384.90	2037.00
agmerra_1422_203_ESP.txt	219.24	4384.90	2037.00
agmerra_1422_204_ESP.txt	219.24	4384.90	2037.00
agmerra_1422_205_ESP.txt	219.24	4384.90	2037.00
agmerra_1422_206_ESP.txt	219.24	4384.90	2037.00
agmerra_1422_207_ESP.txt	219.24	4384.90	2037.00
agmerra_1422_208_ESP.txt	219.24	4384.90	2037.00
agmerra_1422_209_ESP.txt	219.24	4384.90	2037.00
agmerra_1422_210_ESP.txt	219.24	4384.90	2037.00
agmerra_1422_211_ESP.txt	219.24	4384.90	2037.00
agmerra_1422_212_ESP.txt	219.24	4384.90	2037.00
agmerra_1422_213_ESP.txt	219.24	4384.90	2037.00
agmerra_1422_214_ESP.txt	219.24	4384.90	2037.00
agmerra_1423_187_ESP.txt	219.24	4384.90	2037.00
agmerra_1423_188_ESP.txt	219.24	4384.90	2037.00
agmerra_1423_189_ESP.txt	219.24	4384.90	2037.00
agmerra_1423_190_ESP.txt	218.92	4384.90	2037.00
agmerra_1423_191_ESP.txt	215.94	4384.90	2037.00
agmerra_1423_192_ESP.txt	215.96	4384.90	2037.00
agmerra_1423_193_ESP.txt	218.32	4384.90	2037.00
agmerra_1423_194_ESP.txt	218.10	4384.90	2037.00
agmerra_1423_195_ESP.txt	208.67	4384.90	2037.00
agmerra_1423_196_ESP.txt	219.24	4384.90	2037.00
agmerra_1423_197_ESP.txt	219.24	4384.90	2037.00
agmerra_1423_198_ESP.txt	219.24	4384.90	2037.00
agmerra_1423_199_ESP.txt	219.24	4384.90	2037.00
agmerra_1423_200_ESP.txt	219.24	4384.90	2037.00
agmerra_1423_201_ESP.txt	219.24	4384.90	2037.00
agmerra_1423_202_ESP.txt	219.24	4384.90	2037.00
agmerra_1423_203_ESP.txt	219.24	4384.90	2037.00
agmerra_1423_204_ESP.txt	219.24	4384.90	2037.00
agmerra_1423_205_ESP.txt	219.24	4384.90	2037.00
agmerra_1423_206_ESP.txt	219.24	4384.90	2037.00
agmerra_1423_207_ESP.txt	219.24	4384.90	2037.00
agmerra_1423_208_ESP.txt	219.24	4384.90	2037.00
agmerra_1423_209_ESP.txt	219.24	4384.90	2037.00
agmerra_1423_210_ESP.txt	219.24	4384.90	2037.00
agmerra_1423_211_ESP.txt	219.24	4384.90	2037.00
agmerra_1423_212_ESP.txt	219.24	4384.90	2037.00
agmerra_1423_213_ESP.txt	219.24	4384.90	2037.00
agmerra_1424_187_ESP.txt	219.24	4384.90	2037.00
agmerra_1424_188_ESP.txt	219.24	4384.90	2037.00
agmerra_1424_189_ESP.txt	219.24	4384.90	2037.00
agmerra_1424_190_ESP.txt	218.96	4384.90	2037.00
agmerra_1424_191_ESP.txt	215.92	4384.90	2037.00
agmerra_1424_192_ESP.txt	215.94	4384.90	2037.00
agmerra_1424_193_ESP.txt	218.32	4384.90	2037.00
agmerra_1424_194_ESP.txt	218.23	4384.90	2037.00
agmerra_1424_195_ESP.txt	213.36	4384.90	2037.00
agmerra_1424_196_ESP.txt	219.24	4384.90	2037.00
agmerra_1424_197_ESP.txt	219.24	4384.90	2037.00
agmerra_1424_198_ESP.txt	219.24	4384.90	2037.00
agmerra_1424_199_ESP.txt	219.24	4384.90	2037.00
agmerra_1424_200_ESP.txt	219.24	4384.90	2037.00
agmerra_1424_201_ESP.txt	219.24	4384.90	2037.00
agmerra_1424_202_ESP.txt	219.24	4384.90	2037.00
agmerra_1424_203_ESP.txt	219.24	4384.90	2037.00
agmerra_1424_204_ESP.txt	219.24	4384.90	2037.00
agmerra_1424_205_ESP.txt	219.24	4384.90	2037.00
agmerra_1424_206_ESP.txt	219.24	4384.90	2037.00
agmerra_1424_207_ESP.txt	219.24	4384.90	2037.00
agmerra_1424_208_ESP.txt	219.24	4384.90	2037.00
agmerra_1424_209_ESP.txt	219.24	4384.90	2037.00
agmerra_1424_210_ESP.txt	219.24	4384.90	2037.00
agmerra_1424_211_ESP.txt	219.24	4384.90	2037.00
agmerra_1424_212_ESP.txt	219.24	4384.90	2037.00
agmerra_1424_213_ESP.txt	219.24	4384.90	2037.00
agmerra_1425_187_ESP.txt	219.24	4384.90	2037.00
agmerra_1425_188_ESP.txt	219.24	4384.90	2037.00
agmerra_1425_189_ESP.txt	219.24	4384.90	2037.00
agmerra_1425_190_ESP.txt	219.01	4384.90	2037.00
agmerra_1425_191_ESP.txt	215.97	4384.90	2037.00
agmerra_1425_192_ESP.txt	216.01	4384.90	2037.00
agmerra_1425_193_ESP.txt	218.36	4384.90	2037.00
agmerra_1425_194_ESP.txt	218.14	4384.90	2037.00
agmerra_1425_195_ESP.txt	219.24	4384.90	2037.00
agmerra_1425_196_ESP.txt	219.24	4384.90	2037.00
agmerra_1425_197_ESP.txt	219.24	4384.90	2037.00
agmerra_1425_198_ESP.txt	219.24	4384.90	2037.00
agmerra_1425_199_ESP.txt	219.24	4384.90	2037.00
agmerra_1425_200_ESP.txt	219.24	4384.90	2037.00
agmerra_1425_201_ESP.txt	219.24	4384.90	2037.00
agmerra_1425_202_ESP.txt	219.24	4384.90	2037.00
agmerra_1425_203_ESP.txt	219.24	4384.90	2037.00
agmerra_1425_204_ESP.txt	219.24	4384.90	2037.00
agmerra_1425_205_ESP.txt	219.24	4384.90	2037.00
agmerra_1425_206_ESP.txt	219.24	4384.90	2037.00
agmerra_1425_207_ESP.txt	219.24	4384.90	2037.00
agmerra_1425_208_ESP.txt	219.24	4384.90	2037.00
agmerra_1425_209_ESP.txt	219.24	4384.90	2037.00
agmerra_1425_210_ESP.txt	219.24	4384.90	2037.00
agmerra_1425_211_ESP.txt	219.24	4384.90	2037.00
agmerra_1425_212_ESP.txt	219.24	4384.90	2037.00
agmerra_1425_213_ESP.txt	219.24	4384.90	2037.00
agmerra_1426_187_ESP.txt	219.24	4384.90	2037.00
agmerra_1426_188_ESP.txt	219.24	4384.90	2037.00
agmerra_1426_189_ESP.txt	219.24	4384.90	2037.00
agmerra_1426_190_ESP.txt	219.13	4384.90	2037.00
agmerra_1426_191_ESP.txt	216.02	4384.90	2037.00
agmerra_1426_192_ESP.txt	216.09	4384.90	2037.00
agmerra_1426_193_ESP.txt	218.41	4384.90	2037.00
agmerra_1426_194_ESP.txt	218.01	4384.90	2037.00
agmerra_1426_195_ESP.txt	219.24	4384.90	2037.00
agmerra_1426_196_ESP.txt	219.24	4384.90	2037.00
agmerra_1426_197_ESP.txt	219.24	4384.90	2037.00
agmerra_1426_198_ESP.txt	219.24	4384.90	2037.00
agmerra_1426_199_ESP.txt	219.24	4384.90	2037.00
agmerra_1426_200_ESP.txt	219.24	4384.90	2037.00
agmerra_1426_201_ESP.txt	219.24	4384.90	2037.00
agmerra_1426_202_ESP.txt	219.24	4384.90	2037.00
agmerra_1426_203_ESP.txt	219.24	4384.90	2037.00
agmerra_1426_204_ESP.txt	219.24	4384.90	2037.00
agmerra_1426_205_ESP.txt	219.24	4384.90	2037.00
agmerra_1426_206_ESP.txt	219.24	4384.90	2037.00
agmerra_1426_207_ESP.txt	219.24	4384.90	2037.00
agmerra_1426_208_ESP.txt	219.24	4384.90	2037.00
agmerra_1426_209_ESP.txt	219.24	4384.90	2037.00
agmerra_1426_210_ESP.txt	219.24	4384.90	2037.00
agmerra_1426_211_ESP.txt	219.24	4384.90	2037.00
agmerra_1426_212_ESP.txt	219.24	4384.90	2037.00
agmerra_1426_213_ESP.txt	219.24	4384.90	2037.00
agmerra_1427_187_ESP.txt	219.04	4384.90	2037.00
agmerra_1427_188_ESP.txt	218.82	4384.90	2037.00
agmerra_1427_189_ESP.txt	218.69	4384.90	2037.00
agmerra_1427_190_ESP.txt	218.19	4384.90	2037.00
agmerra_1427_191_ESP.txt	216.56	4384.90	2037.00
agmerra_1427_192_ESP.txt	216.64	4384.90	2037.00
agmerra_1427_193_ESP.txt	218.30	4384.90	2037.00
agmerra_1427_194_ESP.txt	217.93	4384.90	2037.00
agmerra_1427_195_ESP.txt	219.24	4384.90	2037.00
agmerra_1427_196_ESP.txt	219.24	4384.90	2037.00
agmerra_1427_197_ESP.txt	219.24	4384.90	2037.00
agmerra_1427_198_ESP.txt	219.24	4384.90	2037.00
agmerra_1427_199_ESP.txt	219.24	4384.90	2037.00
agmerra_1427_200_ESP.txt	219.24	4384.90	2037.00
agmerra_1427_201_ESP.txt	219.24	4384.90	2037.00
agmerra_1427_202_ESP.txt	219.24	4384.90	2037.00
agmerra_1427_203_ESP.txt	219.24	4384.90	2037.00
agmerra_1427_204_ESP.txt	219.24	4384.90	2037.00
agmerra_1427_205_ESP.txt	219.24	4384.90	2037.00
agmerra_1427_206_ESP.txt	219.24	4384.90	2037.00
agmerra_1427_207_ESP.txt	219.24	4384.90	2037.00
agmerra_1427_208_ESP.txt	219.24	4384.90	2037.00
agmerra_1427_209_ESP.txt	219.24	4384.90	2037.00
agmerra_1427_210_ESP.txt	219.24	4384.90	2037.00
agmerra_1427_211_ESP.txt	206.26	4384.90	2037.00
agmerra_1427_212_ESP.txt	219.24	4384.90	2037.00
agmerra_1427_213_ESP.txt	219.24	4384.90	2037.00
agmerra_1428_187_ESP.txt	219.14	4384.90	2037.00
agmerra_1428_188_ESP.txt	218.74	4384.90	2037.00
agmerra_1428_189_ESP.txt	218.59	4384.90	2037.00
agmerra_1428_190_ESP.txt	218.37	4384.90	2037.00
agmerra_1428_191_ESP.txt	216.57	4384.90	2037.00
agmerra_1428_192_ESP.txt	216.64	4384.90	2037.00
agmerra_1428_193_ESP.txt	218.39	4384.90	2037.00
agmerra_1428_194_ESP.txt	217.69	4384.90	2037.00
agmerra_1428_195_ESP.txt	219.24	4384.90	2037.00
agmerra_1428_196_ESP.txt	219.24	4384.90	2037.00
agmerra_1428_197_ESP.txt	219.24	4384.90	2037.00
agmerra_1428_198_ESP.txt	219.24	4384.90	2037.00
agmerra_1428_199_ESP.txt	219.24	4384.90	2037.00
agmerra_1428_200_ESP.txt	219.24	4384.90	2037.00
agmerra_1428_201_ESP.txt	219.24	4384.90	2037.00
agmerra_1428_202_ESP.txt	219.24	4384.90	2037.00
agmerra_1428_203_ESP.txt	219.24	4384.90	2037.00
agmerra_1428_204_ESP.txt	219.24	4384.90	2037.00
agmerra_1428_205_ESP.txt	219.24	4384.90	2037.00
agmerra_1428_206_ESP.txt	219.24	4384.90	2037.00
agmerra_1428_207_ESP.txt	219.24	4384.90	2037.00
agmerra_1428_208_ESP.txt	219.24	4384.90	2037.00
agmerra_1428_209_ESP.txt	219.24	4384.90	2037.00
agmerra_1428_210_ESP.txt	219.24	4384.90	2037.00
agmerra_1428_211_ESP.txt	196.91	4384.90	2037.00
agmerra_1428_212_ESP.txt	219.24	4384.90	2037.00
agmerra_1428_213_ESP.txt	219.24	4384.90	2037.00
agmerra_1429_187_ESP.txt	219.11	4384.90	2037.00
agmerra_1429_188_ESP.txt	218.28	4384.90	2037.00
agmerra_1429_189_ESP.txt	217.95	4384.90	2037.00
agmerra_1429_190_ESP.txt	217.93	4384.90	2037.00
agmerra_1429_191_ESP.txt	218.21	4384.90	2037.00
agmerra_1429_192_ESP.txt	218.86	4384.90	2037.00
agmerra_1429_193_ESP.txt	219.24	4384.90	2037.00
agmerra_1429_194_ESP.txt	218.25	4384.90	2037.00
agmerra_1429_195_ESP.txt	219.24	4384.90	2037.00
agmerra_1429_196_ESP.txt	219.24	4384.90	2037.00
agmerra_1429_197_ESP.txt	219.24	4384.90	2037.00
agmerra_1429_198_ESP.txt	219.24	4384.90	2037.00
agmerra_1429_199_ESP.txt	219.24	4384.90	2037.00
agmerra_1429_200_ESP.txt	219.24	4384.90	2037.00
agmerra_1429_201_ESP.txt	219.24	4384.90	2037.00
agmerra_1429_202_ESP.txt	219.24	4384.90	2037.00
agmerra_1429_203_ESP.txt	219.24	4384.90	2037.00
agmerra_1429_204_ESP.txt	219.24	4384.90	2037.00
agmerra_1429_205_ESP.txt	219.24	4384.90	2037.00
agmerra_1429_206_ESP.txt	219.24	4384.90	2037.00
agmerra_1429_207_ESP.txt	219.24	4384.90	2037.00
agmerra_1429_208_ESP.txt	219.24	4384.90	2037.00
agmerra_1429_209_ESP.txt	219.24	4384.90	2037.00
agmerra_1429_210_ESP.txt	219.24	4384.90	2037.00
agmerra_1429_211_ESP.txt	219.24	4384.90	2037.00
agmerra_1429_212_ESP.txt	219.24	4384.90	2037.00
agmerra_1429_213_ESP.txt	219.24	4384.90	2037.00
agmerra_1430_187_ESP.txt	218.81	4384.90	2037.00
agmerra_1430_188_ESP.txt	218.22	4384.90	2037.00
agmerra_1430_189_ESP.txt	218.15	4384.90	2037.00
agmerra_1430_190_ESP.txt	217.80	4384.90	2037.00
agmerra_1430_191_ESP.txt	218.10	4384.90	2037.00
agmerra_1430_192_ESP.txt	218.54	4384.90	2037.00
agmerra_1430_193_ESP.txt	218.83	4384.90	2037.00
agmerra_1430_194_ESP.txt	217.88	4384.90	2037.00
agmerra_1430_195_ESP.txt	219.24	4384.90	2037.00
agmerra_1430_196_ESP.txt	219.24	4384.90	2037.00
agmerra_1430_197_ESP.txt	219.24	4384.90	2037.00
agmerra_1430_198_ESP.txt	219.24	4384.90	2037.00
agmerra_1430_199_ESP.txt	219.24	4384.90	2037.00
agmerra_1430_200_ESP.txt	219.24	4384.90	2037.00
agmerra_1430_201_ESP.txt	219.24	4384.90	2037.00
agmerra_1430_202_ESP.txt	219.24	4384.90	2037.00
agmerra_1430_203_ESP.txt	219.24	4384.90	2037.00
agmerra_1430_204_ESP.txt	219.24	4384.90	2037.00
agmerra_1430_205_ESP.txt	219.24	4384.90	2037.00
agmerra_1430_206_ESP.txt	219.24	4384.90	2037.00
agmerra_1430_207_ESP.txt	219.24	4384.90	2037.00
agmerra_1430_208_ESP.txt	219.24	4384.90	2037.00
agmerra_1430_209_ESP.txt	219.24	4384.90	2037.00
agmerra_1430_210_ESP.txt	219.24	4384.90	2037.00
agmerra_1430_211_ESP.txt	219.24	4384.90	2037.00
agmerra_1430_212_ESP.txt	219.24	4384.90	2037.00
agmerra_1430_213_ESP.txt	219.24	4384.90	2037.00
agmerra_1431_188_ESP.txt	219.01	4384.90	2037.00
agmerra_1431_189_ESP.txt	217.78	4384.90	2037.00
agmerra_1431_190_ESP.txt	217.65	4384.90	2037.00
agmerra_1431_191_ESP.txt	218.25	4384.90	2037.00
agmerra_1431_192_ESP.txt	218.26	4384.90	2037.00
agmerra_1431_193_ESP.txt	219.24	4384.90	2037.00
agmerra_1431_194_ESP.txt	219.24	4384.90	2037.00
agmerra_1431_195_ESP.txt	219.24	4384.90	2037.00
agmerra_1431_196_ESP.txt	219.24	4384.90	2037.00
agmerra_1431_197_ESP.txt	219.24	4384.90	2037.00
agmerra_1431_198_ESP.txt	219.24	4384.90	2037.00
agmerra_1431_199_ESP.txt	219.24	4384.90	2037.00
agmerra_1431_200_ESP.txt	219.24	4384.90	2037.00
agmerra_1431_201_ESP.txt	219.24	4384.90	2037.00
agmerra_1431_202_ESP.txt	219.24	4384.90	2037.00
agmerra_1431_203_ESP.txt	219.24	4384.90	2037.00
agmerra_1431_204_ESP.txt	219.24	4384.90	2037.00
agmerra_1431_205_ESP.txt	219.24	4384.90	2037.00
agmerra_1431_206_ESP.txt	219.24	4384.90	2037.00
agmerra_1431_207_ESP.txt	219.24	4384.90	2037.00
agmerra_1431_208_ESP.txt	219.24	4384.90	2037.00
agmerra_1431_209_ESP.txt	211.72	4384.90	2037.00
agmerra_1431_210_ESP.txt	201.13	4384.90	2037.00
agmerra_1431_211_ESP.txt	164.07	4384.90	2037.00
agmerra_1431_212_ESP.txt	197.96	4384.90	2037.00
agmerra_1431_213_ESP.txt	169.56	4384.90	2037.00
agmerra_1432_188_ESP.txt	218.87	4384.90	2037.00
agmerra_1432_189_ESP.txt	217.73	4384.90	2037.00
agmerra_1432_190_ESP.txt	217.62	4384.90	2037.00
agmerra_1432_191_ESP.txt	218.17	4384.90	2037.00
agmerra_1432_192_ESP.txt	217.83	4384.90	2037.00
agmerra_1432_193_ESP.txt	219.24	4384.90	2037.00
agmerra_1432_194_ESP.txt	219.24	4384.90	2037.00
agmerra_1432_195_ESP.txt	217.71	4384.90	2037.00
agmerra_1432_196_ESP.txt	219.24	4384.90	2037.00
agmerra_1432_197_ESP.txt	219.24	4384.90	2037.00
agmerra_1432_198_ESP.txt	219.24	4384.90	2037.00
agmerra_1432_199_ESP.txt	219.24	4384.90	2037.00
agmerra_1432_200_ESP.txt	219.24	4384.90	2037.00
agmerra_1432_201_ESP.txt	219.24	4384.90	2037.00
agmerra_1432_202_ESP.txt	219.24	4384.90	2037.00
agmerra_1432_203_ESP.txt	219.24	4384.90	2037.00
agmerra_1432_204_ESP.txt	219.24	4384.90	2037.00
agmerra_1432_205_ESP.txt	219.24	4384.90	2037.00
agmerra_1432_206_ESP.txt	219.24	4384.90	2037.00
agmerra_1432_207_ESP.txt	217.03	4384.90	2037.00
agmerra_1432_208_ESP.txt	215.79	4384.90	2037.00
agmerra_1432_209_ESP.txt	196.83	4384.90	2037.00
agmerra_1432_210_ESP.txt	194.34	4384.90	2037.00
agmerra_1432_211_ESP.txt	171.19	4384.90	2037.00
agmerra_1432_212_ESP.txt	163.15	4384.90	2037.00
agmerra_1432_213_ESP.txt	165.77	4384.90	2037.00
agmerra_1433_187_ESP.txt	219.24	4384.90	2037.00
agmerra_1433_188_ESP.txt	218.93	4384.90	2037.00
agmerra_1433_189_ESP.txt	217.10	4384.90	2037.00
agmerra_1433_190_ESP.txt	217.12	4384.90	2037.00
agmerra_1433_191_ESP.txt	217.42	4384.90	2037.00
agmerra_1433_192_ESP.txt	209.29	4384.90	2037.00
agmerra_1433_193_ESP.txt	219.24	4384.90	2037.00
agmerra_1433_194_ESP.txt	209.77	4384.90	2037.00
agmerra_1433_195_ESP.txt	205.59	4384.90	2037.00
agmerra_1433_196_ESP.txt	214.68	4384.90	2037.00
agmerra_1433_197_ESP.txt	219.24	4384.90	2037.00
agmerra_1433_198_ESP.txt	219.24	4384.90	2037.00
agmerra_1433_199_ESP.txt	219.24	4384.90	2037.00
agmerra_1433_200_ESP.txt	219.24	4384.90	2037.00
agmerra_1433_201_ESP.txt	219.24	4384.90	2037.00
agmerra_1433_202_ESP.txt	219.24	4384.90	2037.00
agmerra_1433_203_ESP.txt	219.24	4384.90	2037.00
agmerra_1433_204_ESP.txt	219.24	4384.90	2037.00
agmerra_1433_205_ESP.txt	210.10	4384.90	2037.00
agmerra_1433_206_ESP.txt	204.53	4384.90	2037.00
agmerra_1433_207_ESP.txt	178.74	4384.90	2037.00
agmerra_1433_208_ESP.txt	174.83	4384.90	2037.00
agmerra_1433_209_ESP.txt	161.33	4384.90	2037.00
agmerra_1433_210_ESP.txt	169.32	4384.90	2037.00
agmerra_1433_211_ESP.txt	163.73	4384.90	2037.00
agmerra_1433_212_ESP.txt	142.83	4384.90	2037.00
agmerra_1434_188_ESP.txt	219.24	4384.90	2037.00
agmerra_1434_189_ESP.txt	217.28	4384.90	2037.00
agmerra_1434_190_ESP.txt	217.23	4384.90	2037.00
agmerra_1434_191_ESP.txt	217.47	4384.90	2037.00
agmerra_1434_192_ESP.txt	211.29	4384.90	2037.00
agmerra_1434_193_ESP.txt	219.24	4384.90	2037.00
agmerra_1434_194_ESP.txt	205.18	4384.90	2037.00
agmerra_1434_195_ESP.txt	207.53	4384.90	2037.00
agmerra_1434_196_ESP.txt	213.78	4384.90	2037.00
agmerra_1434_197_ESP.txt	219.24	4384.90	2037.00
agmerra_1434_198_ESP.txt	219.24	4384.90	2037.00
agmerra_1434_199_ESP.txt	219.24	4384.90	2037.00
agmerra_1434_200_ESP.txt	219.24	4384.90	2037.00
agmerra_1434_201_ESP.txt	219.24	4384.90	2037.00
agmerra_1434_202_ESP.txt	219.24	4384.90	2037.00
agmerra_1434_203_ESP.txt	219.24	4384.90	2037.00
agmerra_1434_204_ESP.txt	217.09	4384.90	2037.00
agmerra_1434_205_ESP.txt	200.24	4384.90	2037.00
agmerra_1434_206_ESP.txt	186.84	4384.90	2037.00
agmerra_1434_207_ESP.txt	164.31	4384.90	2037.00
agmerra_1434_208_ESP.txt	161.30	4384.90	2037.00
agmerra_1434_209_ESP.txt	159.23	4384.90	2037.00
agmerra_1434_210_ESP.txt	174.16	4384.90	2037.00
agmerra_1435_189_ESP.txt	217.65	4384.90	2037.00
agmerra_1435_190_ESP.txt	217.14	4384.90	2037.00
agmerra_1435_191_ESP.txt	218.66	4384.90	2037.00
agmerra_1435_192_ESP.txt	210.19	4384.90	2037.00
agmerra_1435_193_ESP.txt	194.59	4384.90	2037.00
agmerra_1435_194_ESP.txt	181.02	4384.90	2037.00
agmerra_1435_195_ESP.txt	198.54	4384.90	2037.00
agmerra_1435_196_ESP.txt	202.96	4384.90	2037.00
agmerra_1435_197_ESP.txt	213.98	4384.90	2037.00
agmerra_1435_198_ESP.txt	202.63	4384.90	2037.00
agmerra_1435_199_ESP.txt	187.64	4384.90	2037.00
agmerra_1435_200_ESP.txt	186.01	4384.90	2037.00
agmerra_1435_201_ESP.txt	210.07	4384.90	2037.00
agmerra_1435_202_ESP.txt	207.70	4384.90	2037.00
agmerra_1435_203_ESP.txt	214.40	4384.90	2037.00
agmerra_1435_204_ESP.txt	210.49	4384.90	2037.00
agmerra_1435_205_ESP.txt	186.32	4384.90	2037.00
agmerra_1435_206_ESP.txt	177.64	4384.90	2037.00
agmerra_1435_207_ESP.txt	156.97	4384.90	2037.00
agmerra_1435_208_ESP.txt	157.46	4384.90	2037.00
agmerra_1435_209_ESP.txt	157.34	4384.90	2037.00
agmerra_1435_210_ESP.txt	149.64	4384.90	2037.00
agmerra_1436_189_ESP.txt	218.00	4384.90	2037.00
agmerra_1436_190_ESP.txt	217.46	4384.90	2037.00
agmerra_1436_191_ESP.txt	218.79	4384.90	2037.00
agmerra_1436_192_ESP.txt	216.25	4384.90	2037.00
agmerra_1436_193_ESP.txt	194.96	4384.90	2037.00
agmerra_1436_194_ESP.txt	184.92	4384.90	2037.00
agmerra_1436_195_ESP.txt	201.97	4384.90	2037.00
agmerra_1436_196_ESP.txt	197.92	4384.90	2037.00
agmerra_1436_197_ESP.txt	200.90	4384.90	2037.00
agmerra_1436_198_ESP.txt	203.63	4384.90	2037.00
agmerra_1436_199_ESP.txt	187.76	4384.90	2037.00
agmerra_1436_200_ESP.txt	214.52	4384.90	2037.00
agmerra_1436_201_ESP.txt	219.24	4384.90	2037.00
agmerra_1436_202_ESP.txt	219.24	4384.90	2037.00
agmerra_1436_203_ESP.txt	219.24	4384.90	2037.00
agmerra_1436_204_ESP.txt	217.93	4384.90	2037.00
agmerra_1436_205_ESP.txt	188.39	4384.90	2037.00
agmerra_1436_206_ESP.txt	182.04	4384.90	2037.00
agmerra_1436_207_ESP.txt	160.13	4384.90	2037.00
agmerra_1436_208_ESP.txt	164.02	4384.90	2037.00
agmerra_1436_209_ESP.txt	153.66	4384.90	2037.00
agmerra_1436_210_ESP.txt	137.48	4384.90	2037.00
agmerra_1437_189_ESP.txt	216.74	4384.90	2037.00
agmerra_1437_190_ESP.txt	216.35	4384.90	2037.00
agmerra_1437_191_ESP.txt	217.69	4384.90	2037.00
agmerra_1437_192_ESP.txt	217.25	4384.90	2037.00
agmerra_1437_193_ESP.txt	207.10	4384.90	2037.00
agmerra_1437_194_ESP.txt	191.01	4384.90	2037.00
agmerra_1437_195_ESP.txt	202.12	4384.90	2037.00
agmerra_1437_196_ESP.txt	201.80	4384.90	2037.00
agmerra_1437_197_ESP.txt	194.02	4384.90	2037.00
agmerra_1437_198_ESP.txt	203.76	4384.90	2037.00
agmerra_1437_199_ESP.txt	178.63	4384.90	2037.00
agmerra_1437_200_ESP.txt	184.73	4384.90	2037.00
agmerra_1437_201_ESP.txt	209.80	4384.90	2037.00
agmerra_1437_202_ESP.txt	194.51	4384.90	2037.00
agmerra_1437_203_ESP.txt	219.24	4384.90	2037.00
agmerra_1437_204_ESP.txt	219.24	4384.90	2037.00
agmerra_1437_205_ESP.txt	219.24	4384.90	2037.00
agmerra_1437_206_ESP.txt	219.24	4384.90	2037.00
agmerra_1437_207_ESP.txt	178.59	4384.90	2037.00
agmerra_1437_208_ESP.txt	158.57	4384.90	2037.00
agmerra_1437_209_ESP.txt	141.99	4384.90	2037.00
agmerra_1437_210_ESP.txt	141.89	4384.90	2037.00
agmerra_1438_190_ESP.txt	216.46	4384.90	2037.00
agmerra_1438_191_ESP.txt	217.82	4384.90	2037.00
agmerra_1438_192_ESP.txt	217.22	4384.90	2037.00
agmerra_1438_193_ESP.txt	202.82	4384.90	2037.00
agmerra_1438_194_ESP.txt	187.34	4384.90	2037.00
agmerra_1438_195_ESP.txt	194.64	4384.90	2037.00
agmerra_1438_196_ESP.txt	203.17	4384.90	2037.00
agmerra_1438_197_ESP.txt	192.53	4384.90	2037.00
agmerra_1438_198_ESP.txt	219.24	4384.90	2037.00
agmerra_1438_199_ESP.txt	219.24	4384.90	2037.00
agmerra_1438_200_ESP.txt	184.93	4384.90	2037.00
agmerra_1438_201_ESP.txt	213.13	4384.90	2037.00
agmerra_1438_202_ESP.txt	198.42	4384.90	2037.00
agmerra_1438_203_ESP.txt	219.24	4384.90	2037.00
agmerra_1438_204_ESP.txt	219.24	4384.90	2037.00
agmerra_1438_205_ESP.txt	219.24	4384.90	2037.00
agmerra_1438_206_ESP.txt	219.24	4384.90	2037.00
agmerra_1438_207_ESP.txt	172.21	4384.90	2037.00
agmerra_1439_190_ESP.txt	218.52	4384.90	2037.00
agmerra_1439_191_ESP.txt	219.24	4384.90	2037.00
agmerra_1439_192_ESP.txt	218.74	4384.90	2037.00
agmerra_1439_193_ESP.txt	215.09	4384.90	2037.00
agmerra_1439_194_ESP.txt	199.05	4384.90	2037.00
agmerra_1439_195_ESP.txt	186.88	4384.90	2037.00
agmerra_1439_196_ESP.txt	199.04	4384.90	2037.00
agmerra_1439_197_ESP.txt	197.29	4384.90	2037.00
agmerra_1439_198_ESP.txt	219.24	4384.90	2037.00
agmerra_1439_199_ESP.txt	216.05	4384.90	2037.00
agmerra_1439_200_ESP.txt	198.15	4384.90	2037.00
agmerra_1439_201_ESP.txt	219.24	4384.90	2037.00
agmerra_1439_202_ESP.txt	208.20	4384.90	2037.00
agmerra_1439_203_ESP.txt	219.24	4384.90	2037.00
agmerra_1439_204_ESP.txt	219.24	4384.90	2037.00
agmerra_1439_205_ESP.txt	219.24	4384.90	2037.00
agmerra_1439_206_ESP.txt	219.24	4384.90	2037.00
agmerra_1440_190_ESP.txt	164.15	4384.90	2037.00
agmerra_1440_191_ESP.txt	219.24	4384.90	2037.00
agmerra_1440_192_ESP.txt	218.58	4384.90	2037.00
agmerra_1440_193_ESP.txt	211.42	4384.90	2037.00
agmerra_1440_194_ESP.txt	200.58	4384.90	2037.00
agmerra_1440_195_ESP.txt	194.36	4384.90	2037.00
agmerra_1440_196_ESP.txt	202.49	4384.90	2037.00
agmerra_1440_197_ESP.txt	208.07	4384.90	2037.00
agmerra_1440_198_ESP.txt	219.24	4384.90	2037.00
agmerra_1440_199_ESP.txt	211.89	4384.90	2037.00
agmerra_1440_200_ESP.txt	194.67	4384.90	2037.00
agmerra_1440_201_ESP.txt	208.94	4384.90	2037.00
agmerra_1440_205_ESP.txt	219.24	4384.90	2037.00
agmerra_1440_206_ESP.txt	219.24	4384.90	2037.00
agmerra_14_202_ESP.txt	219.24	4384.90	2037.00
agmerra_1_200_ESP.txt	188.88	4384.90	2037.00
agmerra_2_190_ESP.txt	101.84	4384.90	2037.00
agmerra_2_191_ESP.txt	219.24	4384.90	2037.00
agmerra_2_192_ESP.txt	218.20	4384.90	2037.00
agmerra_2_193_ESP.txt	214.53	4384.90	2037.00
agmerra_2_194_ESP.txt	204.10	4384.90	2037.00
agmerra_2_195_ESP.txt	199.26	4384.90	2037.00
agmerra_2_196_ESP.txt	207.69	4384.90	2037.00
agmerra_2_197_ESP.txt	204.99	4384.90	2037.00
agmerra_2_198_ESP.txt	217.68	4384.90	2037.00
agmerra_2_199_ESP.txt	205.73	4384.90	2037.00
agmerra_3_190_ESP.txt	216.91	4384.90	2037.00
agmerra_3_191_ESP.txt	219.24	4384.90	2037.00
agmerra_3_192_ESP.txt	219.24	4384.90	2037.00
agmerra_3_193_ESP.txt	219.24	4384.90	2037.00
agmerra_3_194_ESP.txt	212.87	4384.90	2037.00
agmerra_3_195_ESP.txt	219.24	4384.90	2037.00
agmerra_3_196_ESP.txt	219.24	4384.90	2037.00
agmerra_3_197_ESP.txt	219.24	4384.90	2037.00
agmerra_3_198_ESP.txt	219.24	4384.90	2037.00
agmerra_4_190_ESP.txt	216.99	4384.90	2037.00
agmerra_4_191_ESP.txt	219.24	4384.90	2037.00
agmerra_4_192_ESP.txt	219.24	4384.90	2037.00
agmerra_4_193_ESP.txt	219.24	4384.90	2037.00
agmerra_4_194_ESP.txt	213.77	4384.90	2037.00
agmerra_4_195_ESP.txt	219.24	4384.90	2037.00
agmerra_4_196_ESP.txt	219.24	4384.90	2037.00
agmerra_5_190_ESP.txt	217.10	4384.90	2037.00
agmerra_5_191_ESP.txt	219.24	4384.90	2037.00
agmerra_5_192_ESP.txt	219.24	4384.90	2037.00
agmerra_5_193_ESP.txt	219.24	4384.90	2037.00
agmerra_5_194_ESP.txt	219.24	4384.90	2037.00
agmerra_5_195_ESP.txt	219.24	4384.90	2037.00
agmerra_5_196_ESP.txt	219.24	4384.90	2037.00
agmerra_6_190_ESP.txt	217.17	4384.90	2037.00
agmerra_6_191_ESP.txt	219.24	4384.90	2037.00
agmerra_6_192_ESP.txt	219.24	4384.90	2037.00
agmerra_6_193_ESP.txt	219.24	4384.90	2037.00
agmerra_6_194_ESP.txt	219.24	4384.90	2037.00
agmerra_6_195_ESP.txt	219.24	4384.90	2037.00
agmerra_7_191_ESP.txt	219.24	4384.90	2037.00
agmerra_7_192_ESP.txt	219.24	4384.90	2037.00
agmerra_7_193_ESP.txt	219.24	4384.90	2037.00
agmerra_7_194_ESP.txt	219.24	4384.90	2037.00
agmerra_7_195_ESP.txt	219.24	4384.90	2037.00
agmerra_8_191_ESP.txt	219.24	4384.90	2037.00
agmerra_8_192_ESP.txt	219.24	4384.90	2037.00
agmerra_8_193_ESP.txt	219.24	4384.90	2037.00
agmerra_8_194_ESP.txt	219.24	4384.90	2037.00
agmerra_8_195_ESP.txt	219.24	4384.90	2037.00
agmerra_9_191_ESP.txt	219.24	4384.90	2037.00
agmerra_9_192_ESP.txt	219.24	4384.90	2037.00
agmerra_9_193_ESP.txt	219.24	4384.90	2037.00
agmerra_9_194_ESP.txt	219.24	4384.90	2037.00
agmerra_9_195_ESP.txt	219.24	4384.90	2037.00
AgERA5_1738_531_ESP-AN.txt	202.09	4384.90	2037.00
AgERA5_1747_522_ESP-AN.txt	211.63	4384.90	2037.00
AgERA5_1773_532_ESP-AN.txt	192.02	4384.90	2037.00
AgERA5_1743_526_ESP-AN.txt	198.77	4384.90	2037.00
AgERA5_1752_517_ESP-AN.txt	211.15	4384.90	2037.00
AgERA5_1749_520_ESP-AN.txt	214.01	4384.90	2037.00
AgERA5_1750_519_ESP-AN.txt	214.34	4384.90	2037.00
AgERA5_1741_528_ESP-AN.txt	198.90	4384.90	2037.00
AgERA5_1775_530_ESP-AN.txt	163.67	4384.90	2037.00
AgERA5_1780_525_ESP-AN.txt	152.62	4384.90	2037.00
AgERA5_1745_524_ESP-AN.txt	212.92	4384.90	2037.00
AgERA5_1740_529_ESP-AN.txt	198.35	4384.90	2037.00
AgERA5_1774_531_ESP-AN.txt	209.49	4384.90	2037.00
AgERA5_1739_530_ESP-AN.txt	199.81	4384.90	2037.00
AgERA5_1748_521_ESP-AN.txt	211.83	4384.90	2037.00
AgERA5_1753_516_ESP-AN.txt	210.66	4384.90	2037.00
AgERA5_1744_525_ESP-AN.txt	212.74	4384.90	2037.00
AgERA5_1742_527_ESP-AN.txt	198.93	4384.90	2037.00
AgERA5_1751_518_ESP-AN.txt	214.30	4384.90	2037.00
AgERA5_1746_523_ESP-AN.txt	213.29	4384.90	2037.00
AgERA5_1737_532_ESP-AN.txt	211.02	4384.90	2037.00
AgERA5_1772_533_ESP-AN.txt	186.10	4384.90	2037.00
AgERA5_1765_522_ESP-AN.txt	214.16	4384.90	2037.00
AgERA5_1756_531_ESP-AN.txt	216.13	4384.90	2037.00
AgERA5_1761_526_ESP-AN.txt	214.97	4384.90	2037.00
AgERA5_1752_535_ESP-AN.txt	218.45	4384.90	2037.00
AgERA5_1770_517_ESP-AN.txt	215.03	4384.90	2037.00
AgERA5_1726_525_ESP-AN.txt	141.92	4384.90	2037.00
AgERA5_1767_520_ESP-AN.txt	214.93	4384.90	2037.00
AgERA5_1754_533_ESP-AN.txt	209.44	4384.90	2037.00
AgERA5_1763_524_ESP-AN.txt	215.22	4384.90	2037.00
AgERA5_1728_523_ESP-AN.txt	151.04	4384.90	2037.00
AgERA5_1757_530_ESP-AN.txt	215.93	4384.90	2037.00
AgERA5_1766_521_ESP-AN.txt	214.57	4384.90	2037.00
AgERA5_1732_519_ESP-AN.txt	185.41	4384.90	2037.00
AgERA5_1727_524_ESP-AN.txt	150.15	4384.90	2037.00
AgERA5_1762_525_ESP-AN.txt	215.28	4384.90	2037.00
AgERA5_1753_534_ESP-AN.txt	218.02	4384.90	2037.00
AgERA5_1751_536_ESP-AN.txt	216.51	4384.90	2037.00
AgERA5_1760_527_ESP-AN.txt	214.98	4384.90	2037.00
AgERA5_1729_522_ESP-AN.txt	165.57	4384.90	2037.00
AgERA5_1755_532_ESP-AN.txt	216.61	4384.90	2037.00
AgERA5_1764_523_ESP-AN.txt	214.58	4384.90	2037.00
AgERA5_1752_526_ESP-AN.txt	213.59	4384.90	2037.00
AgERA5_1743_535_ESP-AN.txt	213.43	4384.90	2037.00
AgERA5_1756_522_ESP-AN.txt	213.09	4384.90	2037.00
AgERA5_1747_531_ESP-AN.txt	213.54	4384.90	2037.00
AgERA5_1745_533_ESP-AN.txt	213.43	4384.90	2037.00
AgERA5_1754_524_ESP-AN.txt	213.61	4384.90	2037.00
AgERA5_1741_537_ESP-AN.txt	213.26	4384.90	2037.00
AgERA5_1750_528_ESP-AN.txt	213.52	4384.90	2037.00
AgERA5_1758_520_ESP-AN.txt	213.86	4384.90	2037.00
AgERA5_1744_534_ESP-AN.txt	213.12	4384.90	2037.00
AgERA5_1753_525_ESP-AN.txt	213.72	4384.90	2037.00
AgERA5_1748_530_ESP-AN.txt	213.53	4384.90	2037.00
AgERA5_1757_521_ESP-AN.txt	213.08	4384.90	2037.00
AgERA5_1740_538_ESP-AN.txt	213.35	4384.90	2037.00
AgERA5_1755_523_ESP-AN.txt	213.81	4384.90	2037.00
AgERA5_1746_532_ESP-AN.txt	213.45	4384.90	2037.00
AgERA5_1742_536_ESP-AN.txt	213.24	4384.90	2037.00
AgERA5_1760_518_ESP-AN.txt	214.01	4384.90	2037.00
AgERA5_1751_527_ESP-AN.txt	213.47	4384.90	2037.00
AgERA5_1770_526_ESP-AN.txt	209.92	4384.90	2037.00
AgERA5_1735_525_ESP-AN.txt	204.36	4384.90	2037.00
AgERA5_1774_522_ESP-AN.txt	216.34	4384.90	2037.00
AgERA5_1731_529_ESP-AN.txt	178.46	4384.90	2037.00
AgERA5_1765_531_ESP-AN.txt	215.56	4384.90	2037.00
AgERA5_1763_533_ESP-AN.txt	216.11	4384.90	2037.00
AgERA5_1772_524_ESP-AN.txt	192.77	4384.90	2037.00
AgERA5_1737_523_ESP-AN.txt	206.04	4384.90	2037.00
AgERA5_1733_527_ESP-AN.txt	170.44	4384.90	2037.00
AgERA5_1736_524_ESP-AN.txt	206.71	4384.90	2037.00
AgERA5_1771_525_ESP-AN.txt	215.05	4384.90	2037.00
AgERA5_1775_521_ESP-AN.txt	216.70	4384.90	2037.00
AgERA5_1732_528_ESP-AN.txt	160.17	4384.90	2037.00
AgERA5_1766_530_ESP-AN.txt	215.16	4384.90	2037.00
AgERA5_1738_522_ESP-AN.txt	195.17	4384.90	2037.00
AgERA5_1764_532_ESP-AN.txt	215.09	4384.90	2037.00
AgERA5_1773_523_ESP-AN.txt	198.53	4384.90	2037.00
AgERA5_1734_526_ESP-AN.txt	170.64	4384.90	2037.00
AgERA5_1750_520_ESP-AN.txt	214.15	4384.90	2037.00
AgERA5_1758_519_ESP-AN.txt	213.74	4384.90	2037.00
AgERA5_1749_528_ESP-AN.txt	213.40	4384.90	2037.00
AgERA5_1759_518_ESP-AN.txt	214.03	4384.90	2037.00
AgERA5_1740_530_ESP-AN.txt	199.75	4384.90	2037.00
AgERA5_1748_529_ESP-AN.txt	213.26	4384.90	2037.00
AgERA5_1776_519_ESP-AN.txt	216.45	4384.90	2037.00
AgERA5_1767_528_ESP-AN.txt	214.95	4384.90	2037.00
AgERA5_1769_526_ESP-AN.txt	211.09	4384.90	2037.00
AgERA5_1731_521_ESP-AN.txt	183.05	4384.90	2037.00
AgERA5_1768_527_ESP-AN.txt	214.83	4384.90	2037.00
AgERA5_1730_522_ESP-AN.txt	182.31	4384.90	2037.00
AgERA5_1766_529_ESP-AN.txt	214.66	4384.90	2037.00
AgERA5_1732_520_ESP-AN.txt	182.05	4384.90	2037.00
AgERA5_1749_537_ESP-AN.txt	219.24	4384.90	2037.00
AgERA5_1767_519_ESP-AN.txt	214.51	4384.90	2037.00
AgERA5_1758_528_ESP-AN.txt	214.59	4384.90	2037.00
AgERA5_1747_539_ESP-AN.txt	217.57	4384.90	2037.00
AgERA5_1769_517_ESP-AN.txt	215.04	4384.90	2037.00
AgERA5_1768_518_ESP-AN.txt	214.73	4384.90	2037.00
AgERA5_1759_527_ESP-AN.txt	215.02	4384.90	2037.00
AgERA5_1757_529_ESP-AN.txt	215.16	4384.90	2037.00
AgERA5_1748_538_ESP-AN.txt	217.18	4384.90	2037.00
AgERA5_1776_528_ESP-AN.txt	171.89	4384.90	2037.00
AgERA5_1739_529_ESP-AN.txt	198.47	4384.90	2037.00
AgERA5_1778_526_ESP-AN.txt	165.97	4384.90	2037.00
AgERA5_1777_527_ESP-AN.txt	170.60	4384.90	2037.00
AgERA5_1775_529_ESP-AN.txt	169.71	4384.90	2037.00
AgERA5_1749_519_ESP-AN.txt	214.30	4384.90	2037.00
AgERA5_1779_525_ESP-AN.txt	157.91	4384.90	2037.00
AgERA5_1778_531_ESP-AN.txt	165.67	4384.90	2037.00
AgERA5_1744_529_ESP-AN.txt	212.86	4384.90	2037.00
AgERA5_1739_534_ESP-AN.txt	212.98	4384.90	2037.00
AgERA5_1748_525_ESP-AN.txt	206.12	4384.90	2037.00
AgERA5_1746_527_ESP-AN.txt	212.82	4384.90	2037.00
AgERA5_1755_518_ESP-AN.txt	214.22	4384.90	2037.00
AgERA5_1781_528_ESP-AN.txt	139.94	4384.90	2037.00
AgERA5_1780_529_ESP-AN.txt	141.52	4384.90	2037.00
AgERA5_1754_519_ESP-AN.txt	214.29	4384.90	2037.00
AgERA5_1779_530_ESP-AN.txt	166.03	4384.90	2037.00
AgERA5_1745_528_ESP-AN.txt	212.93	4384.90	2037.00
AgERA5_1749_524_ESP-AN.txt	213.29	4384.90	2037.00
AgERA5_1782_527_ESP-AN.txt	139.56	4384.90	2037.00
AgERA5_1747_526_ESP-AN.txt	213.22	4384.90	2037.00
AgERA5_1756_517_ESP-AN.txt	214.50	4384.90	2037.00
AgERA5_1777_532_ESP-AN.txt	136.99	4384.90	2037.00
AgERA5_1727_528_ESP-AN.txt	130.38	4384.90	2037.00
AgERA5_1762_529_ESP-AN.txt	214.81	4384.90	2037.00
AgERA5_1766_525_ESP-AN.txt	215.33	4384.90	2037.00
AgERA5_1775_516_ESP-AN.txt	216.19	4384.90	2037.00
AgERA5_1729_526_ESP-AN.txt	131.80	4384.90	2037.00
AgERA5_1773_518_ESP-AN.txt	215.78	4384.90	2037.00
AgERA5_1764_527_ESP-AN.txt	214.94	4384.90	2037.00
AgERA5_1759_532_ESP-AN.txt	216.22	4384.90	2037.00
AgERA5_1768_523_ESP-AN.txt	215.03	4384.90	2037.00
AgERA5_1772_519_ESP-AN.txt	215.87	4384.90	2037.00
AgERA5_1763_528_ESP-AN.txt	214.24	4384.90	2037.00
AgERA5_1728_527_ESP-AN.txt	131.08	4384.90	2037.00
AgERA5_1758_533_ESP-AN.txt	215.30	4384.90	2037.00
AgERA5_1767_524_ESP-AN.txt	215.63	4384.90	2037.00
AgERA5_1765_526_ESP-AN.txt	215.22	4384.90	2037.00
AgERA5_1774_517_ESP-AN.txt	215.49	4384.90	2037.00
AgERA5_1769_522_ESP-AN.txt	214.84	4384.90	2037.00
AgERA5_1748_534_ESP-AN.txt	215.25	4384.90	2037.00
AgERA5_1757_525_ESP-AN.txt	214.54	4384.90	2037.00
AgERA5_1753_529_ESP-AN.txt	214.25	4384.90	2037.00
AgERA5_1744_538_ESP-AN.txt	214.93	4384.90	2037.00
AgERA5_1759_523_ESP-AN.txt	214.38	4384.90	2037.00
AgERA5_1764_518_ESP-AN.txt	214.48	4384.90	2037.00
AgERA5_1746_536_ESP-AN.txt	214.44	4384.90	2037.00
AgERA5_1755_527_ESP-AN.txt	214.12	4384.90	2037.00
AgERA5_1749_533_ESP-AN.txt	214.74	4384.90	2037.00
AgERA5_1758_524_ESP-AN.txt	214.26	4384.90	2037.00
AgERA5_1763_519_ESP-AN.txt	213.40	4384.90	2037.00
AgERA5_1745_537_ESP-AN.txt	215.41	4384.90	2037.00
AgERA5_1754_528_ESP-AN.txt	214.09	4384.90	2037.00
AgERA5_1743_539_ESP-AN.txt	213.70	4384.90	2037.00
AgERA5_1756_526_ESP-AN.txt	214.53	4384.90	2037.00
AgERA5_1765_517_ESP-AN.txt	215.03	4384.90	2037.00
AgERA5_1747_535_ESP-AN.txt	214.96	4384.90	2037.00
AgERA5_1749_515_ESP-AN.txt	193.72	4384.90	2037.00
AgERA5_1775_525_ESP-AN.txt	180.13	4384.90	2037.00
AgERA5_1771_529_ESP-AN.txt	214.79	4384.90	2037.00
AgERA5_1736_528_ESP-AN.txt	194.12	4384.90	2037.00
AgERA5_1768_532_ESP-AN.txt	213.92	4384.90	2037.00
AgERA5_1777_523_ESP-AN.txt	179.07	4384.90	2037.00
AgERA5_1773_527_ESP-AN.txt	183.92	4384.90	2037.00
AgERA5_1738_526_ESP-AN.txt	202.31	4384.90	2037.00
AgERA5_1747_517_ESP-AN.txt	182.76	4384.90	2037.00
AgERA5_1767_533_ESP-AN.txt	212.99	4384.90	2037.00
AgERA5_1776_524_ESP-AN.txt	179.74	4384.90	2037.00
AgERA5_1737_527_ESP-AN.txt	193.86	4384.90	2037.00
AgERA5_1746_518_ESP-AN.txt	192.68	4384.90	2037.00
AgERA5_1772_528_ESP-AN.txt	185.66	4384.90	2037.00
AgERA5_1778_522_ESP-AN.txt	202.05	4384.90	2037.00
AgERA5_1769_531_ESP-AN.txt	215.30	4384.90	2037.00
AgERA5_1735_529_ESP-AN.txt	188.88	4384.90	2037.00
AgERA5_1748_516_ESP-AN.txt	182.34	4384.90	2037.00
AgERA5_1739_525_ESP-AN.txt	209.73	4384.90	2037.00
AgERA5_1774_526_ESP-AN.txt	179.48	4384.90	2037.00
AgERA5_1751_523_ESP-AN.txt	213.41	4384.90	2037.00
AgERA5_1742_532_ESP-AN.txt	213.17	4384.90	2037.00
AgERA5_1740_534_ESP-AN.txt	212.88	4384.90	2037.00
AgERA5_1744_530_ESP-AN.txt	212.89	4384.90	2037.00
AgERA5_1753_521_ESP-AN.txt	213.60	4384.90	2037.00
AgERA5_1752_522_ESP-AN.txt	213.33	4384.90	2037.00
AgERA5_1743_531_ESP-AN.txt	212.97	4384.90	2037.00
AgERA5_1741_533_ESP-AN.txt	212.99	4384.90	2037.00
AgERA5_1750_524_ESP-AN.txt	213.36	4384.90	2037.00
AgERA5_1780_530_ESP-AN.txt	142.38	4384.90	2037.00
AgERA5_1754_520_ESP-AN.txt	213.75	4384.90	2037.00
AgERA5_1730_526_ESP-AN.txt	158.20	4384.90	2037.00
AgERA5_1734_522_ESP-AN.txt	191.78	4384.90	2037.00
AgERA5_1760_532_ESP-AN.txt	216.17	4384.90	2037.00
AgERA5_1732_524_ESP-AN.txt	169.52	4384.90	2037.00
AgERA5_1771_521_ESP-AN.txt	215.84	4384.90	2037.00
AgERA5_1762_530_ESP-AN.txt	215.20	4384.90	2037.00
AgERA5_1731_525_ESP-AN.txt	169.54	4384.90	2037.00
AgERA5_1770_522_ESP-AN.txt	215.36	4384.90	2037.00
AgERA5_1761_531_ESP-AN.txt	216.21	4384.90	2037.00
AgERA5_1735_521_ESP-AN.txt	191.30	4384.90	2037.00
AgERA5_1733_523_ESP-AN.txt	184.89	4384.90	2037.00
AgERA5_1772_520_ESP-AN.txt	216.39	4384.90	2037.00
AgERA5_1760_523_ESP-AN.txt	214.57	4384.90	2037.00
AgERA5_1751_532_ESP-AN.txt	214.61	4384.90	2037.00
AgERA5_1753_530_ESP-AN.txt	214.31	4384.90	2037.00
AgERA5_1762_521_ESP-AN.txt	213.93	4384.90	2037.00
AgERA5_1743_540_ESP-AN.txt	214.00	4384.90	2037.00
AgERA5_1761_522_ESP-AN.txt	214.03	4384.90	2037.00
AgERA5_1752_531_ESP-AN.txt	214.56	4384.90	2037.00
AgERA5_1763_520_ESP-AN.txt	214.03	4384.90	2037.00
AgERA5_1750_533_ESP-AN.txt	214.98	4384.90	2037.00
AgERA5_1743_522_ESP-AN.txt	201.00	4384.90	2037.00
AgERA5_1745_520_ESP-AN.txt	208.26	4384.90	2037.00
AgERA5_1779_529_ESP-AN.txt	166.33	4384.90	2037.00
AgERA5_1771_530_ESP-AN.txt	215.04	4384.90	2037.00
AgERA5_1750_515_ESP-AN.txt	193.83	4384.90	2037.00
AgERA5_1741_524_ESP-AN.txt	209.10	4384.90	2037.00
AgERA5_1770_531_ESP-AN.txt	214.90	4384.90	2037.00
AgERA5_1735_530_ESP-AN.txt	191.42	4384.90	2037.00
AgERA5_1744_521_ESP-AN.txt	210.59	4384.90	2037.00
AgERA5_1740_525_ESP-AN.txt	209.02	4384.90	2037.00
AgERA5_1742_523_ESP-AN.txt	209.89	4384.90	2037.00
AgERA5_1751_514_ESP-AN.txt	214.76	4384.90	2037.00
AgERA5_1758_531_ESP-AN.txt	216.72	4384.90	2037.00
AgERA5_1767_522_ESP-AN.txt	214.84	4384.90	2037.00
AgERA5_1772_517_ESP-AN.txt	215.06	4384.90	2037.00
AgERA5_1754_535_ESP-AN.txt	217.83	4384.90	2037.00
AgERA5_1763_526_ESP-AN.txt	215.38	4384.90	2037.00
AgERA5_1728_525_ESP-AN.txt	150.59	4384.90	2037.00
AgERA5_1761_528_ESP-AN.txt	214.59	4384.90	2037.00
AgERA5_1770_519_ESP-AN.txt	215.20	4384.90	2037.00
AgERA5_1769_520_ESP-AN.txt	215.20	4384.90	2037.00
AgERA5_1765_524_ESP-AN.txt	215.29	4384.90	2037.00
AgERA5_1756_533_ESP-AN.txt	216.03	4384.90	2037.00
AgERA5_1768_521_ESP-AN.txt	214.75	4384.90	2037.00
AgERA5_1759_530_ESP-AN.txt	216.50	4384.90	2037.00
AgERA5_1760_529_ESP-AN.txt	215.61	4384.90	2037.00
AgERA5_1729_524_ESP-AN.txt	150.85	4384.90	2037.00
AgERA5_1773_516_ESP-AN.txt	215.00	4384.90	2037.00
AgERA5_1755_534_ESP-AN.txt	181.08	4384.90	2037.00
AgERA5_1764_525_ESP-AN.txt	215.35	4384.90	2037.00
AgERA5_1727_526_ESP-AN.txt	131.39	4384.90	2037.00
AgERA5_1762_527_ESP-AN.txt	215.02	4384.90	2037.00
AgERA5_1753_536_ESP-AN.txt	217.89	4384.90	2037.00
AgERA5_1771_518_ESP-AN.txt	215.17	4384.90	2037.00
AgERA5_1766_523_ESP-AN.txt	215.48	4384.90	2037.00
AgERA5_1757_532_ESP-AN.txt	216.75	4384.90	2037.00
AgERA5_1776_531_ESP-AN.txt	159.70	4384.90	2037.00
AgERA5_1742_529_ESP-AN.txt	212.75	4384.90	2037.00
AgERA5_1746_525_ESP-AN.txt	212.78	4384.90	2037.00
AgERA5_1737_534_ESP-AN.txt	213.58	4384.90	2037.00
AgERA5_1781_526_ESP-AN.txt	143.42	4384.90	2037.00
AgERA5_1753_518_ESP-AN.txt	214.29	4384.90	2037.00
AgERA5_1744_527_ESP-AN.txt	212.93	4384.90	2037.00
AgERA5_1739_532_ESP-AN.txt	213.27	4384.90	2037.00
AgERA5_1748_523_ESP-AN.txt	206.17	4384.90	2037.00
AgERA5_1774_533_ESP-AN.txt	184.28	4384.90	2037.00
AgERA5_1777_530_ESP-AN.txt	163.76	4384.90	2037.00
AgERA5_1743_528_ESP-AN.txt	198.86	4384.90	2037.00
AgERA5_1752_519_ESP-AN.txt	214.23	4384.90	2037.00
AgERA5_1747_524_ESP-AN.txt	205.96	4384.90	2037.00
AgERA5_1738_533_ESP-AN.txt	213.25	4384.90	2037.00
AgERA5_1780_527_ESP-AN.txt	139.53	4384.90	2037.00
AgERA5_1754_517_ESP-AN.txt	211.08	4384.90	2037.00
AgERA5_1745_526_ESP-AN.txt	212.99	4384.90	2037.00
AgERA5_1775_532_ESP-AN.txt	139.97	4384.90	2037.00
AgERA5_1749_522_ESP-AN.txt	213.27	4384.90	2037.00
AgERA5_1772_526_ESP-AN.txt	180.83	4384.90	2037.00
AgERA5_1737_525_ESP-AN.txt	204.35	4384.90	2037.00
AgERA5_1767_531_ESP-AN.txt	215.23	4384.90	2037.00
AgERA5_1733_529_ESP-AN.txt	192.65	4384.90	2037.00
AgERA5_1776_522_ESP-AN.txt	215.87	4384.90	2037.00
AgERA5_1774_524_ESP-AN.txt	190.88	4384.90	2037.00
AgERA5_1765_533_ESP-AN.txt	213.66	4384.90	2037.00
AgERA5_1739_523_ESP-AN.txt	212.25	4384.90	2037.00
AgERA5_1735_527_ESP-AN.txt	193.54	4384.90	2037.00
AgERA5_1770_528_ESP-AN.txt	204.45	4384.90	2037.00
AgERA5_1738_524_ESP-AN.txt	211.81	4384.90	2037.00
AgERA5_1773_525_ESP-AN.txt	190.31	4384.90	2037.00
AgERA5_1768_530_ESP-AN.txt	91.93	4384.90	2037.00
AgERA5_1734_528_ESP-AN.txt	171.62	4384.90	2037.00
AgERA5_1777_521_ESP-AN.txt	216.09	4384.90	2037.00
AgERA5_1775_523_ESP-AN.txt	177.60	4384.90	2037.00
AgERA5_1766_532_ESP-AN.txt	213.66	4384.90	2037.00
AgERA5_1771_527_ESP-AN.txt	212.33	4384.90	2037.00
AgERA5_1736_526_ESP-AN.txt	192.93	4384.90	2037.00
AgERA5_1755_525_ESP-AN.txt	214.24	4384.90	2037.00
AgERA5_1746_534_ESP-AN.txt	214.36	4384.90	2037.00
AgERA5_1759_521_ESP-AN.txt	213.47	4384.90	2037.00
AgERA5_1742_538_ESP-AN.txt	213.19	4384.90	2037.00
AgERA5_1751_529_ESP-AN.txt	214.08	4384.90	2037.00
AgERA5_1748_532_ESP-AN.txt	213.61	4384.90	2037.00
AgERA5_1757_523_ESP-AN.txt	214.04	4384.90	2037.00
AgERA5_1753_527_ESP-AN.txt	213.86	4384.90	2037.00
AgERA5_1744_536_ESP-AN.txt	214.01	4384.90	2037.00
AgERA5_1762_518_ESP-AN.txt	213.93	4384.90	2037.00
AgERA5_1756_524_ESP-AN.txt	214.00	4384.90	2037.00
AgERA5_1747_533_ESP-AN.txt	214.30	4384.90	2037.00
AgERA5_1752_528_ESP-AN.txt	214.32	4384.90	2037.00
AgERA5_1743_537_ESP-AN.txt	213.43	4384.90	2037.00
AgERA5_1761_519_ESP-AN.txt	213.75	4384.90	2037.00
AgERA5_1741_539_ESP-AN.txt	213.46	4384.90	2037.00
AgERA5_1749_531_ESP-AN.txt	214.13	4384.90	2037.00
AgERA5_1758_522_ESP-AN.txt	213.66	4384.90	2037.00
AgERA5_1763_517_ESP-AN.txt	214.56	4384.90	2037.00
AgERA5_1745_535_ESP-AN.txt	214.10	4384.90	2037.00
AgERA5_1754_526_ESP-AN.txt	213.89	4384.90	2037.00
AgERA5_1769_528_ESP-AN.txt	205.48	4384.90	2037.00
AgERA5_1770_520_ESP-AN.txt	215.21	4384.90	2037.00
AgERA5_1731_523_ESP-AN.txt	173.40	4384.90	2037.00
AgERA5_1733_521_ESP-AN.txt	192.23	4384.90	2037.00
AgERA5_1732_522_ESP-AN.txt	184.24	4384.90	2037.00
AgERA5_1730_524_ESP-AN.txt	171.21	4384.90	2037.00
AgERA5_1768_529_ESP-AN.txt	215.26	4384.90	2037.00
AgERA5_1760_530_ESP-AN.txt	216.21	4384.90	2037.00
AgERA5_1740_532_ESP-AN.txt	212.98	4384.90	2037.00
AgERA5_1751_521_ESP-AN.txt	213.73	4384.90	2037.00
AgERA5_1742_530_ESP-AN.txt	212.77	4384.90	2037.00
AgERA5_1741_531_ESP-AN.txt	212.95	4384.90	2037.00
AgERA5_1750_522_ESP-AN.txt	213.41	4384.90	2037.00
AgERA5_1752_520_ESP-AN.txt	214.05	4384.90	2037.00
AgERA5_1740_523_ESP-AN.txt	212.65	4384.90	2037.00
AgERA5_1778_528_ESP-AN.txt	162.83	4384.90	2037.00
AgERA5_1742_521_ESP-AN.txt	201.42	4384.90	2037.00
AgERA5_1741_522_ESP-AN.txt	200.24	4384.90	2037.00
AgERA5_1779_527_ESP-AN.txt	158.59	4384.90	2037.00
AgERA5_1777_529_ESP-AN.txt	169.38	4384.90	2037.00
AgERA5_1743_520_ESP-AN.txt	202.45	4384.90	2037.00
AgERA5_1760_521_ESP-AN.txt	213.49	4384.90	2037.00
AgERA5_1751_530_ESP-AN.txt	214.28	4384.90	2037.00
AgERA5_1759_529_ESP-AN.txt	215.73	4384.90	2037.00
AgERA5_1750_531_ESP-AN.txt	214.41	4384.90	2037.00
AgERA5_1769_519_ESP-AN.txt	215.14	4384.90	2037.00
AgERA5_1761_520_ESP-AN.txt	214.18	4384.90	2037.00
AgERA5_1729_528_ESP-AN.txt	131.18	4384.90	2037.00
AgERA5_1764_529_ESP-AN.txt	214.41	4384.90	2037.00
AgERA5_1768_525_ESP-AN.txt	215.04	4384.90	2037.00
AgERA5_1766_527_ESP-AN.txt	215.23	4384.90	2037.00
AgERA5_1775_518_ESP-AN.txt	216.44	4384.90	2037.00
AgERA5_1765_528_ESP-AN.txt	214.72	4384.90	2037.00
AgERA5_1774_519_ESP-AN.txt	216.37	4384.90	2037.00
AgERA5_1769_524_ESP-AN.txt	215.58	4384.90	2037.00
AgERA5_1776_517_ESP-AN.txt	216.34	4384.90	2037.00
AgERA5_1767_526_ESP-AN.txt	215.21	4384.90	2037.00
AgERA5_1782_529_ESP-AN.txt	142.65	4384.90	2037.00
AgERA5_1747_528_ESP-AN.txt	213.32	4384.90	2037.00
AgERA5_1756_519_ESP-AN.txt	214.18	4384.90	2037.00
AgERA5_1784_527_ESP-AN.txt	118.25	4384.90	2037.00
AgERA5_1749_526_ESP-AN.txt	213.42	4384.90	2037.00
AgERA5_1779_532_ESP-AN.txt	129.65	4384.90	2037.00
AgERA5_1757_518_ESP-AN.txt	214.24	4384.90	2037.00
AgERA5_1748_527_ESP-AN.txt	213.31	4384.90	2037.00
AgERA5_1783_528_ESP-AN.txt	117.35	4384.90	2037.00
AgERA5_1746_529_ESP-AN.txt	213.09	4384.90	2037.00
AgERA5_1777_525_ESP-AN.txt	186.55	4384.90	2037.00
AgERA5_1773_529_ESP-AN.txt	211.88	4384.90	2037.00
AgERA5_1738_528_ESP-AN.txt	202.99	4384.90	2037.00
AgERA5_1747_519_ESP-AN.txt	201.15	4384.90	2037.00
AgERA5_1779_523_ESP-AN.txt	156.13	4384.90	2037.00
AgERA5_1775_527_ESP-AN.txt	168.31	4384.90	2037.00
AgERA5_1749_517_ESP-AN.txt	194.42	4384.90	2037.00
AgERA5_1778_524_ESP-AN.txt	157.62	4384.90	2037.00
AgERA5_1769_533_ESP-AN.txt	213.14	4384.90	2037.00
AgERA5_1748_518_ESP-AN.txt	202.16	4384.90	2037.00
AgERA5_1739_527_ESP-AN.txt	203.08	4384.90	2037.00
AgERA5_1774_528_ESP-AN.txt	186.30	4384.90	2037.00
AgERA5_1737_529_ESP-AN.txt	187.47	4384.90	2037.00
AgERA5_1776_526_ESP-AN.txt	170.51	4384.90	2037.00
AgERA5_1756_528_ESP-AN.txt	214.16	4384.90	2037.00
AgERA5_1765_519_ESP-AN.txt	213.78	4384.90	2037.00
AgERA5_1747_537_ESP-AN.txt	217.45	4384.90	2037.00
AgERA5_1745_539_ESP-AN.txt	215.65	4384.90	2037.00
AgERA5_1749_535_ESP-AN.txt	217.83	4384.90	2037.00
AgERA5_1767_517_ESP-AN.txt	214.86	4384.90	2037.00
AgERA5_1758_526_ESP-AN.txt	215.14	4384.90	2037.00
AgERA5_1757_527_ESP-AN.txt	214.65	4384.90	2037.00
AgERA5_1766_518_ESP-AN.txt	214.54	4384.90	2037.00
AgERA5_1748_536_ESP-AN.txt	214.43	4384.90	2037.00
AgERA5_1746_538_ESP-AN.txt	215.24	4384.90	2037.00
AgERA5_1755_529_ESP-AN.txt	215.11	4384.90	2037.00
AgERA5_1759_525_ESP-AN.txt	214.36	4384.90	2037.00
AgERA5_1732_526_ESP-AN.txt	157.66	4384.90	2037.00
AgERA5_1736_522_ESP-AN.txt	189.62	4384.90	2037.00
AgERA5_1771_523_ESP-AN.txt	216.20	4384.90	2037.00
AgERA5_1762_532_ESP-AN.txt	216.82	4384.90	2037.00
AgERA5_1734_524_ESP-AN.txt	183.07	4384.90	2037.00
AgERA5_1730_528_ESP-AN.txt	159.03	4384.90	2037.00
AgERA5_1764_530_ESP-AN.txt	214.81	4384.90	2037.00
AgERA5_1773_521_ESP-AN.txt	216.81	4384.90	2037.00
AgERA5_1733_525_ESP-AN.txt	181.42	4384.90	2037.00
AgERA5_1763_531_ESP-AN.txt	216.09	4384.90	2037.00
AgERA5_1772_522_ESP-AN.txt	216.71	4384.90	2037.00
AgERA5_1737_521_ESP-AN.txt	191.06	4384.90	2037.00
AgERA5_1770_524_ESP-AN.txt	215.47	4384.90	2037.00
AgERA5_1761_533_ESP-AN.txt	215.37	4384.90	2037.00
AgERA5_1735_523_ESP-AN.txt	207.36	4384.90	2037.00
AgERA5_1774_520_ESP-AN.txt	216.74	4384.90	2037.00
AgERA5_1731_527_ESP-AN.txt	157.94	4384.90	2037.00
AgERA5_1741_535_ESP-AN.txt	213.08	4384.90	2037.00
AgERA5_1750_526_ESP-AN.txt	213.33	4384.90	2037.00
AgERA5_1780_532_ESP-AN.txt	116.75	4384.90	2037.00
AgERA5_1745_531_ESP-AN.txt	213.15	4384.90	2037.00
AgERA5_1754_522_ESP-AN.txt	213.20	4384.90	2037.00
AgERA5_1752_524_ESP-AN.txt	213.51	4384.90	2037.00
AgERA5_1743_533_ESP-AN.txt	213.18	4384.90	2037.00
AgERA5_1782_530_ESP-AN.txt	144.93	4384.90	2037.00
AgERA5_1756_520_ESP-AN.txt	213.49	4384.90	2037.00
AgERA5_1751_525_ESP-AN.txt	213.44	4384.90	2037.00
AgERA5_1742_534_ESP-AN.txt	213.10	4384.90	2037.00
AgERA5_1755_521_ESP-AN.txt	213.20	4384.90	2037.00
AgERA5_1746_530_ESP-AN.txt	213.28	4384.90	2037.00
AgERA5_1781_531_ESP-AN.txt	142.73	4384.90	2037.00
AgERA5_1744_532_ESP-AN.txt	212.79	4384.90	2037.00
AgERA5_1753_523_ESP-AN.txt	213.43	4384.90	2037.00
AgERA5_1740_536_ESP-AN.txt	213.16	4384.90	2037.00
AgERA5_1745_522_ESP-AN.txt	209.48	4384.90	2037.00
AgERA5_1736_531_ESP-AN.txt	193.52	4384.90	2037.00
AgERA5_1780_523_ESP-AN.txt	151.64	4384.90	2037.00
AgERA5_1771_532_ESP-AN.txt	213.56	4384.90	2037.00
AgERA5_1750_517_ESP-AN.txt	194.57	4384.90	2037.00
AgERA5_1741_526_ESP-AN.txt	197.85	4384.90	2037.00
AgERA5_1747_520_ESP-AN.txt	212.83	4384.90	2037.00
AgERA5_1773_530_ESP-AN.txt	210.72	4384.90	2037.00
AgERA5_1743_524_ESP-AN.txt	207.75	4384.90	2037.00
AgERA5_1752_515_ESP-AN.txt	209.93	4384.90	2037.00
AgERA5_1772_531_ESP-AN.txt	211.24	4384.90	2037.00
AgERA5_1746_521_ESP-AN.txt	208.54	4384.90	2037.00
AgERA5_1737_530_ESP-AN.txt	188.85	4384.90	2037.00
AgERA5_1742_525_ESP-AN.txt	207.04	4384.90	2037.00
AgERA5_1751_516_ESP-AN.txt	194.47	4384.90	2037.00
AgERA5_1740_527_ESP-AN.txt	202.62	4384.90	2037.00
AgERA5_1744_523_ESP-AN.txt	213.28	4384.90	2037.00
AgERA5_1770_533_ESP-AN.txt	212.78	4384.90	2037.00
AgERA5_1754_531_ESP-AN.txt	214.54	4384.90	2037.00
AgERA5_1745_540_ESP-AN.txt	215.92	4384.90	2037.00
AgERA5_1763_522_ESP-AN.txt	213.96	4384.90	2037.00
AgERA5_1750_535_ESP-AN.txt	217.74	4384.90	2037.00
AgERA5_1765_520_ESP-AN.txt	214.09	4384.90	2037.00
AgERA5_1761_524_ESP-AN.txt	214.73	4384.90	2037.00
AgERA5_1752_533_ESP-AN.txt	214.05	4384.90	2037.00
AgERA5_1764_521_ESP-AN.txt	214.03	4384.90	2037.00
AgERA5_1755_530_ESP-AN.txt	215.52	4384.90	2037.00
AgERA5_1751_534_ESP-AN.txt	217.87	4384.90	2037.00
AgERA5_1760_525_ESP-AN.txt	214.45	4384.90	2037.00
AgERA5_1762_523_ESP-AN.txt	214.59	4384.90	2037.00
AgERA5_1753_532_ESP-AN.txt	213.74	4384.90	2037.00
AgERA5_1744_535_ESP-AN.txt	213.61	4384.90	2037.00
AgERA5_1753_526_ESP-AN.txt	213.83	4384.90	2037.00
AgERA5_1748_531_ESP-AN.txt	213.72	4384.90	2037.00
AgERA5_1757_522_ESP-AN.txt	213.28	4384.90	2037.00
AgERA5_1755_524_ESP-AN.txt	213.98	4384.90	2037.00
AgERA5_1746_533_ESP-AN.txt	214.04	4384.90	2037.00
AgERA5_1759_520_ESP-AN.txt	213.94	4384.90	2037.00
AgERA5_1760_519_ESP-AN.txt	213.79	4384.90	2037.00
AgERA5_1742_537_ESP-AN.txt	213.14	4384.90	2037.00
AgERA5_1751_528_ESP-AN.txt	213.87	4384.90	2037.00
AgERA5_1745_534_ESP-AN.txt	213.69	4384.90	2037.00
AgERA5_1754_525_ESP-AN.txt	213.83	4384.90	2037.00
AgERA5_1741_538_ESP-AN.txt	213.30	4384.90	2037.00
AgERA5_1750_529_ESP-AN.txt	213.80	4384.90	2037.00
AgERA5_1749_530_ESP-AN.txt	213.91	4384.90	2037.00
AgERA5_1758_521_ESP-AN.txt	213.44	4384.90	2037.00
AgERA5_1756_523_ESP-AN.txt	213.91	4384.90	2037.00
AgERA5_1747_532_ESP-AN.txt	213.52	4384.90	2037.00
AgERA5_1752_527_ESP-AN.txt	213.86	4384.90	2037.00
AgERA5_1761_518_ESP-AN.txt	214.02	4384.90	2037.00
AgERA5_1743_536_ESP-AN.txt	213.65	4384.90	2037.00
AgERA5_1736_525_ESP-AN.txt	204.77	4384.90	2037.00
AgERA5_1771_526_ESP-AN.txt	211.03	4384.90	2037.00
AgERA5_1775_522_ESP-AN.txt	216.08	4384.90	2037.00
AgERA5_1766_531_ESP-AN.txt	214.96	4384.90	2037.00
AgERA5_1732_529_ESP-AN.txt	177.99	4384.90	2037.00
AgERA5_1738_523_ESP-AN.txt	212.17	4384.90	2037.00
AgERA5_1764_533_ESP-AN.txt	214.23	4384.90	2037.00
AgERA5_1773_524_ESP-AN.txt	190.51	4384.90	2037.00
AgERA5_1734_527_ESP-AN.txt	170.79	4384.90	2037.00
AgERA5_1772_525_ESP-AN.txt	190.55	4384.90	2037.00
AgERA5_1737_524_ESP-AN.txt	205.74	4384.90	2037.00
AgERA5_1733_528_ESP-AN.txt	171.89	4384.90	2037.00
AgERA5_1767_530_ESP-AN.txt	180.54	4384.90	2037.00
AgERA5_1776_521_ESP-AN.txt	216.42	4384.90	2037.00
AgERA5_1774_523_ESP-AN.txt	195.26	4384.90	2037.00
AgERA5_1765_532_ESP-AN.txt	214.67	4384.90	2037.00
AgERA5_1739_522_ESP-AN.txt	195.31	4384.90	2037.00
AgERA5_1735_526_ESP-AN.txt	192.81	4384.90	2037.00
AgERA5_1770_527_ESP-AN.txt	207.16	4384.90	2037.00
AgERA5_1757_531_ESP-AN.txt	216.29	4384.90	2037.00
AgERA5_1766_522_ESP-AN.txt	214.80	4384.90	2037.00
AgERA5_1727_525_ESP-AN.txt	150.25	4384.90	2037.00
AgERA5_1762_526_ESP-AN.txt	215.26	4384.90	2037.00
AgERA5_1771_517_ESP-AN.txt	215.04	4384.90	2037.00
AgERA5_1753_535_ESP-AN.txt	218.03	4384.90	2037.00
AgERA5_1768_520_ESP-AN.txt	215.12	4384.90	2037.00
AgERA5_1760_528_ESP-AN.txt	214.73	4384.90	2037.00
AgERA5_1729_523_ESP-AN.txt	151.51	4384.90	2037.00
AgERA5_1755_533_ESP-AN.txt	215.92	4384.90	2037.00
AgERA5_1764_524_ESP-AN.txt	215.18	4384.90	2037.00
AgERA5_1758_530_ESP-AN.txt	216.51	4384.90	2037.00
AgERA5_1767_521_ESP-AN.txt	214.73	4384.90	2037.00
AgERA5_1754_534_ESP-AN.txt	217.64	4384.90	2037.00
AgERA5_1763_525_ESP-AN.txt	215.55	4384.90	2037.00
AgERA5_1728_524_ESP-AN.txt	150.32	4384.90	2037.00
AgERA5_1761_527_ESP-AN.txt	215.02	4384.90	2037.00
AgERA5_1770_518_ESP-AN.txt	215.09	4384.90	2037.00
AgERA5_1765_523_ESP-AN.txt	214.89	4384.90	2037.00
AgERA5_1756_532_ESP-AN.txt	216.81	4384.90	2037.00
AgERA5_1749_521_ESP-AN.txt	213.70	4384.90	2037.00
AgERA5_1775_531_ESP-AN.txt	163.68	4384.90	2037.00
AgERA5_1741_529_ESP-AN.txt	212.74	4384.90	2037.00
AgERA5_1780_526_ESP-AN.txt	144.72	4384.90	2037.00
AgERA5_1754_516_ESP-AN.txt	210.86	4384.90	2037.00
AgERA5_1745_525_ESP-AN.txt	212.78	4384.90	2037.00
AgERA5_1743_527_ESP-AN.txt	199.28	4384.90	2037.00
AgERA5_1752_518_ESP-AN.txt	214.27	4384.90	2037.00
AgERA5_1773_533_ESP-AN.txt	185.07	4384.90	2037.00
AgERA5_1747_523_ESP-AN.txt	207.20	4384.90	2037.00
AgERA5_1738_532_ESP-AN.txt	213.50	4384.90	2037.00
AgERA5_1742_528_ESP-AN.txt	198.93	4384.90	2037.00
AgERA5_1776_530_ESP-AN.txt	162.43	4384.90	2037.00
AgERA5_1751_519_ESP-AN.txt	214.29	4384.90	2037.00
AgERA5_1746_524_ESP-AN.txt	212.95	4384.90	2037.00
AgERA5_1781_525_ESP-AN.txt	149.57	4384.90	2037.00
AgERA5_1753_517_ESP-AN.txt	211.31	4384.90	2037.00
AgERA5_1744_526_ESP-AN.txt	213.00	4384.90	2037.00
AgERA5_1739_531_ESP-AN.txt	201.07	4384.90	2037.00
AgERA5_1748_522_ESP-AN.txt	210.22	4384.90	2037.00
AgERA5_1774_532_ESP-AN.txt	190.09	4384.90	2037.00
AgERA5_1760_520_ESP-AN.txt	213.95	4384.90	2037.00
AgERA5_1768_519_ESP-AN.txt	214.79	4384.90	2037.00
AgERA5_1759_528_ESP-AN.txt	214.73	4384.90	2037.00
AgERA5_1769_518_ESP-AN.txt	215.00	4384.90	2037.00
AgERA5_1758_529_ESP-AN.txt	215.69	4384.90	2037.00
AgERA5_1750_530_ESP-AN.txt	214.12	4384.90	2037.00
AgERA5_1777_528_ESP-AN.txt	171.17	4384.90	2037.00
AgERA5_1779_526_ESP-AN.txt	163.51	4384.90	2037.00
AgERA5_1740_522_ESP-AN.txt	195.23	4384.90	2037.00
AgERA5_1778_527_ESP-AN.txt	162.50	4384.90	2037.00
AgERA5_1742_520_ESP-AN.txt	201.96	4384.90	2037.00
AgERA5_1776_529_ESP-AN.txt	170.13	4384.90	2037.00
AgERA5_1768_528_ESP-AN.txt	214.61	4384.90	2037.00
AgERA5_1730_523_ESP-AN.txt	172.85	4384.90	2037.00
AgERA5_1732_521_ESP-AN.txt	184.20	4384.90	2037.00
AgERA5_1769_527_ESP-AN.txt	207.35	4384.90	2037.00
AgERA5_1731_522_ESP-AN.txt	183.87	4384.90	2037.00
AgERA5_1733_520_ESP-AN.txt	190.94	4384.90	2037.00
AgERA5_1767_529_ESP-AN.txt	215.10	4384.90	2037.00
AgERA5_1749_529_ESP-AN.txt	213.55	4384.90	2037.00
AgERA5_1741_530_ESP-AN.txt	212.86	4384.90	2037.00
AgERA5_1750_521_ESP-AN.txt	213.73	4384.90	2037.00
AgERA5_1740_531_ESP-AN.txt	200.18	4384.90	2037.00
AgERA5_1751_520_ESP-AN.txt	214.20	4384.90	2037.00
AgERA5_1759_519_ESP-AN.txt	213.79	4384.90	2037.00
AgERA5_1749_534_ESP-AN.txt	218.06	4384.90	2037.00
AgERA5_1758_525_ESP-AN.txt	214.67	4384.90	2037.00
AgERA5_1745_538_ESP-AN.txt	215.35	4384.90	2037.00
AgERA5_1754_529_ESP-AN.txt	214.05	4384.90	2037.00
AgERA5_1756_527_ESP-AN.txt	214.39	4384.90	2037.00
AgERA5_1747_536_ESP-AN.txt	214.43	4384.90	2037.00
AgERA5_1765_518_ESP-AN.txt	214.31	4384.90	2037.00
AgERA5_1759_524_ESP-AN.txt	214.23	4384.90	2037.00
AgERA5_1746_537_ESP-AN.txt	215.31	4384.90	2037.00
AgERA5_1764_519_ESP-AN.txt	213.85	4384.90	2037.00
AgERA5_1755_528_ESP-AN.txt	214.15	4384.90	2037.00
AgERA5_1744_539_ESP-AN.txt	215.27	4384.90	2037.00
AgERA5_1757_526_ESP-AN.txt	214.89	4384.90	2037.00
AgERA5_1748_535_ESP-AN.txt	215.11	4384.90	2037.00
AgERA5_1766_517_ESP-AN.txt	215.06	4384.90	2037.00
AgERA5_1776_525_ESP-AN.txt	184.01	4384.90	2037.00
AgERA5_1737_528_ESP-AN.txt	193.57	4384.90	2037.00
AgERA5_1746_519_ESP-AN.txt	191.77	4384.90	2037.00
AgERA5_1772_529_ESP-AN.txt	212.18	4384.90	2037.00
AgERA5_1778_523_ESP-AN.txt	154.53	4384.90	2037.00
AgERA5_1769_532_ESP-AN.txt	213.60	4384.90	2037.00
AgERA5_1748_517_ESP-AN.txt	183.23	4384.90	2037.00
AgERA5_1739_526_ESP-AN.txt	201.94	4384.90	2037.00
AgERA5_1774_527_ESP-AN.txt	182.75	4384.90	2037.00
AgERA5_1768_533_ESP-AN.txt	213.12	4384.90	2037.00
AgERA5_1777_524_ESP-AN.txt	182.70	4384.90	2037.00
AgERA5_1773_528_ESP-AN.txt	187.18	4384.90	2037.00
AgERA5_1738_527_ESP-AN.txt	203.30	4384.90	2037.00
AgERA5_1747_518_ESP-AN.txt	201.70	4384.90	2037.00
AgERA5_1779_522_ESP-AN.txt	201.71	4384.90	2037.00
AgERA5_1736_529_ESP-AN.txt	188.19	4384.90	2037.00
AgERA5_1775_526_ESP-AN.txt	166.80	4384.90	2037.00
AgERA5_1749_516_ESP-AN.txt	193.65	4384.90	2037.00
AgERA5_1763_529_ESP-AN.txt	214.78	4384.90	2037.00
AgERA5_1728_528_ESP-AN.txt	130.65	4384.90	2037.00
AgERA5_1767_525_ESP-AN.txt	215.21	4384.90	2037.00
AgERA5_1765_527_ESP-AN.txt	215.05	4384.90	2037.00
AgERA5_1774_518_ESP-AN.txt	216.08	4384.90	2037.00
AgERA5_1769_523_ESP-AN.txt	215.52	4384.90	2037.00
AgERA5_1729_527_ESP-AN.txt	131.04	4384.90	2037.00
AgERA5_1773_519_ESP-AN.txt	216.18	4384.90	2037.00
AgERA5_1764_528_ESP-AN.txt	214.45	4384.90	2037.00
AgERA5_1759_533_ESP-AN.txt	214.99	4384.90	2037.00
AgERA5_1768_524_ESP-AN.txt	215.29	4384.90	2037.00
AgERA5_1766_526_ESP-AN.txt	215.22	4384.90	2037.00
AgERA5_1775_517_ESP-AN.txt	216.30	4384.90	2037.00
AgERA5_1727_529_ESP-AN.txt	150.22	4384.90	2037.00
AgERA5_1746_528_ESP-AN.txt	213.00	4384.90	2037.00
AgERA5_1755_519_ESP-AN.txt	214.22	4384.90	2037.00
AgERA5_1781_529_ESP-AN.txt	141.61	4384.90	2037.00
AgERA5_1739_535_ESP-AN.txt	213.04	4384.90	2037.00
AgERA5_1748_526_ESP-AN.txt	213.36	4384.90	2037.00
AgERA5_1783_527_ESP-AN.txt	115.27	4384.90	2037.00
AgERA5_1778_532_ESP-AN.txt	130.40	4384.90	2037.00
AgERA5_1782_528_ESP-AN.txt	140.86	4384.90	2037.00
AgERA5_1747_527_ESP-AN.txt	213.17	4384.90	2037.00
AgERA5_1756_518_ESP-AN.txt	214.22	4384.90	2037.00
AgERA5_1749_525_ESP-AN.txt	213.42	4384.90	2037.00
AgERA5_1745_529_ESP-AN.txt	212.97	4384.90	2037.00
AgERA5_1779_531_ESP-AN.txt	166.37	4384.90	2037.00
AgERA5_1761_523_ESP-AN.txt	214.57	4384.90	2037.00
AgERA5_1752_532_ESP-AN.txt	214.29	4384.90	2037.00
AgERA5_1754_530_ESP-AN.txt	214.26	4384.90	2037.00
AgERA5_1763_521_ESP-AN.txt	214.01	4384.90	2037.00
AgERA5_1750_534_ESP-AN.txt	218.11	4384.90	2037.00
AgERA5_1753_531_ESP-AN.txt	214.50	4384.90	2037.00
AgERA5_1762_522_ESP-AN.txt	213.99	4384.90	2037.00
AgERA5_1744_540_ESP-AN.txt	215.69	4384.90	2037.00
AgERA5_1764_520_ESP-AN.txt	214.07	4384.90	2037.00
AgERA5_1751_533_ESP-AN.txt	214.95	4384.90	2037.00
AgERA5_1760_524_ESP-AN.txt	214.42	4384.90	2037.00
AgERA5_1770_532_ESP-AN.txt	213.22	4384.90	2037.00
AgERA5_1744_522_ESP-AN.txt	209.28	4384.90	2037.00
AgERA5_1740_526_ESP-AN.txt	201.60	4384.90	2037.00
AgERA5_1772_530_ESP-AN.txt	211.40	4384.90	2037.00
AgERA5_1746_520_ESP-AN.txt	207.87	4384.90	2037.00
AgERA5_1742_524_ESP-AN.txt	208.54	4384.90	2037.00
AgERA5_1751_515_ESP-AN.txt	193.80	4384.90	2037.00
AgERA5_1745_521_ESP-AN.txt	210.04	4384.90	2037.00
AgERA5_1736_530_ESP-AN.txt	189.84	4384.90	2037.00
AgERA5_1771_531_ESP-AN.txt	214.62	4384.90	2037.00
AgERA5_1750_516_ESP-AN.txt	194.26	4384.90	2037.00
AgERA5_1741_525_ESP-AN.txt	207.32	4384.90	2037.00
AgERA5_1743_523_ESP-AN.txt	209.78	4384.90	2037.00
AgERA5_1731_526_ESP-AN.txt	157.67	4384.90	2037.00
AgERA5_1770_523_ESP-AN.txt	215.76	4384.90	2037.00
AgERA5_1761_532_ESP-AN.txt	216.52	4384.90	2037.00
AgERA5_1735_522_ESP-AN.txt	190.26	4384.90	2037.00
AgERA5_1733_524_ESP-AN.txt	181.37	4384.90	2037.00
AgERA5_1763_530_ESP-AN.txt	215.18	4384.90	2037.00
AgERA5_1772_521_ESP-AN.txt	216.61	4384.90	2037.00
AgERA5_1732_525_ESP-AN.txt	169.42	4384.90	2037.00
AgERA5_1736_521_ESP-AN.txt	191.21	4384.90	2037.00
AgERA5_1771_522_ESP-AN.txt	216.12	4384.90	2037.00
AgERA5_1762_531_ESP-AN.txt	216.17	4384.90	2037.00
AgERA5_1734_523_ESP-AN.txt	185.73	4384.90	2037.00
AgERA5_1760_533_ESP-AN.txt	214.90	4384.90	2037.00
AgERA5_1730_527_ESP-AN.txt	158.22	4384.90	2037.00
AgERA5_1773_520_ESP-AN.txt	216.70	4384.90	2037.00
AgERA5_1740_535_ESP-AN.txt	213.06	4384.90	2037.00
AgERA5_1744_531_ESP-AN.txt	212.97	4384.90	2037.00
AgERA5_1753_522_ESP-AN.txt	213.34	4384.90	2037.00
AgERA5_1751_524_ESP-AN.txt	213.45	4384.90	2037.00
AgERA5_1742_533_ESP-AN.txt	213.21	4384.90	2037.00
AgERA5_1755_520_ESP-AN.txt	213.52	4384.90	2037.00
AgERA5_1781_530_ESP-AN.txt	142.82	4384.90	2037.00
AgERA5_1741_534_ESP-AN.txt	212.96	4384.90	2037.00
AgERA5_1750_525_ESP-AN.txt	213.45	4384.90	2037.00
AgERA5_1780_531_ESP-AN.txt	142.20	4384.90	2037.00
AgERA5_1745_530_ESP-AN.txt	213.05	4384.90	2037.00
AgERA5_1754_521_ESP-AN.txt	213.38	4384.90	2037.00
AgERA5_1752_523_ESP-AN.txt	213.42	4384.90	2037.00
AgERA5_1743_532_ESP-AN.txt	213.14	4384.90	2037.00
AgERA5_1747_516_ESP-AN.txt	182.51	4384.90	2037.00
AgERA5_1738_525_ESP-AN.txt	210.44	4384.90	2037.00
AgERA5_1773_526_ESP-AN.txt	179.96	4384.90	2037.00
AgERA5_1734_529_ESP-AN.txt	191.10	4384.90	2037.00
AgERA5_1768_531_ESP-AN.txt	215.51	4384.90	2037.00
AgERA5_1777_522_ESP-AN.txt	215.77	4384.90	2037.00
AgERA5_1775_524_ESP-AN.txt	177.23	4384.90	2037.00
AgERA5_1766_533_ESP-AN.txt	212.66	4384.90	2037.00
AgERA5_1771_528_ESP-AN.txt	210.52	4384.90	2037.00
AgERA5_1736_527_ESP-AN.txt	193.96	4384.90	2037.00
AgERA5_1774_525_ESP-AN.txt	191.69	4384.90	2037.00
AgERA5_1739_524_ESP-AN.txt	211.32	4384.90	2037.00
AgERA5_1778_521_ESP-AN.txt	204.13	4384.90	2037.00
AgERA5_1735_528_ESP-AN.txt	194.43	4384.90	2037.00
AgERA5_1769_530_ESP-AN.txt	219.24	4384.90	2037.00
AgERA5_1770_529_ESP-AN.txt	214.61	4384.90	2037.00
AgERA5_1767_532_ESP-AN.txt	213.86	4384.90	2037.00
AgERA5_1776_523_ESP-AN.txt	177.29	4384.90	2037.00
AgERA5_1737_526_ESP-AN.txt	192.95	4384.90	2037.00
AgERA5_1746_517_ESP-AN.txt	180.35	4384.90	2037.00
AgERA5_1772_527_ESP-AN.txt	183.41	4384.90	2037.00
AgERA5_1756_525_ESP-AN.txt	214.37	4384.90	2037.00
AgERA5_1747_534_ESP-AN.txt	215.08	4384.90	2037.00
AgERA5_1752_529_ESP-AN.txt	214.35	4384.90	2037.00
AgERA5_1743_538_ESP-AN.txt	213.39	4384.90	2037.00
AgERA5_1749_532_ESP-AN.txt	214.04	4384.90	2037.00
AgERA5_1758_523_ESP-AN.txt	214.29	4384.90	2037.00
AgERA5_1745_536_ESP-AN.txt	214.42	4384.90	2037.00
AgERA5_1763_518_ESP-AN.txt	213.96	4384.90	2037.00
AgERA5_1754_527_ESP-AN.txt	213.84	4384.90	2037.00
AgERA5_1748_533_ESP-AN.txt	214.40	4384.90	2037.00
AgERA5_1757_524_ESP-AN.txt	214.10	4384.90	2037.00
AgERA5_1753_528_ESP-AN.txt	214.24	4384.90	2037.00
AgERA5_1762_519_ESP-AN.txt	213.56	4384.90	2037.00
AgERA5_1744_537_ESP-AN.txt	215.06	4384.90	2037.00
AgERA5_1759_522_ESP-AN.txt	213.69	4384.90	2037.00
AgERA5_1742_539_ESP-AN.txt	213.43	4384.90	2037.00
AgERA5_1746_535_ESP-AN.txt	214.55	4384.90	2037.00
AgERA5_1764_517_ESP-AN.txt	215.10	4384.90	2037.00
AgERA5_1755_526_ESP-AN.txt	214.21	4384.90	2037.00
AgERA5_1743_529_ESP-AN.txt	212.86	4384.90	2037.00
AgERA5_1777_531_ESP-AN.txt	161.57	4384.90	2037.00
AgERA5_1782_526_ESP-AN.txt	143.10	4384.90	2037.00
AgERA5_1747_525_ESP-AN.txt	205.42	4384.90	2037.00
AgERA5_1738_534_ESP-AN.txt	213.16	4384.90	2037.00
AgERA5_1780_528_ESP-AN.txt	140.28	4384.90	2037.00
AgERA5_1754_518_ESP-AN.txt	214.30	4384.90	2037.00
AgERA5_1745_527_ESP-AN.txt	212.85	4384.90	2037.00
AgERA5_1775_533_ESP-AN.txt	138.54	4384.90	2037.00
AgERA5_1749_523_ESP-AN.txt	213.36	4384.90	2037.00
AgERA5_1753_519_ESP-AN.txt	214.22	4384.90	2037.00
AgERA5_1744_528_ESP-AN.txt	212.85	4384.90	2037.00
AgERA5_1778_530_ESP-AN.txt	165.83	4384.90	2037.00
AgERA5_1739_533_ESP-AN.txt	213.01	4384.90	2037.00
AgERA5_1748_524_ESP-AN.txt	205.85	4384.90	2037.00
AgERA5_1774_534_ESP-AN.txt	126.99	4384.90	2037.00
AgERA5_1746_526_ESP-AN.txt	212.88	4384.90	2037.00
AgERA5_1755_517_ESP-AN.txt	214.40	4384.90	2037.00
AgERA5_1781_527_ESP-AN.txt	138.78	4384.90	2037.00
AgERA5_1776_532_ESP-AN.txt	137.04	4384.90	2037.00
AgERA5_1761_529_ESP-AN.txt	215.10	4384.90	2037.00
AgERA5_1769_521_ESP-AN.txt	214.91	4384.90	2037.00
AgERA5_1765_525_ESP-AN.txt	215.13	4384.90	2037.00
AgERA5_1756_534_ESP-AN.txt	181.87	4384.90	2037.00
AgERA5_1774_516_ESP-AN.txt	215.33	4384.90	2037.00
AgERA5_1754_536_ESP-AN.txt	218.00	4384.90	2037.00
AgERA5_1772_518_ESP-AN.txt	215.45	4384.90	2037.00
AgERA5_1763_527_ESP-AN.txt	214.87	4384.90	2037.00
AgERA5_1728_526_ESP-AN.txt	131.63	4384.90	2037.00
AgERA5_1758_532_ESP-AN.txt	216.33	4384.90	2037.00
AgERA5_1767_523_ESP-AN.txt	215.35	4384.90	2037.00
AgERA5_1727_527_ESP-AN.txt	130.87	4384.90	2037.00
AgERA5_1762_528_ESP-AN.txt	214.45	4384.90	2037.00
AgERA5_1771_519_ESP-AN.txt	215.36	4384.90	2037.00
AgERA5_1766_524_ESP-AN.txt	215.78	4384.90	2037.00
AgERA5_1757_533_ESP-AN.txt	215.92	4384.90	2037.00
AgERA5_1729_525_ESP-AN.txt	150.78	4384.90	2037.00
AgERA5_1755_535_ESP-AN.txt	184.75	4384.90	2037.00
AgERA5_1773_517_ESP-AN.txt	215.10	4384.90	2037.00
AgERA5_1764_526_ESP-AN.txt	215.42	4384.90	2037.00
AgERA5_1759_531_ESP-AN.txt	216.72	4384.90	2037.00
AgERA5_1768_522_ESP-AN.txt	214.71	4384.90	2037.00
AgERA5_1741_523_ESP-AN.txt	210.56	4384.90	2037.00
AgERA5_1750_514_ESP-AN.txt	214.87	4384.90	2037.00
AgERA5_1779_528_ESP-AN.txt	159.04	4384.90	2037.00
AgERA5_1734_530_ESP-AN.txt	194.51	4384.90	2037.00
AgERA5_1743_521_ESP-AN.txt	202.54	4384.90	2037.00
AgERA5_1742_522_ESP-AN.txt	200.20	4384.90	2037.00
AgERA5_1770_530_ESP-AN.txt	215.38	4384.90	2037.00
AgERA5_1778_529_ESP-AN.txt	168.60	4384.90	2037.00
AgERA5_1740_524_ESP-AN.txt	211.26	4384.90	2037.00
AgERA5_1750_532_ESP-AN.txt	214.49	4384.90	2037.00
AgERA5_1761_521_ESP-AN.txt	213.86	4384.90	2037.00
AgERA5_1752_530_ESP-AN.txt	214.39	4384.90	2037.00
AgERA5_1760_522_ESP-AN.txt	213.70	4384.90	2037.00
AgERA5_1751_531_ESP-AN.txt	214.49	4384.90	2037.00
AgERA5_1762_520_ESP-AN.txt	214.13	4384.90	2037.00
AgERA5_1741_532_ESP-AN.txt	212.99	4384.90	2037.00
AgERA5_1750_523_ESP-AN.txt	213.38	4384.90	2037.00
AgERA5_1752_521_ESP-AN.txt	213.69	4384.90	2037.00
AgERA5_1743_530_ESP-AN.txt	212.83	4384.90	2037.00
AgERA5_1751_522_ESP-AN.txt	213.31	4384.90	2037.00
AgERA5_1742_531_ESP-AN.txt	212.91	4384.90	2037.00
AgERA5_1740_533_ESP-AN.txt	212.49	4384.90	2037.00
AgERA5_1753_520_ESP-AN.txt	213.91	4384.90	2037.00
AgERA5_1733_522_ESP-AN.txt	191.23	4384.90	2037.00
AgERA5_1731_524_ESP-AN.txt	170.02	4384.90	2037.00
AgERA5_1770_521_ESP-AN.txt	215.22	4384.90	2037.00
AgERA5_1761_530_ESP-AN.txt	215.53	4384.90	2037.00
AgERA5_1769_529_ESP-AN.txt	214.94	4384.90	2037.00
AgERA5_1730_525_ESP-AN.txt	170.61	4384.90	2037.00
AgERA5_1734_521_ESP-AN.txt	192.64	4384.90	2037.00
AgERA5_1760_531_ESP-AN.txt	216.58	4384.90	2037.00
AgERA5_1732_523_ESP-AN.txt	173.28	4384.90	2037.00
AgERA5_1771_520_ESP-AN.txt	215.56	4384.90	2037.00
AgERA5_1778_525_ESP-AN.txt	158.65	4384.90	2037.00
AgERA5_1748_519_ESP-AN.txt	201.97	4384.90	2037.00
AgERA5_1739_528_ESP-AN.txt	202.72	4384.90	2037.00
AgERA5_1774_529_ESP-AN.txt	211.40	4384.90	2037.00
AgERA5_1776_527_ESP-AN.txt	170.26	4384.90	2037.00
AgERA5_1779_524_ESP-AN.txt	158.45	4384.90	2037.00
AgERA5_1775_528_ESP-AN.txt	172.00	4384.90	2037.00
AgERA5_1749_518_ESP-AN.txt	214.30	4384.90	2037.00
AgERA5_1738_529_ESP-AN.txt	197.89	4384.90	2037.00
AgERA5_1777_526_ESP-AN.txt	172.70	4384.90	2037.00
AgERA5_1757_528_ESP-AN.txt	214.26	4384.90	2037.00
AgERA5_1748_537_ESP-AN.txt	217.31	4384.90	2037.00
AgERA5_1766_519_ESP-AN.txt	214.29	4384.90	2037.00
AgERA5_1746_539_ESP-AN.txt	215.52	4384.90	2037.00
AgERA5_1768_517_ESP-AN.txt	214.89	4384.90	2037.00
AgERA5_1759_526_ESP-AN.txt	214.83	4384.90	2037.00
AgERA5_1767_518_ESP-AN.txt	214.55	4384.90	2037.00
AgERA5_1749_536_ESP-AN.txt	217.02	4384.90	2037.00
AgERA5_1758_527_ESP-AN.txt	215.02	4384.90	2037.00
AgERA5_1756_529_ESP-AN.txt	215.08	4384.90	2037.00
AgERA5_1747_538_ESP-AN.txt	217.24	4384.90	2037.00
AgERA5_1757_519_ESP-AN.txt	214.09	4384.90	2037.00
AgERA5_1739_537_ESP-AN.txt	213.18	4384.90	2037.00
AgERA5_1748_528_ESP-AN.txt	213.36	4384.90	2037.00
AgERA5_1758_518_ESP-AN.txt	213.95	4384.90	2037.00
AgERA5_1749_527_ESP-AN.txt	213.35	4384.90	2037.00
AgERA5_1779_533_ESP-AN.txt	130.07	4384.90	2037.00
AgERA5_1747_529_ESP-AN.txt	213.13	4384.90	2037.00
AgERA5_1766_528_ESP-AN.txt	215.06	4384.90	2037.00
AgERA5_1775_519_ESP-AN.txt	216.52	4384.90	2037.00
AgERA5_1768_526_ESP-AN.txt	215.07	4384.90	2037.00
AgERA5_1730_521_ESP-AN.txt	181.26	4384.90	2037.00
AgERA5_1776_518_ESP-AN.txt	216.47	4384.90	2037.00
AgERA5_1767_527_ESP-AN.txt	215.19	4384.90	2037.00
AgERA5_1769_525_ESP-AN.txt	215.36	4384.90	2037.00
AgERA5_1765_529_ESP-AN.txt	214.74	4384.90	2037.00
AgERA5_1772_532_ESP-AN.txt	190.65	4384.90	2037.00
AgERA5_1781_523_ESP-AN.txt	149.96	4384.90	2037.00
AgERA5_1746_522_ESP-AN.txt	208.42	4384.90	2037.00
AgERA5_1737_531_ESP-AN.txt	191.63	4384.90	2037.00
AgERA5_1742_526_ESP-AN.txt	198.14	4384.90	2037.00
AgERA5_1751_517_ESP-AN.txt	194.93	4384.90	2037.00
AgERA5_1774_530_ESP-AN.txt	208.79	4384.90	2037.00
AgERA5_1740_528_ESP-AN.txt	203.04	4384.90	2037.00
AgERA5_1748_520_ESP-AN.txt	213.34	4384.90	2037.00
AgERA5_1744_524_ESP-AN.txt	212.84	4384.90	2037.00
AgERA5_1738_530_ESP-AN.txt	199.28	4384.90	2037.00
AgERA5_1747_521_ESP-AN.txt	212.18	4384.90	2037.00
AgERA5_1773_531_ESP-AN.txt	211.14	4384.90	2037.00
AgERA5_1743_525_ESP-AN.txt	206.64	4384.90	2037.00
AgERA5_1752_516_ESP-AN.txt	210.58	4384.90	2037.00
AgERA5_1750_518_ESP-AN.txt	214.27	4384.90	2037.00
AgERA5_1741_527_ESP-AN.txt	198.66	4384.90	2037.00
AgERA5_1780_524_ESP-AN.txt	153.67	4384.90	2037.00
AgERA5_1771_533_ESP-AN.txt	213.00	4384.90	2037.00
AgERA5_1745_523_ESP-AN.txt	213.35	4384.90	2037.00
AgERA5_1746_540_ESP-AN.txt	215.83	4384.90	2037.00
AgERA5_1764_522_ESP-AN.txt	214.05	4384.90	2037.00
AgERA5_1755_531_ESP-AN.txt	215.92	4384.90	2037.00
AgERA5_1751_535_ESP-AN.txt	217.45	4384.90	2037.00
AgERA5_1760_526_ESP-AN.txt	214.78	4384.90	2037.00
AgERA5_1766_520_ESP-AN.txt	214.64	4384.90	2037.00
AgERA5_1762_524_ESP-AN.txt	215.07	4384.90	2037.00
AgERA5_1753_533_ESP-AN.txt	211.21	4384.90	2037.00
AgERA5_1765_521_ESP-AN.txt	214.00	4384.90	2037.00
AgERA5_1756_530_ESP-AN.txt	215.67	4384.90	2037.00
AgERA5_1761_525_ESP-AN.txt	214.82	4384.90	2037.00
AgERA5_1752_534_ESP-AN.txt	218.75	4384.90	2037.00
AgERA5_1750_536_ESP-AN.txt	216.78	4384.90	2037.00
AgERA5_1754_532_ESP-AN.txt	212.62	4384.90	2037.00
AgERA5_1763_523_ESP-AN.txt	214.63	4384.90	2037.00
AgERA5_1751_526_ESP-AN.txt	213.27	4384.90	2037.00
AgERA5_1742_535_ESP-AN.txt	213.18	4384.90	2037.00
AgERA5_1755_522_ESP-AN.txt	213.03	4384.90	2037.00
AgERA5_1746_531_ESP-AN.txt	213.37	4384.90	2037.00
AgERA5_1781_532_ESP-AN.txt	121.53	4384.90	2037.00
AgERA5_1744_533_ESP-AN.txt	213.02	4384.90	2037.00
AgERA5_1753_524_ESP-AN.txt	213.59	4384.90	2037.00
AgERA5_1757_520_ESP-AN.txt	213.49	4384.90	2037.00
AgERA5_1740_537_ESP-AN.txt	213.06	4384.90	2037.00
AgERA5_1752_525_ESP-AN.txt	213.47	4384.90	2037.00
AgERA5_1743_534_ESP-AN.txt	213.17	4384.90	2037.00
AgERA5_1782_531_ESP-AN.txt	147.69	4384.90	2037.00
AgERA5_1756_521_ESP-AN.txt	213.06	4384.90	2037.00
AgERA5_1747_530_ESP-AN.txt	213.42	4384.90	2037.00
AgERA5_1780_533_ESP-AN.txt	120.57	4384.90	2037.00
AgERA5_1745_532_ESP-AN.txt	213.08	4384.90	2037.00
AgERA5_1754_523_ESP-AN.txt	213.43	4384.90	2037.00
AgERA5_1741_536_ESP-AN.txt	213.22	4384.90	2037.00
AgERA5_1750_527_ESP-AN.txt	213.32	4384.90	2037.00
AgERA5_1734_525_ESP-AN.txt	182.73	4384.90	2037.00
AgERA5_1764_531_ESP-AN.txt	215.53	4384.90	2037.00
AgERA5_1773_522_ESP-AN.txt	216.63	4384.90	2037.00
AgERA5_1736_523_ESP-AN.txt	207.41	4384.90	2037.00
AgERA5_1771_524_ESP-AN.txt	215.46	4384.90	2037.00
AgERA5_1762_533_ESP-AN.txt	215.98	4384.90	2037.00
AgERA5_1775_520_ESP-AN.txt	216.80	4384.90	2037.00
AgERA5_1732_527_ESP-AN.txt	157.88	4384.90	2037.00
AgERA5_1770_525_ESP-AN.txt	215.25	4384.90	2037.00
AgERA5_1735_524_ESP-AN.txt	205.82	4384.90	2037.00
AgERA5_1774_521_ESP-AN.txt	216.77	4384.90	2037.00
AgERA5_1765_530_ESP-AN.txt	215.23	4384.90	2037.00
AgERA5_1731_528_ESP-AN.txt	159.44	4384.90	2037.00
AgERA5_1763_532_ESP-AN.txt	216.79	4384.90	2037.00
AgERA5_1772_523_ESP-AN.txt	200.22	4384.90	2037.00
AgERA5_1737_522_ESP-AN.txt	188.35	4384.90	2037.00
AgERA5_1733_526_ESP-AN.txt	170.33	4384.90	2037.00
