Model	Date	Time	WxFile	Long	Lat	JdStart	DysToOut	Month	Day	Year	dd	ddbZero	FruWgt	fruNum	Bloomday	BloomYr	DDBSum	ChillHD	PrcpYrSum	TempIncr	ddbMinus10	ddbMinus83	OFEgDays	OFLrDays	OFPuDays	OFAdDays	OfPupSum	DamFrSum	PrcntAtkd
OliveGIS	30set19	19:09:54	D:\wx_medgold\wx_agmerra_andalusia\agmerra_1411_210_ESP.txt	-7.375	37.625	1	731	12	31	Avg	2640.58	0.166666666666667	7903.54	8270.27333333333	103.833333333333	30	61.0233333333333	2015.87333333333	558.97	0	0	0	21821.5783333333	109549.897333333	48705.2824333333	19952.112	5662.209	5984.67266666667	69.801
OliveGIS	30set19	19:10:03	D:\wx_medgold\wx_agmerra_andalusia\agmerra_1411_211_ESP.txt	-7.375	37.375	1	731	12	31	Avg	2642.45	0.12	8444.05	8724.52	102.666666666667	30	59.2066666666667	1960.44666666667	546.6	0	0	0	23994.8143333333	120012.035666667	53736.6049	20580.4576666667	6258.70633333333	6499.32433333333	71.0623333333333
OliveGIS	30set19	19:10:14	D:\wx_medgold\wx_agmerra_andalusia\agmerra_1412_209_ESP.txt	-7.125	37.875	1	731	12	31	Avg	2629.29666666667	0.316666666666667	7231.26	7568.38	112.333333333333	30	82.0266666666667	2293.37	600.816666666667	0	0	0	26021.777	133615.055	67995.8602	39041.6826666667	6425.99733333333	5918.28633333333	75.018
OliveGIS	30set19	19:10:21	D:\wx_medgold\wx_agmerra_andalusia\agmerra_1412_210_ESP.txt	-7.125	37.625	1	731	12	31	Avg	2638.52333333333	0.19	7661.88666666667	8020.64333333333	106.233333333333	30	66.5966666666667	2058.25666666667	611.79	0	0	0	21705.44	109605.823333333	49682.1265	21202.9183333333	5650.202	5867.98866666667	70.432
OliveGIS	30set19	19:10:28	D:\wx_medgold\wx_agmerra_andalusia\agmerra_1412_211_ESP.txt	-7.125	37.375	1	731	12	31	Avg	2641.22666666667	0.16	8393.95333333333	8708.63333333333	103.533333333333	30	64.43	1932.63666666667	556.15	0	0	0	22979.9376666667	115617.026333333	51452.3465666667	19881.8026666667	6095.671	6408.54233333333	70.236
OliveGIS	30set19	19:10:36	D:\wx_medgold\wx_agmerra_andalusia\agmerra_1413_208_ESP.txt	-6.875	38.125	1	731	12	31	Avg	2623.97333333333	0.876666666666667	7089.39666666667	7444.96	118.1	30	117.34	2360.55333333333	640.58	0	0	0	24634.5756666667	128305.007	67646.9732	36260.2196666667	5841.77766666667	5615.698	72.013
OliveGIS	30set19	19:10:43	D:\wx_medgold\wx_agmerra_andalusia\agmerra_1413_209_ESP.txt	-6.875	37.875	1	731	12	31	Avg	2633.45666666667	0.296666666666667	7441.07	7808.4	109.033333333333	30	81.0966666666667	2159.75	698.216666666667	0	0	0	21479.5933333333	108309.445	49142.3130333333	23364.0556666667	5364.93133333333	5645.71533333333	69.828
OliveGIS	30set19	19:10:51	D:\wx_medgold\wx_agmerra_andalusia\agmerra_1413_210_ESP.txt	-6.875	37.625	1	731	12	31	Avg	2643.67333333333	0.153333333333333	8269.78333333333	8705.42	101.4	30	62.3333333333333	1858.30333333333	721.176666666667	0	0	0	18705.619	93759.7226666667	39034.4494	13223.7816666667	4980.46966666667	5840.34733333333	64.5496666666667
OliveGIS	30set19	19:10:59	D:\wx_medgold\wx_agmerra_andalusia\agmerra_1413_211_ESP.txt	-6.875	37.375	1	731	12	31	Avg	2646.01	0.136666666666667	8735.15666666667	9135.93	100.033333333333	30	57.0866666666667	1738.65	600.403333333333	0	0	0	19730.2483333333	99512.8373333333	42270.2444	13669.6443333333	5492.57466666667	6276.93333333333	65.5103333333333
OliveGIS	30set19	19:11:09	D:\wx_medgold\wx_agmerra_andalusia\agmerra_1414_209_ESP.txt	-6.625	37.875	1	731	12	31	Avg	2631.08	0.433333333333333	7383.51	7722.55333333333	113.433333333333	30	94.15	2269.45333333333	722.353333333333	0	0	0	24081.1713333333	123353.149666667	59758.3545	32960.845	5903.74366666667	5811.16766666667	72.066
OliveGIS	30set19	19:11:17	D:\wx_medgold\wx_agmerra_andalusia\agmerra_1414_210_ESP.txt	-6.625	37.625	1	731	12	31	Avg	2640.23666666667	0.193333333333333	8029.15333333333	8458.16666666667	103.966666666667	30	69.0133333333333	1922.06	717.23	0	0	0	18802.4533333333	94704.0646666667	40098.9212666667	14579.5346666667	5007.365	5742.11966666667	65.3953333333333
OliveGIS	30set19	19:11:25	D:\wx_medgold\wx_agmerra_andalusia\agmerra_1414_211_ESP.txt	-6.625	37.375	1	731	12	31	Avg	2645.90666666667	0.216666666666667	8574.71333333333	9021.58333333333	101.4	30	64.8733333333333	1716.90666666667	603.67	0	0	0	18421.3206666667	93656.5816666667	39482.3569	12393.4753333333	5209.16133333333	6073.724	64.194
OliveGIS	30set19	19:11:33	D:\wx_medgold\wx_agmerra_andalusia\agmerra_1414_212_ESP.txt	-6.625	37.125	1	731	12	31	Avg	2660.66	0.0133333333333333	9684.89	10021.25	90.2	30	19.66	1546.53333333333	523.42	0	0	0	28300.674	141189.059	65805.6305666667	21783.9736666667	8041.95866666667	7749.60233333333	73.9373333333333
OliveGIS	30set19	19:11:41	D:\wx_medgold\wx_agmerra_andalusia\agmerra_1415_209_ESP.txt	-6.375	37.875	1	731	12	31	Avg	2629.21666666667	0.62	7494.84666666667	7871.20333333333	114.633333333333	30	106.81	2210.96666666667	632.77	0	0	0	20918.5323333333	105874.9	47277.2045666667	23011.207	5105.174	5575.096	67.6963333333333
OliveGIS	30set19	19:11:48	D:\wx_medgold\wx_agmerra_andalusia\agmerra_1415_210_ESP.txt	-6.375	37.625	1	731	12	31	Avg	2639.80333333333	0.29	7874.00666666667	8343.46666666667	104.4	30	77.8766666666667	1868.09	613.703333333333	0	0	0	14827.0033333333	74817.4913333333	30014.6630666667	9318.44633333333	4025.74866666667	5116.18566666667	59.2823333333333
OliveGIS	30set19	19:11:57	D:\wx_medgold\wx_agmerra_andalusia\agmerra_1415_211_ESP.txt	-6.375	37.375	1	731	12	31	Avg	2648.85666666667	0.0966666666666667	8864.97333333333	9524.35333333333	96.8666666666667	30	52.6266666666667	1474.07333333333	572.163333333333	0	0	0	14137.3443333333	73847.3553333333	30124.2545333333	8658.34266666667	4346.88733333333	5562.74366666667	55.5593333333333
OliveGIS	30set19	19:12:05	D:\wx_medgold\wx_agmerra_andalusia\agmerra_1415_212_ESP.txt	-6.375	37.125	1	731	12	31	Avg	2661.10666666667	0.0166666666666667	9846.10666666667	10377.71	87.7666666666667	30	21.35	1265.76	533.113333333333	0	0	0	20585.092	105407.570666667	45828.0183333333	14137.2116666667	6235.92433333333	7021.69	64.692
OliveGIS	30set19	19:12:14	D:\wx_medgold\wx_agmerra_andalusia\agmerra_1415_213_ESP.txt	-6.375	36.875	1	731	12	31	Avg	2654.87666666667	0.03	9610.91333333333	9965.51666666667	93.8666666666667	30	26.6833333333333	1544.44333333333	561.066666666667	0	0	0	26927.5463333333	135734.935333333	63404.6008666667	20732.134	7846.38066666667	7640.97233333333	73.1616666666667
OliveGIS	30set19	19:12:23	D:\wx_medgold\wx_agmerra_andalusia\agmerra_1416_209_ESP.txt	-6.125	37.875	1	731	12	31	Avg	2627.72666666667	0.696666666666667	7486.75	7864.47	114.8	30	112.693333333333	2175.42666666667	622.006666666667	0	0	0	19937.1706666667	100701.505333333	44173.8092666667	21058.3596666667	4893.458	5482.44466666667	66.6963333333333
OliveGIS	30set19	19:12:30	D:\wx_medgold\wx_agmerra_andalusia\agmerra_1416_210_ESP.txt	-6.125	37.625	1	731	12	31	Avg	2639.10333333333	0.326666666666667	7936.04	8429.96666666667	104.1	30	81.1666666666667	1817.61	591.106666666667	0	0	0	14022.7863333333	71146.2996666667	28359.3679666667	8491.13466666667	3880.325	5019.07433333333	57.624
OliveGIS	30set19	19:12:38	D:\wx_medgold\wx_agmerra_andalusia\agmerra_1416_211_ESP.txt	-6.125	37.375	1	731	12	31	Avg	2648.52333333333	0.186666666666667	8627.06	9341.31	97.2666666666667	30	62.6633333333333	1415.4	551.066666666667	0	0	0	12250.2873333333	64781.4916666667	26017.8745333333	7266.146	3845.697	5128.773	52.5393333333333
OliveGIS	30set19	19:12:47	D:\wx_medgold\wx_agmerra_andalusia\agmerra_1416_212_ESP.txt	-6.125	37.125	1	731	12	31	Avg	2658.76	0.0733333333333333	9271.30333333333	9998.21666666667	90.3	30	38.57	1232.97666666667	539.066666666667	0	0	0	15475.4416666667	81333.7226666667	33891.8692666667	9947.74733333333	4873.185	6048.91733333333	57.8323333333333
OliveGIS	30set19	19:12:57	D:\wx_medgold\wx_agmerra_andalusia\agmerra_1416_213_ESP.txt	-6.125	36.875	1	731	12	31	Avg	2648.47666666667	0.223333333333333	9405.71333333333	9913.80666666667	96.5	30	52.72	1434.41	574.446666666667	0	0	0	18411.9216666667	95183.118	40612.4444	11905.0396666667	5549.66033333333	6492.309	62.4993333333333
OliveGIS	30set19	19:13:06	D:\wx_medgold\wx_agmerra_andalusia\agmerra_1416_214_ESP.txt	-6.125	36.625	1	731	12	31	Avg	2651.39666666667	0.08	9413.17333333333	9701.40666666667	95.1666666666667	30	31.5666666666667	1693.50666666667	550.12	0	0	0	26974.4373333333	134637.057666667	62409.3084	20959.3443333333	7587.30833333333	7456.59233333333	73.3023333333333
OliveGIS	30set19	19:13:14	D:\wx_medgold\wx_agmerra_andalusia\agmerra_1416_215_ESP.txt	-6.125	36.375	1	731	12	31	Avg	2644.89	0.1	9053.96666666667	9518.8	98.3333333333333	30	48.4866666666667	1508.42	508.576666666667	0	0	0	15794.2336666667	81751.0946666667	34004.6866	9800.23933333333	4774.75533333333	5907.75566666667	59.4743333333333
OliveGIS	30set19	19:13:24	D:\wx_medgold\wx_agmerra_andalusia\agmerra_1417_208_ESP.txt	-5.875	38.125	1	731	12	31	Avg	2621.34333333333	1.61666666666667	6964.64333333333	7397.21	123.066666666667	30	153.863333333333	2240.38	543.993333333333	0	0	0	19223.7193333333	100191.21	47880.4825666667	21905.918	4526.019	5053.78133333333	65.4416666666667
OliveGIS	30set19	19:13:31	D:\wx_medgold\wx_agmerra_andalusia\agmerra_1417_209_ESP.txt	-5.875	37.875	1	731	12	31	Avg	2629.54	0.706666666666667	7700.02333333333	8161.77	112.966666666667	30	113.006666666667	2060.98	577.58	0	0	0	15981.274	80248.1903333333	32606.8509333333	12852.622	4036.043	5086.79033333333	59.852
OliveGIS	30set19	19:13:38	D:\wx_medgold\wx_agmerra_andalusia\agmerra_1417_210_ESP.txt	-5.875	37.625	1	731	12	31	Avg	2641.72666666667	0.346666666666667	8070.40333333333	8641.72333333333	102.833333333333	30	82.8066666666667	1725.71	531.9	0	0	0	12285.2323333333	62856.7303333333	24483.9154666667	6815.40466666667	3495.17566666667	4793.70633333333	53.7416666666667
OliveGIS	30set19	19:13:46	D:\wx_medgold\wx_agmerra_andalusia\agmerra_1417_211_ESP.txt	-5.875	37.375	1	731	12	31	Avg	2652.09	0.136666666666667	8612.65333333333	9392.27	94.6	30	57.0533333333333	1342.39	526.503333333333	0	0	0	10402.9903333333	55566.2383333333	21854.7844	6055.00533333333	3335.25133333333	4664.89866666667	47.7116666666667
OliveGIS	30set19	19:13:56	D:\wx_medgold\wx_agmerra_andalusia\agmerra_1417_212_ESP.txt	-5.875	37.125	1	731	12	31	Avg	2656.69	0.0966666666666667	9201.70666666667	9996.79666666667	90.8666666666667	30	43.66	1282.37	506.776666666667	0	0	0	12841.66	68300.196	27449.1698	7780.13133333333	4090.262	5475.052	52.3496666666667
OliveGIS	30set19	19:14:07	D:\wx_medgold\wx_agmerra_andalusia\agmerra_1417_213_ESP.txt	-5.875	36.875	1	731	12	31	Avg	2646.86666666667	0.186666666666667	8937.99333333333	9409.5	97.8333333333333	30	50.6233333333333	1592.63	499.983333333333	0	0	0	17553.7506666667	90238.717	38071.151	11082.5963333333	5193.83033333333	6162.52733333333	62.87
OliveGIS	30set19	19:14:16	D:\wx_medgold\wx_agmerra_andalusia\agmerra_1417_214_ESP.txt	-5.875	36.625	1	731	12	31	Avg	2653.77666666667	0.0866666666666667	8992.88333333333	9287.81	94.6666666666667	30	28.85	1745.27666666667	581.873333333333	0	0	0	23507.259	117154.387333333	52149.6983666667	16826.172	6552.58066666667	6893.88666666667	71.1233333333333
OliveGIS	30set19	19:14:24	D:\wx_medgold\wx_agmerra_andalusia\agmerra_1417_215_ESP.txt	-5.875	36.375	1	731	12	31	Avg	2655.89	0.04	9073.43	9254.29666666667	96.1666666666667	30	24.7566666666667	1952.15	664.82	0	0	0	30964.6016666667	152893.934	73915.6433	28113.7803333333	8344.03966666667	7556.52833333333	77.619
OliveGIS	30set19	19:14:31	D:\wx_medgold\wx_agmerra_andalusia\agmerra_1418_208_ESP.txt	-5.625	38.125	1	731	12	31	Avg	2622.01	1.56333333333333	7045.11333333333	7539.54666666667	121.566666666667	30	149.51	2145.58666666667	555.38	0	0	0	16984.5833333333	86618.2716666667	37596.8194333333	17201.4006666667	4106.29	4907.02666666667	62.4026666666667
OliveGIS	30set19	19:14:39	D:\wx_medgold\wx_agmerra_andalusia\agmerra_1418_209_ESP.txt	-5.625	37.875	1	731	12	31	Avg	2631.83333333333	0.696666666666667	7558.89333333333	8060.72	111.1	30	109.626666666667	1945.53	568.513333333333	0	0	0	13927.7946666667	70230.4436666667	28139.3842	10109.3656666667	3679.98566666667	4785.22766666667	57.4236666666667
OliveGIS	30set19	19:14:47	D:\wx_medgold\wx_agmerra_andalusia\agmerra_1418_210_ESP.txt	-5.625	37.625	1	731	12	31	Avg	2641.31666666667	0.39	8175.14333333333	8766.55	101.9	30	83.91	1664.66666666667	525.673333333333	0	0	0	11865.7203333333	61089.666	23808.8268	6536.274	3452.35	4774.381	52.7656666666667
OliveGIS	30set19	19:14:55	D:\wx_medgold\wx_agmerra_andalusia\agmerra_1418_211_ESP.txt	-5.625	37.375	1	731	12	31	Avg	2647.77333333333	0.193333333333333	8631.72333333333	9370.03666666667	96.5666666666667	30	64.2566666666667	1420.55666666667	525.76	0	0	0	10821.4036666667	57424.6146666667	22424.0438666667	6150.17566666667	3406.677	4785.19366666667	48.9516666666667
OliveGIS	30set19	19:15:04	D:\wx_medgold\wx_agmerra_andalusia\agmerra_1418_212_ESP.txt	-5.625	37.125	1	731	12	31	Avg	2649.45333333333	0.17	8786.98333333333	9365.65	97.3333333333333	30	57.91	1597.6	519.083333333333	0	0	0	13778.1016666667	71688.6776666667	28852.4025333333	7958.086	4158.20166666667	5439.13566666667	55.5076666666667
OliveGIS	30set19	19:15:12	D:\wx_medgold\wx_agmerra_andalusia\agmerra_1418_213_ESP.txt	-5.625	36.875	1	731	12	31	Avg	2637.58	0.313333333333333	7773.91	8057.55666666667	106.1	30	69.59	1988.81333333333	536.343333333333	0	0	0	19208.7273333333	96688.3066666667	41679.2878333333	16062.0746666667	5160.523	5734.49433333333	68.5223333333333
OliveGIS	30set19	19:15:21	D:\wx_medgold\wx_agmerra_andalusia\agmerra_1418_214_ESP.txt	-5.625	36.625	1	731	12	31	Avg	2643.54	0.113333333333333	8371.08333333333	8560.85333333333	101.7	30	39.5266666666667	2083.38	627.87	0	0	0	26437.0653333333	130123.210666667	59286.6864333333	24446.147	6872.491	6771.57533333333	75.56
OliveGIS	30set19	19:15:28	D:\wx_medgold\wx_agmerra_andalusia\agmerra_1418_215_ESP.txt	-5.625	36.375	1	731	12	31	Avg	2649.56666666667	0.0566666666666667	8257.97666666667	8364.35	101	30	32.18	2167.00666666667	815.353333333333	0	0	0	31936.4426666667	157993.983333333	78642.7817333333	36011.2583333333	8300.09633333333	7071.176	80.214
OliveGIS	30set19	19:15:36	D:\wx_medgold\wx_agmerra_andalusia\agmerra_1418_216_ESP.txt	-5.625	36.125	1	731	12	31	Avg	2667.59	0	9018.4	9117.63333333333	92.7	30	5.43666666666667	2147.59666666667	584.213333333333	0	0	0	43575.6843333333	221416.206333333	128247.963666667	60998.072	12196.354	8197.575	84.9856666666667
OliveGIS	30set19	19:15:43	D:\wx_medgold\wx_agmerra_andalusia\agmerra_1419_207_ESP.txt	-5.375	38.375	1	731	12	31	Avg	2614.29333333333	2.81666666666667	6838.61666666667	7362.96	129.1	30	193.496666666667	2216.98666666667	502.083333333333	0	0	0	18672.9186666667	98717.6373333333	50498.1539666667	21171.203	4304.525	4860.99633333333	63.494
OliveGIS	30set19	19:15:50	D:\wx_medgold\wx_agmerra_andalusia\agmerra_1419_208_ESP.txt	-5.375	38.125	1	731	12	31	Avg	2618.06333333333	1.92666666666667	7024.58	7618.54666666667	122.966666666667	30	160.806666666667	2081.19	534.283333333333	0	0	0	14869.0133333333	76147.3493333333	31642.9505333333	14350.727	3657.62733333333	4637.443	58.4746666666667
OliveGIS	30set19	19:15:58	D:\wx_medgold\wx_agmerra_andalusia\agmerra_1419_209_ESP.txt	-5.375	37.875	1	731	12	31	Avg	2636.22	0.39	7792.37	8540.30666666667	105.1	30	89.58	1653.99666666667	578.123333333333	0	0	0	10028.983	52067.6086666667	20000.4682333333	5646.063	2984.435	4264.99766666667	48.5616666666667
OliveGIS	30set19	19:16:06	D:\wx_medgold\wx_agmerra_andalusia\agmerra_1419_210_ESP.txt	-5.375	37.625	1	731	12	31	Avg	2646.40666666667	0.243333333333333	8510.32	9318.80333333333	97.3	30	70.75	1414.15333333333	518.073333333333	0	0	0	9525.482	50729.7656666667	19775.6866333333	5366.71166666667	3025.99366666667	4393.26233333333	45.2846666666667
OliveGIS	30set19	19:16:15	D:\wx_medgold\wx_agmerra_andalusia\agmerra_1419_211_ESP.txt	-5.375	37.375	1	731	12	31	Avg	2646.82333333333	0.22	8527.33	9179.13666666667	98.5	30	67.4266666666667	1509.60333333333	516.396666666667	0	0	0	11783.5266666667	62097.407	24400.2620333333	6473.353	3625.02566666667	4956.983	51.6676666666667
OliveGIS	30set19	19:16:24	D:\wx_medgold\wx_agmerra_andalusia\agmerra_1419_212_ESP.txt	-5.375	37.125	1	731	12	31	Avg	2641.97	0.273333333333333	7934.29333333333	8332.05	104.433333333333	30	71.0433333333333	1918.24666666667	532.833333333333	0	0	0	16146.3273333333	81664.5916666667	33425.2328666667	10653.8836666667	4400.572	5403.516	62.44
OliveGIS	30set19	19:16:32	D:\wx_medgold\wx_agmerra_andalusia\agmerra_1419_213_ESP.txt	-5.375	36.875	1	731	12	31	Avg	2572.18333333333	1.5	6252.47666666667	6280.65666666667	131.9	30	167.796666666667	2871.66666666667	552.643333333333	0	0	0	32457.187	186239.731	170286.886133333	76122.2133333333	7253.07666666667	5279.38533333333	80.2086666666667
OliveGIS	30set19	19:16:40	D:\wx_medgold\wx_agmerra_andalusia\agmerra_1419_214_ESP.txt	-5.375	36.625	1	731	12	31	Avg	2589.17666666667	0.433333333333333	6174.72333333333	6188.84666666667	125.166666666667	30	102.893333333333	3014.75	636.126666666667	0	0	0	37192.2236666667	205963.701666667	176053.3772	110269.460333333	8516.40466666667	5547.12166666667	84.684
OliveGIS	30set19	19:16:47	D:\wx_medgold\wx_agmerra_andalusia\agmerra_1419_215_ESP.txt	-5.375	36.375	1	731	12	31	Avg	2650.36666666667	0.06	8174.44666666667	8311.56333333333	102	30	34.5	2111.11	708.653333333333	0	0	0	30141.2836666667	149921.259	73782.0452666667	33217.249	8003.613	6955.359	79.5283333333333
OliveGIS	30set19	19:16:55	D:\wx_medgold\wx_agmerra_andalusia\agmerra_1420_206_ESP.txt	-5.125	38.625	1	731	12	31	Avg	2618.84	2.24666666666667	6772.9	7416.41333333333	126.866666666667	30	178.396666666667	2137.09666666667	496.363333333333	0	0	0	16148.5723333333	84894.2336666667	40448.6188666667	17624.5016666667	3901.51666666667	4664.79866666667	60.4283333333333
OliveGIS	30set19	19:17:02	D:\wx_medgold\wx_agmerra_andalusia\agmerra_1420_207_ESP.txt	-5.125	38.375	1	731	12	31	Avg	2611.34666666667	2.92	6824.78666666667	7302.98	130.266666666667	30	199.016666666667	2260.96	511.85	0	0	0	19955.162	107355.346666667	58300.8072666667	23867.021	4592.755	4961.495	65.2823333333333
OliveGIS	30set19	19:17:10	D:\wx_medgold\wx_agmerra_andalusia\agmerra_1420_208_ESP.txt	-5.125	38.125	1	731	12	31	Avg	2620.55333333333	1.98	7102.81333333333	7707.59666666667	122.033333333333	30	160.646666666667	2045.09	535.863333333333	0	0	0	14609.6953333333	74035.268	30232.3883333333	12796.3193333333	3615.89333333333	4647.85466666667	57.926
OliveGIS	30set19	19:17:18	D:\wx_medgold\wx_agmerra_andalusia\agmerra_1420_209_ESP.txt	-5.125	37.875	1	731	12	31	Avg	2636.04333333333	0.42	7795.26	8560.57	104.333333333333	30	90.8066666666667	1605.06333333333	560.976666666667	0	0	0	9756.748	51057.4943333333	19592.2075333333	5510.445	2958.387	4246.23366666667	48.1683333333333
OliveGIS	30set19	19:17:27	D:\wx_medgold\wx_agmerra_andalusia\agmerra_1420_210_ESP.txt	-5.125	37.625	1	731	12	31	Avg	2644.05666666667	0.273333333333333	8465.16333333333	9269.12666666667	98.6333333333333	30	74.7466666666667	1451.12	505.28	0	0	0	9722.468	51487.7456666667	20025.5973666667	5459.89833333333	3048.63633333333	4418.97866666667	45.7853333333333
OliveGIS	30set19	19:17:36	D:\wx_medgold\wx_agmerra_andalusia\agmerra_1420_211_ESP.txt	-5.125	37.375	1	731	12	31	Avg	2644.43	0.263333333333333	8355.01333333333	8986.83666666667	100.666666666667	30	72.4566666666667	1567.79333333333	516.536666666667	0	0	0	12147.3693333333	63780.519	25249.5431666667	6816.255	3695.91433333333	4990.00233333333	53.109
OliveGIS	30set19	19:17:44	D:\wx_medgold\wx_agmerra_andalusia\agmerra_1420_212_ESP.txt	-5.125	37.125	1	731	12	31	Avg	2640.07333333333	0.306666666666667	7859.34333333333	8246.32333333333	105.933333333333	30	75.7966666666667	1930.82666666667	525.226666666667	0	0	0	15948.0723333333	80373.0273333333	32632.3686666667	10931.5486666667	4281.35566666667	5313.214	62.1096666666667
OliveGIS	30set19	19:17:53	D:\wx_medgold\wx_agmerra_andalusia\agmerra_1420_213_ESP.txt	-5.125	36.875	1	731	12	31	Avg	2582.15333333333	1.10666666666667	6300.41	6319.39666666667	131.4	30	158.996666666667	2848.11	549.723333333333	0	0	0	33203.227	190526.433666667	173865.878333333	80653.815	7497.168	5370.99433333333	80.8656666666667
OliveGIS	30set19	19:18:00	D:\wx_medgold\wx_agmerra_andalusia\agmerra_1420_214_ESP.txt	-5.125	36.625	1	731	12	31	Avg	2618.83	0.11	6439.48333333333	6441.47333333333	121.466666666667	30	66.82	2946.83666666667	594.16	0	0	0	38410.045	208144.465333333	156292.77	117066.409333333	9070.22833333333	5881.25166666667	85.6766666666667
OliveGIS	30set19	19:18:08	D:\wx_medgold\wx_agmerra_andalusia\agmerra_1421_206_ESP.txt	-4.875	38.625	1	731	12	31	Avg	2615.16666666667	2.05666666666667	6821.28666666667	7507.79666666667	124.866666666667	30	169.296666666667	2074.15333333333	513.21	0	0	0	14854.085	78328.296	36715.9807333333	15697.6276666667	3707.628	4534.364	58.0753333333333
OliveGIS	30set19	19:18:16	D:\wx_medgold\wx_agmerra_andalusia\agmerra_1421_207_ESP.txt	-4.875	38.375	1	731	12	31	Avg	2593.04666666667	4.33666666666667	6781.89666666667	7130.62333333333	135.833333333333	30	242.72	2430.55333333333	513.843333333333	0	0	0.00333333333333333	23903.424	138828.578	107196.519966667	34169.765	5400.128	5089.32333333333	68.599
OliveGIS	30set19	19:18:23	D:\wx_medgold\wx_agmerra_andalusia\agmerra_1421_208_ESP.txt	-4.875	38.125	1	731	12	31	Avg	2617.34	2.88333333333333	6918.31333333333	7431.18	125.866666666667	30	185.72	2146.62	482.01	0	0	0	17288.4266666667	90108.4943333333	43503.6644	18445.096	4070.77766666667	4802.14166666667	62.0403333333333
OliveGIS	30set19	19:18:31	D:\wx_medgold\wx_agmerra_andalusia\agmerra_1421_209_ESP.txt	-4.875	37.875	1	731	12	31	Avg	2633.43666666667	0.706666666666667	7540.26333333333	8236.93333333333	108.6	30	107.173333333333	1729.55333333333	592.24	0	0	0	10690.2933333333	55497.433	21474.8554333333	6573.92733333333	3093.72	4314.19833333333	51.0323333333333
OliveGIS	30set19	19:18:41	D:\wx_medgold\wx_agmerra_andalusia\agmerra_1421_210_ESP.txt	-4.875	37.625	1	731	12	31	Avg	2639.03333333333	0.493333333333333	7801.49333333333	8484.93	104.933333333333	30	92.6133333333333	1666.04	540.866666666667	0	0	0	10661.951	55922.336	21498.7505666667	6128.27466666667	3166.943	4442.66666666667	50.1766666666667
OliveGIS	30set19	19:18:50	D:\wx_medgold\wx_agmerra_andalusia\agmerra_1421_211_ESP.txt	-4.875	37.375	1	731	12	31	Avg	2633.74333333333	0.48	7738.85333333333	8156.11666666667	109.766666666667	30	95.4033333333333	1954.30333333333	521.073333333333	0	0	0	15742.756	79278.854	32062.3154666667	11353.8793333333	4161.98233333333	5210.64633333333	61.709
OliveGIS	30set19	19:18:59	D:\wx_medgold\wx_agmerra_andalusia\agmerra_1421_212_ESP.txt	-4.875	37.125	1	731	12	31	Avg	2633.08	0.506666666666667	7572.58666666667	7825.55333333333	113.8	30	96.49	2218.33666666667	519.176666666667	0	0	0	21880.7366666667	111508.799666667	49417.1556666667	23591.3193333333	5356.618	5725.69166666667	69.8903333333333
OliveGIS	30set19	19:19:08	D:\wx_medgold\wx_agmerra_andalusia\agmerra_1421_213_ESP.txt	-4.875	36.875	1	731	12	31	Avg	2635.90666666667	0.366666666666667	7582.04666666667	7729.09333333333	114.2	30	90.3966666666667	2286.58666666667	530.736666666667	0	0	0	26051.54	133230.261	64215.1654	36625.5093333333	6433.20633333333	6120.82533333333	75.3156666666667
OliveGIS	30set19	19:19:17	D:\wx_medgold\wx_agmerra_andalusia\agmerra_1421_214_ESP.txt	-4.875	36.625	1	731	12	31	Avg	2652.79	0.00666666666666667	8349.43333333333	8478.70666666667	100.3	30	21.88	2152.17	541.45	0	0	0	32489.6013333333	159875.072333333	78966.6918	36386.4746666667	8473.527	7190.57533333333	80.5153333333333
OliveGIS	30set19	19:19:25	D:\wx_medgold\wx_agmerra_andalusia\agmerra_1422_207_ESP.txt	-4.625	38.375	1	731	12	31	Avg	2585.98666666667	4.78666666666667	6731.35333333333	7046.98666666667	136.666666666667	30	257.426666666667	2463.28333333333	514.796666666667	0	0.00666666666666667	0.0266666666666667	24450.108	143655.292666667	118883.964133333	34400.423	5485.83166666667	5072.051	69.1383333333333
OliveGIS	30set19	19:19:33	D:\wx_medgold\wx_agmerra_andalusia\agmerra_1422_208_ESP.txt	-4.625	38.125	1	731	12	31	Avg	2617.85333333333	3.05666666666667	6963.12666666667	7477.71	125.2	30	188.153333333333	2120.81666666667	465.76	0	0	0	16984.1626666667	88608.9763333333	42434.3100666667	17929.0896666667	4034.218	4798.69533333333	61.5913333333333
OliveGIS	30set19	19:19:42	D:\wx_medgold\wx_agmerra_andalusia\agmerra_1422_209_ESP.txt	-4.625	37.875	1	731	12	31	Avg	2631.57333333333	0.796666666666667	7657.63666666667	8368.05333333333	108.6	30	111.22	1715.18	551.73	0	0	0	10866.5536666667	56464.1023333333	21922.9199333333	6623.04166666667	3162.354	4397.90133333333	50.2906666666667
OliveGIS	30set19	19:19:52	D:\wx_medgold\wx_agmerra_andalusia\agmerra_1422_210_ESP.txt	-4.625	37.625	1	731	12	31	Avg	2634.55666666667	0.603333333333333	7659.41333333333	8313.95666666667	107.333333333333	30	101.136666666667	1745.78	531.666666666667	0	0	0	11108.302	57670.652	22386.2518	6727.18666666667	3205.397	4446.01866666667	51.7023333333333
OliveGIS	30set19	19:20:02	D:\wx_medgold\wx_agmerra_andalusia\agmerra_1422_211_ESP.txt	-4.625	37.375	1	731	12	31	Avg	2633.48666666667	0.58	7561.74	7953.16333333333	112.7	30	104.563333333333	2030.39	516.096666666667	0	0	0	17525.989	88557.8013333333	36823.712	15813.0736666667	4473.71166666667	5318.09666666667	64.164
OliveGIS	30set19	19:20:11	D:\wx_medgold\wx_agmerra_andalusia\agmerra_1422_212_ESP.txt	-4.625	37.125	1	731	12	31	Avg	2632.67	0.55	7650.06	7920.66	114.666666666667	30	101.05	2198.06	525.78	0	0	0	22161.2393333333	113239.472	50450.5162	25299.0153333333	5451.00866666667	5809.20766666667	70.0043333333333
OliveGIS	30set19	19:20:21	D:\wx_medgold\wx_agmerra_andalusia\agmerra_1422_213_ESP.txt	-4.625	36.875	1	731	12	31	Avg	2636.08666666667	0.213333333333333	7768.84	7943.41666666667	112.3	30	81.1366666666667	2198.00666666667	509.44	0	0	0	25210.712	127242.869	58754.6244333333	30755.4806666667	6296.261	6213.86166666667	74.437
OliveGIS	30set19	19:20:30	D:\wx_medgold\wx_agmerra_andalusia\agmerra_1422_214_ESP.txt	-4.625	36.625	1	731	12	31	Avg	2660.95	0	8734.52	8898.16	95.1	30	10.3066666666667	1928.14666666667	454.783333333333	0	0	0	33473.1756666667	164972.079333333	83412.5593	34143.401	9169.14433333333	7561.83233333333	80.9
OliveGIS	30set19	19:20:38	D:\wx_medgold\wx_agmerra_andalusia\agmerra_1423_208_ESP.txt	-4.375	38.125	1	731	12	31	Avg	2619.92	2.51333333333333	7003.61	7570.76333333333	124.066666666667	30	178.18	2090.23666666667	472.943333333333	0	0	0	16503.8926666667	85615.5083333333	40794.7506666667	17167.1376666667	4005.16	4811.43666666667	60.9306666666667
OliveGIS	30set19	19:20:47	D:\wx_medgold\wx_agmerra_andalusia\agmerra_1423_209_ESP.txt	-4.375	37.875	1	731	12	31	Avg	2639.22	0.476666666666667	7776.46333333333	8712.85	105.633333333333	30	94.9466666666667	1485.66666666667	534.953333333333	0	0	0	8596.651	45530.4346666667	17277.8593666667	4867.42766666667	2681.356	3985.077	43.4033333333333
OliveGIS	30set19	19:20:58	D:\wx_medgold\wx_agmerra_andalusia\agmerra_1423_210_ESP.txt	-4.375	37.625	1	731	12	31	Avg	2638.58333333333	0.43	7553.92666666667	8330.30333333333	107.5	30	94.1333333333333	1668.44666666667	520.8	0	0	0	10328.4673333333	53784.855	20724.9325	5933.72433333333	3060.491	4323.06633333333	49.6526666666667
OliveGIS	30set19	19:21:07	D:\wx_medgold\wx_agmerra_andalusia\agmerra_1423_211_ESP.txt	-4.375	37.375	1	731	12	31	Avg	2627.92666666667	0.943333333333333	7462.17333333333	7895.01666666667	117.733333333333	30	125.843333333333	2078.20666666667	499.706666666667	0	0	0	17743.5673333333	90260.6763333333	38136.813	17999.7453333333	4437.559	5276.15833333333	63.9533333333333
OliveGIS	30set19	19:21:16	D:\wx_medgold\wx_agmerra_andalusia\agmerra_1423_212_ESP.txt	-4.375	37.125	1	731	12	31	Avg	2630.81666666667	0.726666666666667	7547.44666666667	7902.88	116.133333333333	30	111.79	2099.76666666667	513.983333333333	0	0	0	18379.6643333333	92810.4986666667	39217.7312666667	18301.4383333333	4560.435	5385.94033333333	65.1323333333333
OliveGIS	30set19	19:21:25	D:\wx_medgold\wx_agmerra_andalusia\agmerra_1423_213_ESP.txt	-4.375	36.875	1	731	12	31	Avg	2636.39333333333	0.356666666666667	7724.72333333333	7964.96666666667	113.833333333333	30	97.8566666666667	2078.3	509.733333333333	0	0	0	20169.762	101531.006	43489.2183333333	19832.9066666667	5034.63566666667	5671.02733333333	67.9656666666667
OliveGIS	30set19	19:21:35	D:\wx_medgold\wx_agmerra_andalusia\agmerra_1424_207_ESP.txt	-4.125	38.375	1	731	12	31	Avg	2598.76	4.50333333333333	6839.12666666667	7293.02333333333	135.033333333333	30	238.71	2329.82666666667	487.813333333333	0	0	0.00666666666666667	22924.9916666667	129588.742	88385.5380666667	31228.4946666667	5208.77933333333	5123.29766666667	67.3883333333333
OliveGIS	30set19	19:21:43	D:\wx_medgold\wx_agmerra_andalusia\agmerra_1424_208_ESP.txt	-4.125	38.125	1	731	12	31	Avg	2619.44333333333	2.89666666666667	7020.12333333333	7605.10666666667	124.5	30	187.2	2073.15333333333	448.583333333333	0	0	0	16391.248	84952.8876666667	40621.0295	16242.9803333333	3975.611	4795.174	60.4043333333333
OliveGIS	30set19	19:21:52	D:\wx_medgold\wx_agmerra_andalusia\agmerra_1424_209_ESP.txt	-4.125	37.875	1	731	12	31	Avg	2633.44	0.636666666666667	7389.58666666667	8253.09	107.833333333333	30	105.936666666667	1579.62	515.47	0	0	0	9056.131	47435.9953333333	18119.7211	5199.52566666667	2737.409	3957.263	46.597
OliveGIS	30set19	19:22:01	D:\wx_medgold\wx_agmerra_andalusia\agmerra_1424_210_ESP.txt	-4.125	37.625	1	731	12	31	Avg	2631.74333333333	0.693333333333333	7481.30333333333	8143.92	113.8	30	115.37	1899.52	520.133333333333	0	0	0	13641.9426666667	69722.265	27843.9064666667	10876.0846666667	3655.048	4784.37366666667	56.2453333333333
OliveGIS	30set19	19:22:09	D:\wx_medgold\wx_agmerra_andalusia\agmerra_1424_211_ESP.txt	-4.125	37.375	1	731	12	31	Avg	2621.23333333333	1.38666666666667	7005.35333333333	7324.44666666667	124.4	30	153.75	2298.11666666667	495.063333333333	0	0	0	22520.8733333333	118504.799666667	61954.1754666667	32775.628	5331.36533333333	5421.37166666667	70.6813333333333
OliveGIS	30set19	19:22:17	D:\wx_medgold\wx_agmerra_andalusia\agmerra_1424_212_ESP.txt	-4.125	37.125	1	731	12	31	Avg	2626.73666666667	0.893333333333333	7355.65	7677.94333333333	119.466666666667	30	125.206666666667	2185.36	501.506666666667	0	0	0	20463.3123333333	105374.322333333	47579.9906333333	24253.349	4987.86066666667	5496.45366666667	68.38
OliveGIS	30set19	19:22:29	D:\wx_medgold\wx_agmerra_andalusia\agmerra_1424_213_ESP.txt	-4.125	36.875	1	731	12	31	Avg	2634.52333333333	0.316666666666667	7553.44666666667	7761.11666666667	115.666666666667	30	99.0233333333333	2139.52666666667	493.863333333333	0	0	0	22607.3026666667	114124.116666667	51673.5015666667	28002.612	5593.377	5830.18733333333	71.595
OliveGIS	30set19	19:22:38	D:\wx_medgold\wx_agmerra_andalusia\agmerra_1425_207_ESP.txt	-3.875	38.375	1	731	12	31	Avg	2616.13	2.54333333333333	6845.79	7531.97333333333	127.433333333333	30	183.81	2081.14666666667	505.496666666667	0	0	0.00333333333333333	16158.3373333333	85761.2143333333	42832.8068333333	17925.8193333333	3973.05333333333	4695.997	59.9906666666667
OliveGIS	30set19	19:22:48	D:\wx_medgold\wx_agmerra_andalusia\agmerra_1425_208_ESP.txt	-3.875	38.125	1	731	12	31	Avg	2626.26	1.56	7096.05	7900.61333333333	117.833333333333	30	147.91	1837.3	470.443333333333	0	0	0	11891.5576666667	61590.0593333333	24533.3631	9354.51633333333	3200.53666666667	4294.258	52.6146666666667
OliveGIS	30set19	19:22:56	D:\wx_medgold\wx_agmerra_andalusia\agmerra_1425_209_ESP.txt	-3.875	37.875	1	731	12	31	Avg	2635.02	0.723333333333333	7261.56	8419.93333333333	109.666666666667	30	110.386666666667	1453.07666666667	511.96	0	0	0	6862.00033333333	36294.114	13420.3749666667	3764.19833333333	2109.51733333333	3274.61966666667	37.7413333333333
OliveGIS	30set19	19:23:06	D:\wx_medgold\wx_agmerra_andalusia\agmerra_1425_210_ESP.txt	-3.875	37.625	1	731	12	31	Avg	2629.66333333333	0.963333333333333	7181.98666666667	8023.05	118.666666666667	30	130.21	1876.16333333333	541.626666666667	0	0	0	12509.505	65587.3496666667	28948.3303333333	10000.859	3378.603	4431.45733333333	52.9036666666667
OliveGIS	30set19	19:23:16	D:\wx_medgold\wx_agmerra_andalusia\agmerra_1425_211_ESP.txt	-3.875	37.375	1	731	12	31	Avg	2615.35333333333	2.50666666666667	7031.00666666667	7406.35333333333	128	30	185.78	2260.09666666667	409.21	0	0	0	22242.6983333333	118212.751333333	64456.4106	29984.2906666667	5207.01133333333	5353.61466666667	69.123
OliveGIS	30set19	19:23:24	D:\wx_medgold\wx_agmerra_andalusia\agmerra_1425_212_ESP.txt	-3.875	37.125	1	731	12	31	Avg	2624.94	1.47666666666667	7362.87	7789.77666666667	121.266666666667	30	144.933333333333	2081.68	412.996666666667	0	0	0	17837.8656666667	91118.2116666667	39620.6064333333	18727.695	4363.23166666667	5196.176	63.8326666666667
OliveGIS	30set19	19:23:34	D:\wx_medgold\wx_agmerra_andalusia\agmerra_1425_213_ESP.txt	-3.875	36.875	1	731	12	31	Avg	2634.55	0.58	7901.10666666667	8449.55	113.566666666667	30	112.583333333333	1755.74666666667	486.75	0	0	0	12954.127	66111.528	26224.1468666667	8907.64533333333	3637.21666666667	4869.98666666667	55.0906666666667
OliveGIS	30set19	19:23:44	D:\wx_medgold\wx_agmerra_andalusia\agmerra_1426_207_ESP.txt	-3.625	38.375	1	731	12	31	Avg	2614.14333333333	2.82333333333333	6826.3	7486.52666666667	128.666666666667	30	193.54	2109.49666666667	485.25	0	0	0.0166666666666667	17302.2576666667	91718.9363333333	47404.0432	20250.4906666667	4150.24866666667	4787.061	61.61
OliveGIS	30set19	19:23:52	D:\wx_medgold\wx_agmerra_andalusia\agmerra_1426_208_ESP.txt	-3.625	38.125	1	731	12	31	Avg	2623.21	1.82666666666667	7089.76333333333	7852.11666666667	120.733333333333	30	159.88	1913.62666666667	445.226666666667	0	0	0	13860.916	72973.4376666667	31773.7787666667	13351.8423333333	3621.145	4574.72033333333	56.0683333333333
OliveGIS	30set19	19:24:01	D:\wx_medgold\wx_agmerra_andalusia\agmerra_1426_209_ESP.txt	-3.625	37.875	1	731	12	31	Avg	2632.66666666667	0.993333333333333	7101.57666666667	8179.22333333333	113.9	30	125.08	1594.23666666667	494.383333333333	0	0	0	8089.94666666667	42570.7946666667	16068.0414	4729.659	2383.33133333333	3550.465	42.876
OliveGIS	30set19	19:24:11	D:\wx_medgold\wx_agmerra_andalusia\agmerra_1426_210_ESP.txt	-3.625	37.625	1	731	12	31	Avg	2620.91	1.58	6969.7	7654.13666666667	124	30	158.79	2068.12666666667	518.81	0	0	0	15989.844	85114.8153333333	42246.8917	18289.7606666667	4024.329	4780.11933333333	60.0843333333333
OliveGIS	30set19	19:24:19	D:\wx_medgold\wx_agmerra_andalusia\agmerra_1426_211_ESP.txt	-3.625	37.375	1	731	12	31	Avg	2595.07333333333	3.92666666666667	6808.90333333333	7069.13333333333	134.2	30	234.193333333333	2426.23333333333	414.27	0	0	0	26091.6303333333	148093.849	112154.826666667	43105.467	5920.32133333333	5317.60566666667	71.8343333333333
OliveGIS	30set19	19:24:27	D:\wx_medgold\wx_agmerra_andalusia\agmerra_1426_212_ESP.txt	-3.625	37.125	1	731	12	31	Avg	2619.62666666667	2.20666666666667	7032.07	7352.08333333333	126.366666666667	30	175.74	2253.85	488.356666666667	0	0	0	22079.6316666667	117457.023333333	62745.0734	28266.4663333333	5159.38333333333	5350.94266666667	69.4736666666667
OliveGIS	30set19	19:24:35	D:\wx_medgold\wx_agmerra_andalusia\agmerra_1426_213_ESP.txt	-3.625	36.875	1	731	12	31	Avg	2630.42	0.813333333333333	7574.75	8041.65	117.566666666667	30	128.253333333333	1906.06333333333	471.836666666667	0	0	0	15377.383	77914.0453333333	31764.9463333333	13286.3616666667	4040.73066666667	5063.33933333333	60.1503333333333
OliveGIS	30set19	19:24:46	D:\wx_medgold\wx_agmerra_andalusia\agmerra_1427_207_ESP.txt	-3.375	38.375	1	731	12	31	Avg	2621.42	2.29333333333333	6896.40333333333	7619.17666666667	124.666666666667	30	175.056666666667	1986.28	503.52	0	0.0133333333333333	0.04	14911.005	78785.517	37169.3119333333	15280.5706666667	3801.27633333333	4637.16866666667	58.4913333333333
OliveGIS	30set19	19:24:55	D:\wx_medgold\wx_agmerra_andalusia\agmerra_1427_208_ESP.txt	-3.375	38.125	1	731	12	31	Avg	2626.69666666667	1.52	7106.54	7923.95333333333	118.3	30	147.88	1819.58666666667	471.833333333333	0	0	0	12567.9266666667	65300.1393333333	26520.0586333333	10709.13	3401.122	4444.42333333333	54.79
OliveGIS	30set19	19:25:06	D:\wx_medgold\wx_agmerra_andalusia\agmerra_1427_209_ESP.txt	-3.375	37.875	1	731	12	31	Avg	2628.14	1.15666666666667	7323.13	8155.32666666667	115.933333333333	30	132.463333333333	1749.50333333333	437.3	0	0	0	11906.0296666667	62546.3426666667	25570.4205	8456.134	3326.73	4418.81633333333	52.5033333333333
OliveGIS	30set19	19:25:15	D:\wx_medgold\wx_agmerra_andalusia\agmerra_1427_210_ESP.txt	-3.375	37.625	1	731	12	31	Avg	2610.93666666667	2.13666666666667	6983.53666666667	7427.60666666667	128.233333333333	30	180.84	2280.43666666667	458.826666666667	0	0	0.00333333333333333	22789.2366666667	122504.803666667	69939.9379666667	34465.8613333333	5391.824	5377.23666666667	69.708
OliveGIS	30set19	19:25:23	D:\wx_medgold\wx_agmerra_andalusia\agmerra_1427_211_ESP.txt	-3.375	37.375	1	731	12	31	Avg	2029.52	19.4	4603.82	5213.50333333333	160.166666666667	30	536.12	3030.4	263.47	0	0.0233333333333333	0.0566666666666667	13675.3343333333	94076.7973333333	113073.248033333	13536.679	2371.058	2284.39433333333	49.4146666666667
OliveGIS	30set19	19:25:28	D:\wx_medgold\wx_agmerra_andalusia\agmerra_1427_212_ESP.txt	-3.375	37.125	1	731	12	31	Avg	2196.05666666667	11.2466666666667	5517.48	5958.49333333333	154.6	30	431.163333333333	2966.9	691.026666666667	0	0.00666666666666667	0.02	21256.8583333333	139574.044333333	184106.402733333	26162.6543333333	4217.16866666667	3645.22	60.9333333333333
OliveGIS	30set19	19:25:36	D:\wx_medgold\wx_agmerra_andalusia\agmerra_1427_213_ESP.txt	-3.375	36.875	1	731	12	31	Avg	2575.96666666667	4.03	6422.57	6569.55666666667	139.233333333333	30	271.926666666667	2528.30333333333	659.186666666667	0	0	0	27479.6616666667	163354.742	160291.075366667	50213.6796666667	6307.575	5077.85433333333	73.7266666666667
OliveGIS	30set19	19:25:44	D:\wx_medgold\wx_agmerra_andalusia\agmerra_1428_207_ESP.txt	-3.125	38.375	1	731	12	31	Avg	2610.78666666667	3.21	6938.49666666667	7480.17	130.1	30	203.4	2200.20333333333	485.343333333333	0	0.02	0.0566666666666667	21570.0623333333	117693.462666667	67162.8321666667	29603.1423333333	5129.199	5244.87266666667	67.5393333333333
OliveGIS	30set19	19:25:52	D:\wx_medgold\wx_agmerra_andalusia\agmerra_1428_208_ESP.txt	-3.125	38.125	1	731	12	31	Avg	2616.39666666667	2.51333333333333	6950.76666666667	7514.8	126.9	30	183.013333333333	2128.35333333333	489.71	0	0	0.00666666666666667	20299.7826666667	108241.747333333	58067.7331333333	27286.47	4956.25	5245.02033333333	67.0803333333333
OliveGIS	30set19	19:26:01	D:\wx_medgold\wx_agmerra_andalusia\agmerra_1428_209_ESP.txt	-3.125	37.875	1	731	12	31	Avg	2621.43	1.90666666666667	7156.52333333333	7765.29666666667	123.533333333333	30	163.18	2029.50333333333	444.976666666667	0	0	0	18021.926	97133.618	50177.1161333333	21485.4866666667	4595.43766666667	5145.86	63.6973333333333
OliveGIS	30set19	19:26:09	D:\wx_medgold\wx_agmerra_andalusia\agmerra_1428_210_ESP.txt	-3.125	37.625	1	731	12	31	Avg	2602.68333333333	2.72333333333333	6855.03333333333	7205.55	131.066666666667	30	199.133333333333	2371.75	441.823333333333	0	0	0.01	25032.8743333333	136903.330333333	87577.7117333333	42266.9536666667	5824.11266666667	5393.16366666667	71.8746666666667
OliveGIS	30set19	19:26:16	D:\wx_medgold\wx_agmerra_andalusia\agmerra_1428_211_ESP.txt	-3.125	37.375	1	731	12	31	Avg	2037.53	18.5566666666667	4872.94	5496.79333333333	159.166666666667	30	528.313333333333	3025.87	259.846666666667	0	0.0266666666666667	0.0666666666666667	15089.627	103008.620666667	127999.698	15499.896	2654.85733333333	2517.53866666667	50.7563333333333
OliveGIS	30set19	19:26:22	D:\wx_medgold\wx_agmerra_andalusia\agmerra_1428_212_ESP.txt	-3.125	37.125	1	731	12	31	Avg	2273.07333333333	7.88666666666667	4463.79666666667	5400.45333333333	151	30	384.586666666667	2930.61	515	0	0	0.00666666666666667	20986.0086666667	133820.045333333	179532.581733333	31906.7013333333	4354.83466666667	3578.98066666667	66.2213333333333
OliveGIS	30set19	19:26:29	D:\wx_medgold\wx_agmerra_andalusia\agmerra_1428_213_ESP.txt	-3.125	36.875	1	731	12	31	Avg	2598.13333333333	2.62666666666667	6692.76666666667	6856.4	135.633333333333	30	221.246666666667	2452.67666666667	435.25	0	0	0	28314.9363333333	160412.844	124491.4248	51349.8413333333	6544.88466666667	5422.34433333333	75.2396666666667
OliveGIS	30set19	19:26:37	D:\wx_medgold\wx_agmerra_andalusia\agmerra_1429_207_ESP.txt	-2.875	38.375	1	731	12	31	Avg	2563.40666666667	7.45666666666667	6329.69	6636.64	139.5	30	304.853333333333	2444.25333333333	452.886666666667	0	0.04	0.08	25336.978	152775.97	140148.119666667	40396.424	5763.532	4910.481	71.5886666666667
OliveGIS	30set19	19:26:45	D:\wx_medgold\wx_agmerra_andalusia\agmerra_1429_208_ESP.txt	-2.875	38.125	1	731	12	31	Avg	2563.82	6.74	6386.23	6677.87	139.6	30	296.586666666667	2463.58333333333	510.553333333333	0	0.01	0.0366666666666667	26664.314	160514.758666667	148730.223866667	45809.736	6092.13133333333	5045.937	72.5796666666667
OliveGIS	30set19	19:26:52	D:\wx_medgold\wx_agmerra_andalusia\agmerra_1429_209_ESP.txt	-2.875	37.875	1	731	12	31	Avg	2536.42666666667	5.19	6463	6679.73	140.2	30	290.693333333333	2609.55666666667	509.64	0	0	0.00666666666666667	28971.0726666667	179511.667333333	181944.6248	56976.2063333333	6518.91733333333	5144.91766666667	74.124
OliveGIS	30set19	19:26:58	D:\wx_medgold\wx_agmerra_andalusia\agmerra_1429_210_ESP.txt	-2.875	37.625	1	731	12	31	Avg	2480.57	5.65333333333333	5733.98	6073.02333333333	141.733333333333	30	316.466666666667	2728.11333333333	383.7	0	0.01	0.0433333333333333	26022.536	163465.052	185787.270066667	47605.8286666667	5696.60966666667	4502.93533333333	71.9273333333333
OliveGIS	30set19	19:27:05	D:\wx_medgold\wx_agmerra_andalusia\agmerra_1429_211_ESP.txt	-2.875	37.375	1	731	12	31	Avg	1452.20666666667	60.5933333333333	306.613333333333	524.84	181.233333333333	30	858.41	3416.7	370.243333333333	0	0.143333333333333	0.396666666666667	324.598	2315.16933333333	1877.63806666667	282.019333333333	47.7686666666667	52.2323333333333	47.3863333333333
OliveGIS	30set19	19:27:10	D:\wx_medgold\wx_agmerra_andalusia\agmerra_1429_212_ESP.txt	-2.875	37.125	1	731	12	31	Avg	1703.55	23.1633333333333	3149.7	4370.78333333333	170.9	30	606.326666666667	3439.36666666667	418.19	0	0.00333333333333333	0.0366666666666667	10004.7813333333	69212.2226666667	83786.5670666667	9405.24766666667	1587.09733333333	1587.87766666667	40.9396666666667
OliveGIS	30set19	19:27:15	D:\wx_medgold\wx_agmerra_andalusia\agmerra_1429_213_ESP.txt	-2.875	36.875	1	731	12	31	Avg	2635.34666666667	0.4	7943.94666666667	8296	114.166666666667	30	98.82	1903.23333333333	401.47	0	0	0	19029.32	96751.4496666667	41703.7676666667	18104.784	5051.597	5736.45466666667	65.9826666666667
OliveGIS	30set19	19:27:24	D:\wx_medgold\wx_agmerra_andalusia\agmerra_1430_207_ESP.txt	-2.625	38.375	1	731	12	31	Avg	2472.66	10.2666666666667	6103.32	6365.97666666667	143.4	30	372.096666666667	2603.38333333333	473.99	0	0.04	0.11	24085.1313333333	155313.059333333	176872.129	38947.6843333333	5348.049	4439.977	69.2816666666667
OliveGIS	30set19	19:27:31	D:\wx_medgold\wx_agmerra_andalusia\agmerra_1430_208_ESP.txt	-2.625	38.125	1	731	12	31	Avg	2420.64333333333	10.32	6181.18	6437.86	145.366666666667	30	387.793333333333	2678.41	583.806666666667	0	0.0266666666666667	0.0833333333333333	24601.1246666667	160380.558333333	193350.2488	40668.2843333333	5366.99333333333	4427.14	68.6813333333333
OliveGIS	30set19	19:27:37	D:\wx_medgold\wx_agmerra_andalusia\agmerra_1430_209_ESP.txt	-2.625	37.875	1	731	12	31	Avg	2408.65	7.14666666666667	4370.82333333333	5192.62666666667	145.2	30	348.54	2785.53	512.786666666667	0	0.01	0.05	22555.327	142629.379333333	168722.111466667	41928.702	4875.81633333333	3827.45566666667	72.4783333333333
OliveGIS	30set19	19:27:44	D:\wx_medgold\wx_agmerra_andalusia\agmerra_1430_210_ESP.txt	-2.625	37.625	1	731	12	31	Avg	2465.27333333333	6.02666666666667	6275.27	6474.81	141.833333333333	30	325.723333333333	2750.01333333333	379.22	0	0.0233333333333333	0.07	29218.0183333333	183770.706	213036.397366667	58230.8606666667	6374.78766666667	4888.57766666667	73.322
OliveGIS	30set19	19:27:50	D:\wx_medgold\wx_agmerra_andalusia\agmerra_1430_211_ESP.txt	-2.625	37.375	1	731	12	31	Avg	1508.68666666667	49.77	885.483333333333	1395.86666666667	177.933333333333	30	797.67	3431.23333333333	342.086666666667	0	0.14	0.346666666666667	959.755666666667	6993.31766666667	6298.43446666667	718.317	144.232	162.055	44.5446666666667
OliveGIS	30set19	19:27:55	D:\wx_medgold\wx_agmerra_andalusia\agmerra_1430_212_ESP.txt	-2.625	37.125	1	731	12	31	Avg	1819.94666666667	13.8333333333333	3483.35	4778.6	165	30	508.963333333333	3444.46666666667	344.4	0	0	0.01	16305.9143333333	110297.929333333	135033.202	20521.588	2671.98566666667	2457.964	53.311
OliveGIS	30set19	19:28:00	D:\wx_medgold\wx_agmerra_andalusia\agmerra_1430_213_ESP.txt	-2.625	36.875	1	731	12	31	Avg	2641.60333333333	0.19	8381.53666666667	8783.53333333333	107.766666666667	30	72.4666666666667	1684.52	297.036666666667	0	0	0	17120.0663333333	87491.3336666667	36809.8204	12989.793	4857.248	5788.95933333333	62.9236666666667
OliveGIS	30set19	19:28:10	D:\wx_medgold\wx_agmerra_andalusia\agmerra_1431_209_ESP.txt	-2.375	37.875	1	731	12	31	Avg	2007.22666666667	16.9033333333333	4781.33	5377.96666666667	159.166666666667	30	504.743333333333	3136.08333333333	416.403333333333	0	0.0266666666666667	0.11	17146.2946666667	120058.856	144826.3832	18442.067	2998.39233333333	2719.37533333333	55.678
OliveGIS	30set19	19:28:15	D:\wx_medgold\wx_agmerra_andalusia\agmerra_1431_210_ESP.txt	-2.375	37.625	1	731	12	31	Avg	2145.89333333333	11.1	4937.75333333333	5574.91666666667	153.533333333333	30	427.826666666667	3061.42	388.833333333333	0	0.01	0.0533333333333333	23267.6723333333	151380.317	191978.894133333	31602.422	4373.36766666667	3610.58833333333	64.9613333333333
OliveGIS	30set19	19:28:21	D:\wx_medgold\wx_agmerra_andalusia\agmerra_1431_211_ESP.txt	-2.375	37.375	1	731	12	31	Avg	2086.43666666667	10.6033333333333	4508.08666666667	5181.56666666667	154.966666666667	30	424.276666666667	3175.77666666667	279.633333333333	0	0	0.0266666666666667	22749.329	146935.821333333	186637.069733333	31938.757	4221.505	3436.11133333333	65.6646666666667
OliveGIS	30set19	19:28:27	D:\wx_medgold\wx_agmerra_andalusia\agmerra_1431_212_ESP.txt	-2.375	37.125	1	731	12	31	Avg	2438.87333333333	1.58666666666667	6256.86666666667	6374.43	140.666666666667	30	217.043333333333	3037.48333333333	319.313333333333	0	0	0	35243.6786666667	210454.189333333	235096.536566667	100905.380333333	7995.50433333333	5318.043	80.3883333333333
OliveGIS	30set19	19:28:34	D:\wx_medgold\wx_agmerra_andalusia\agmerra_1431_213_ESP.txt	-2.375	36.875	1	731	12	31	Avg	2641.67333333333	0.143333333333333	8399.20333333333	8795.03333333333	107.366666666667	30	64.4833333333333	1612.30666666667	220.946666666667	0	0	0	17913.291	92729.1413333333	40340.0936666667	14349.6043333333	5237.43366666667	5976.19733333333	64.8736666666667
OliveGIS	30set19	19:28:44	D:\wx_medgold\wx_agmerra_andalusia\agmerra_1432_209_ESP.txt	-2.125	37.875	1	731	12	31	Avg	2135.99333333333	11.4633333333333	4844.08333333333	5528.42666666667	153.733333333333	30	428.233333333333	3081.63	405.733333333333	0	0.01	0.0566666666666667	23575.122	155099.274	190811.640233333	33200.3056666667	4415.381	3606.799	66.0843333333333
OliveGIS	30set19	19:28:50	D:\wx_medgold\wx_agmerra_andalusia\agmerra_1432_210_ESP.txt	-2.125	37.625	1	731	12	31	Avg	2378.32666666667	5.60333333333333	5301.20666666667	5810.45	143.7	30	318.67	2908.23666666667	390.33	0	0	0	28217.2186666667	172643.039	201426.271733333	59552.123	6082.16066666667	4476.49966666667	75.192
OliveGIS	30set19	19:28:57	D:\wx_medgold\wx_agmerra_andalusia\agmerra_1432_211_ESP.txt	-2.125	37.375	1	731	12	31	Avg	2341.35666666667	3.99333333333333	5079.38666666667	5588.52333333333	144.066666666667	30	289.723333333333	3043.48	284.603333333333	0	0	0	29718.784	178851.364333333	207914.860366667	70381.379	6435.057	4475.717	77.8083333333333
OliveGIS	30set19	19:29:04	D:\wx_medgold\wx_agmerra_andalusia\agmerra_1432_212_ESP.txt	-2.125	37.125	1	731	12	31	Avg	2594.74	0.3	6685.05333333333	6730.66	128.466666666667	30	104.006666666667	2858.44666666667	267.123333333333	0	0	0	38159.4363333333	209662.656	167024.616533333	123261.987	9345.40833333333	6049.16166666667	84.7556666666667
OliveGIS	30set19	19:29:13	D:\wx_medgold\wx_agmerra_andalusia\agmerra_1432_213_ESP.txt	-2.125	36.875	1	731	12	31	Avg	2651.50666666667	0.0233333333333333	9264.50333333333	9651.22	99.4333333333333	30	31.9366666666667	1317.87666666667	217.05	0	0	0	19947.9673333333	103437.685333333	46087.0147	15108.26	6156.391	6760.29833333333	66.9763333333333
OliveGIS	30set19	19:29:21	D:\wx_medgold\wx_agmerra_andalusia\agmerra_1433_211_ESP.txt	-1.875	37.375	1	731	12	31	Avg	2633.48	0.866666666666667	7887.84666666667	8329.73666666667	114.633333333333	30	114.74	1792.52666666667	297.973333333333	0	0	0	19142.434	98386.298	43223.5216666667	19058.419	5221.98666666667	5791.82033333333	66.5526666666667
OliveGIS	30set19	19:29:30	D:\wx_medgold\wx_agmerra_andalusia\agmerra_1433_212_ESP.txt	-1.875	37.125	1	731	12	31	Avg	2647.79666666667	0.0633333333333333	8788.69333333333	9147.03333333333	102.933333333333	30	39.4433333333333	1509.61666666667	255.33	0	0	0	21651.3243333333	110608.358666667	50267.1098	18193.494	6445.89766666667	6726.37066666667	70.2266666666667
