Model	Date	Time	WxFile	Long	Lat	JdStart	DysToOut	Month	Day	Year	dd	ddbZero	FruWgt	fruNum	Bloomday	BloomYr	DDBSum	ChillHD	PrcpYrSum	TempIncr	ddbMinus10	ddbMinus83
OliveGIS	30set19	17:41:06	D:\wx_medgold\wx_agmerra_andalusia\agmerra_1411_210_ESP.txt	-7.375	37.625	1	731	12	31	Std	10.8786218701223	0.393335281506962	2092.65623342102	2167.75728660042	8.36282139048751	30	23.5074996592552	253.333726920444	164.945725974459	0	0	0
OliveGIS	30set19	17:41:12	D:\wx_medgold\wx_agmerra_andalusia\agmerra_1411_211_ESP.txt	-7.375	37.375	1	731	12	31	Std	12.8615371527293	0.384528372120338	731.655248443358	709.523866163199	8.02295557085754	30	26.8239719516773	251.424332530695	178.903364398503	0	0	0
OliveGIS	30set19	17:41:17	D:\wx_medgold\wx_agmerra_andalusia\agmerra_1412_209_ESP.txt	-7.125	37.875	1	731	12	31	Std	9.85143025965872	0.577798039727242	1962.36901086826	2040.0259626475	9.34153990603754	30	28.0010829018837	269.226936898454	172.974199956452	0	0	0
OliveGIS	30set19	17:41:21	D:\wx_medgold\wx_agmerra_andalusia\agmerra_1412_210_ESP.txt	-7.125	37.625	1	731	12	31	Std	10.8971265853018	0.430196426667216	1958.12365130323	2027.577462375	8.66098399018038	30	24.6296496864686	258.009452758312	183.47947240251	0	0	0
OliveGIS	30set19	17:41:28	D:\wx_medgold\wx_agmerra_andalusia\agmerra_1412_211_ESP.txt	-7.125	37.375	1	731	12	31	Std	12.6323048742809	0.480373417967372	666.710572930617	636.879558986762	8.21996448240222	30	27.8283426594617	254.865414765672	182.102628794296	0	0	0
OliveGIS	30set19	17:41:32	D:\wx_medgold\wx_agmerra_andalusia\agmerra_1413_208_ESP.txt	-6.875	38.125	1	731	12	31	Std	8.26963424673137	1.25469692269332	676.951055167177	724.157905051292	8.70730965220086	30	34.9942517447139	262.440804140974	167.98255943955	0	0	0
OliveGIS	30set19	17:41:37	D:\wx_medgold\wx_agmerra_andalusia\agmerra_1413_209_ESP.txt	-6.875	37.875	1	731	12	31	Std	10.6171846171856	0.601425509666959	1900.02213698235	1987.01866358542	8.7355134595683	30	28.4389422584879	268.150328077882	184.209951588854	0	0	0
OliveGIS	30set19	17:41:41	D:\wx_medgold\wx_agmerra_andalusia\agmerra_1413_210_ESP.txt	-6.875	37.625	1	731	12	31	Std	12.6834383822133	0.392808923746282	1694.66823619215	1764.82434533767	8.03269182348199	30	24.4079316296318	252.052042359254	200.950629866338	0	0	0
OliveGIS	30set19	17:41:50	D:\wx_medgold\wx_agmerra_andalusia\agmerra_1413_211_ESP.txt	-6.875	37.375	1	731	12	31	Std	12.7333217488062	0.432700687609196	633.498051453516	631.005726370723	8.05790823089164	30	26.1082723491515	252.466726725421	199.532525191246	0	0	0
OliveGIS	30set19	17:41:57	D:\wx_medgold\wx_agmerra_andalusia\agmerra_1414_209_ESP.txt	-6.625	37.875	1	731	12	31	Std	9.6896105042534	0.755820327734106	1652.34013311598	1728.15137015278	9.01983765177444	30	31.0304716756577	274.598443792628	196.436450605372	0	0	0
OliveGIS	30set19	17:42:02	D:\wx_medgold\wx_agmerra_andalusia\agmerra_1414_210_ESP.txt	-6.625	37.625	1	731	12	31	Std	12.3251210620992	0.457077170978693	1652.67734797381	1712.05082135331	8.4831814678275	30	25.7139132248153	255.768239110979	198.273084319373	0	0	0
OliveGIS	30set19	17:42:06	D:\wx_medgold\wx_agmerra_andalusia\agmerra_1414_211_ESP.txt	-6.625	37.375	1	731	12	31	Std	12.4714552239223	0.59716764430292	741.72410169448	735.913062089554	8.23198136789554	30	27.7456791707047	255.567610237093	195.034755788596	0	0	0
OliveGIS	30set19	17:42:11	D:\wx_medgold\wx_agmerra_andalusia\agmerra_1414_212_ESP.txt	-6.625	37.125	1	731	12	31	Std	16.3501471046847	0.0730296743340222	917.947107158267	929.220439580046	7.73438359891546	30	13.8840171072526	256.100213862132	173.349617625868	0	0	0
OliveGIS	30set19	17:42:17	D:\wx_medgold\wx_agmerra_andalusia\agmerra_1415_209_ESP.txt	-6.375	37.875	1	731	12	31	Std	9.91338639845423	0.931591149037773	758.053795258455	797.930262854662	8.78275478475833	30	33.5495141030645	260.228840053139	192.147357515007	0	0	0
OliveGIS	30set19	17:42:21	D:\wx_medgold\wx_agmerra_andalusia\agmerra_1415_210_ESP.txt	-6.375	37.625	1	731	12	31	Std	11.6911249372697	0.554200262571647	1624.08104256764	1687.89677010777	8.55247493923291	30	27.6579811182998	244.543469586169	188.551369536323	0	0	0
OliveGIS	30set19	17:42:26	D:\wx_medgold\wx_agmerra_andalusia\agmerra_1415_211_ESP.txt	-6.375	37.375	1	731	12	31	Std	12.6989460147312	0.294177208303188	693.375733539954	730.498967255204	7.95995725743737	30	22.6249623102499	253.314724422398	197.415395206067	0	0	0
OliveGIS	30set19	17:42:32	D:\wx_medgold\wx_agmerra_andalusia\agmerra_1415_212_ESP.txt	-6.375	37.125	1	731	12	31	Std	16.5127105344762	0.0746639983102845	975.486871660305	988.468245851869	7.05487521986152	30	13.18360397589	251.010473198176	186.569104759	0	0	0
OliveGIS	30set19	17:42:37	D:\wx_medgold\wx_agmerra_andalusia\agmerra_1415_213_ESP.txt	-6.375	36.875	1	731	12	31	Std	15.6544294344937	0.14656997857914	732.547041022175	728.229030349435	7.47747575577219	30	17.5068278962382	290.531840125031	217.893253417947	0	0	0
OliveGIS	30set19	17:42:43	D:\wx_medgold\wx_agmerra_andalusia\agmerra_1416_209_ESP.txt	-6.125	37.875	1	731	12	31	Std	10.5213717911599	1.01216167896627	685.908342197813	709.228021663445	8.51530063048782	30	34.3354740990888	257.89016632097	185.991067515089	0	0	0
OliveGIS	30set19	17:42:47	D:\wx_medgold\wx_agmerra_andalusia\agmerra_1416_210_ESP.txt	-6.125	37.625	1	731	12	31	Std	10.3966335179108	0.585416641101157	1616.20048106307	1683.28295314048	8.39683848550894	30	28.3262560464527	246.934161754463	175.589320885968	0	0	0
OliveGIS	30set19	17:42:52	D:\wx_medgold\wx_agmerra_andalusia\agmerra_1416_211_ESP.txt	-6.125	37.375	1	731	12	31	Std	12.4974116860482	0.433695692880375	1573.56576784929	1682.95940941757	8.01263370250848	30	25.0029995901641	254.928900162243	188.258397867973	0	0	0
OliveGIS	30set19	17:42:58	D:\wx_medgold\wx_agmerra_andalusia\agmerra_1416_212_ESP.txt	-6.125	37.125	1	731	12	31	Std	15.5484470895505	0.240593136791689	1104.52179209235	962.42666665552	7.61645224678696	30	19.201924292938	252.609406387415	187.559184835326	0	0	0
OliveGIS	30set19	17:43:04	D:\wx_medgold\wx_agmerra_andalusia\agmerra_1416_213_ESP.txt	-6.125	36.875	1	731	12	31	Std	14.9162647476836	0.610643150679072	717.89200434087	734.803542631885	7.79809879570567	30	26.1818758054051	283.437399705339	213.886432536027	0	0	0
OliveGIS	30set19	17:43:09	D:\wx_medgold\wx_agmerra_andalusia\agmerra_1416_214_ESP.txt	-6.125	36.625	1	731	12	31	Std	17.9551833517623	0.313379796017108	1617.88688017966	1649.73593924645	8.06902691793124	30	18.9134021690756	281.992077332256	207.712208729223	0	0	0
OliveGIS	30set19	17:43:15	D:\wx_medgold\wx_agmerra_andalusia\agmerra_1416_215_ESP.txt	-6.125	36.375	1	731	12	31	Std	13.8552703777797	0.306256597395511	1386.89565318649	1418.60592091746	8.4866358768211	30	22.7595184079303	280.01152119154	179.602272628531	0	0	0
OliveGIS	30set19	17:43:20	D:\wx_medgold\wx_agmerra_andalusia\agmerra_1417_208_ESP.txt	-5.875	38.125	1	731	12	31	Std	8.1995661505638	1.91690903015377	703.936670683758	743.851731116529	8.56187754680227	30	39.3722156833482	248.738700176545	166.55296751636	0	0	0
OliveGIS	30set19	17:43:24	D:\wx_medgold\wx_agmerra_andalusia\agmerra_1417_209_ESP.txt	-5.875	37.875	1	731	12	31	Std	9.06359143249366	1.03255068618457	875.108375193229	932.32607292962	8.41379545882763	30	34.7147780648524	258.489669506113	184.156600151367	0	0	0
OliveGIS	30set19	17:43:29	D:\wx_medgold\wx_agmerra_andalusia\agmerra_1417_210_ESP.txt	-5.875	37.625	1	731	12	31	Std	9.91922318055937	0.61405005599248	1660.77323193732	1742.17366435772	8.27577825628058	30	28.9034651702971	251.564956100668	166.337902869534	0	0	0
OliveGIS	30set19	17:43:34	D:\wx_medgold\wx_agmerra_andalusia\agmerra_1417_211_ESP.txt	-5.875	37.375	1	731	12	31	Std	11.2027505858898	0.325346852931827	1568.96740887962	1690.12633703118	7.6365726199199	30	21.3170278922959	263.610656409057	180.676866223946	0	0	0
OliveGIS	30set19	17:43:40	D:\wx_medgold\wx_agmerra_andalusia\agmerra_1417_212_ESP.txt	-5.875	37.125	1	731	12	31	Std	14.9057811048206	0.268435227316326	1033.51055963887	915.949074551863	7.53718749947876	30	18.6823279949353	258.043670655797	175.491624091969	0	0	0
OliveGIS	30set19	17:43:46	D:\wx_medgold\wx_agmerra_andalusia\agmerra_1417_213_ESP.txt	-5.875	36.875	1	731	12	31	Std	13.5282420636731	0.510397636286099	1540.95616004233	1607.22266197342	8.09888597419352	30	21.3244506471397	284.157722291567	175.138575839609	0	0	0
OliveGIS	30set19	17:43:52	D:\wx_medgold\wx_agmerra_andalusia\agmerra_1417_214_ESP.txt	-5.875	36.625	1	731	12	31	Std	14.5197293442366	0.283735346981015	2012.63976640104	2052.22612728647	7.89732968109816	30	14.9268965756218	274.349884439476	215.90865554727	0	0	0
OliveGIS	30set19	17:43:57	D:\wx_medgold\wx_agmerra_andalusia\agmerra_1417_215_ESP.txt	-5.875	36.375	1	731	12	31	Std	16.8658264976335	0.183077145977619	1350.74185723441	1354.22333811036	8.24655971459837	30	14.8563160452644	227.512509318832	246.438069998991	0	0	0
OliveGIS	30set19	17:44:02	D:\wx_medgold\wx_agmerra_andalusia\agmerra_1418_208_ESP.txt	-5.625	38.125	1	731	12	31	Std	8.31398282081624	1.86611958321287	644.659292719538	687.66015782156	8.43916703412636	30	38.5916763403538	247.427999604947	170.356555899475	0	0	0
OliveGIS	30set19	17:44:06	D:\wx_medgold\wx_agmerra_andalusia\agmerra_1418_209_ESP.txt	-5.625	37.875	1	731	12	31	Std	10.0154134086979	1.01895258369371	1495.95523551949	1585.89392082303	8.42962755343646	30	34.2357439077865	258.217008641422	177.594341579115	0	0	0
OliveGIS	30set19	17:44:12	D:\wx_medgold\wx_agmerra_andalusia\agmerra_1418_210_ESP.txt	-5.625	37.625	1	731	12	31	Std	11.3734137456564	0.668167850066186	1707.70893621135	1792.35881620687	8.23512242649193	30	29.251222786112	250.547397034812	164.434848083877	0	0	0
OliveGIS	30set19	17:44:17	D:\wx_medgold\wx_agmerra_andalusia\agmerra_1418_211_ESP.txt	-5.625	37.375	1	731	12	31	Std	12.3998869108673	0.407628408652083	1483.34690925855	1594.23593505139	7.78009544012612	30	22.9813069964345	264.855662296608	182.448799808944	0	0	0
OliveGIS	30set19	17:44:22	D:\wx_medgold\wx_agmerra_andalusia\agmerra_1418_212_ESP.txt	-5.625	37.125	1	731	12	31	Std	13.4070679592656	0.395796882774224	1408.08261627802	1492.07422972183	7.92783543677867	30	22.3460765668391	259.932418272453	178.363689058936	0	0	0
OliveGIS	30set19	17:44:27	D:\wx_medgold\wx_agmerra_andalusia\agmerra_1418_213_ESP.txt	-5.625	36.875	1	731	12	31	Std	10.7886402581924	0.745900674414465	1861.59063705048	1910.12576566143	8.56355549749172	30	25.8241980881605	279.398684040706	189.399899288713	0	0	0
OliveGIS	30set19	17:44:33	D:\wx_medgold\wx_agmerra_andalusia\agmerra_1418_214_ESP.txt	-5.625	36.625	1	731	12	31	Std	14.1244859534171	0.375759766737806	1534.22575299756	1572.55808788789	8.47369153768663	30	18.5163661686615	269.705167761468	239.411527320205	0	0	0
OliveGIS	30set19	17:44:38	D:\wx_medgold\wx_agmerra_andalusia\agmerra_1418_215_ESP.txt	-5.625	36.375	1	731	12	31	Std	14.8843665574351	0.220787514223023	1451.51059861272	1460.588298086	8.58225916724688	30	18.0912323973568	223.984465183812	313.793662419611	0	0	0
OliveGIS	30set19	17:44:44	D:\wx_medgold\wx_agmerra_andalusia\agmerra_1418_216_ESP.txt	-5.625	36.125	1	731	12	31	Std	17.0854919297853	0	1225.39374662366	1214.58739458795	7.68406322112246	30	6.02600590162645	239.963936203257	221.746067466329	0	0	0
OliveGIS	30set19	17:44:52	D:\wx_medgold\wx_agmerra_andalusia\agmerra_1419_207_ESP.txt	-5.375	38.375	1	731	12	31	Std	12.9481974070506	2.87870700540859	814.732086251558	883.428603337815	8.76651151473213	30	46.5879996634721	261.52565211207	152.125232175231	0	0	0
OliveGIS	30set19	17:44:56	D:\wx_medgold\wx_agmerra_andalusia\agmerra_1419_208_ESP.txt	-5.375	38.125	1	731	12	31	Std	6.5772588008481	2.18757200209909	733.245367103884	786.08917355578	8.34383246655187	30	39.2883235556837	255.103376408805	166.48082230516	0	0	0
OliveGIS	30set19	17:45:01	D:\wx_medgold\wx_agmerra_andalusia\agmerra_1419_209_ESP.txt	-5.375	37.875	1	731	12	31	Std	11.0144544529701	0.69745844024004	1617.24442042701	1746.42035677975	8.03591078030148	30	29.2412250321239	272.295262515722	188.454737423794	0	0	0
OliveGIS	30set19	17:45:07	D:\wx_medgold\wx_agmerra_andalusia\agmerra_1419_210_ESP.txt	-5.375	37.625	1	731	12	31	Std	13.263403977014	0.484720561755436	1524.66198332689	1651.7345687099	7.55736681016928	30	25.5541581743559	263.294055793313	164.912072566447	0	0	0
OliveGIS	30set19	17:45:13	D:\wx_medgold\wx_agmerra_andalusia\agmerra_1419_211_ESP.txt	-5.375	37.375	1	731	12	31	Std	13.0191552068039	0.452121436235276	1495.65606109943	1584.82562189901	7.95136075970865	30	23.3302960256332	278.475967493183	170.493372271493	0	0	0
OliveGIS	30set19	17:45:19	D:\wx_medgold\wx_agmerra_andalusia\agmerra_1419_212_ESP.txt	-5.375	37.125	1	731	12	31	Std	10.230756536559	0.557663434113378	1618.32496027759	1675.25004654135	8.14389271207247	30	24.6409203160716	271.188867553699	177.007041226269	0	0	0
OliveGIS	30set19	17:45:25	D:\wx_medgold\wx_agmerra_andalusia\agmerra_1419_213_ESP.txt	-5.375	36.875	1	731	12	31	Std	64.3744706484206	1.86824645793487	1262.98888993666	1277.23846494432	7.98856942007205	30	35.7349870414217	233.185213249384	193.887837614206	0	0	0
OliveGIS	30set19	17:45:30	D:\wx_medgold\wx_agmerra_andalusia\agmerra_1419_214_ESP.txt	-5.375	36.625	1	731	12	31	Std	55.4371385745453	0.887201463469042	1252.03610612254	1260.9994532891	7.6702889993359	30	28.3319964525712	198.357112213092	242.603146827437	0	0	0
OliveGIS	30set19	17:45:35	D:\wx_medgold\wx_agmerra_andalusia\agmerra_1419_215_ESP.txt	-5.375	36.375	1	731	12	31	Std	12.3427022507462	0.211072793457449	1552.01240429706	1580.15452855929	8.72175243384272	30	17.4706058557085	214.363541274131	309.926137733775	0	0	0
OliveGIS	30set19	17:45:41	D:\wx_medgold\wx_agmerra_andalusia\agmerra_1420_206_ESP.txt	-5.125	38.625	1	731	12	31	Std	6.57883754536289	2.5810627767397	751.649662493396	827.819636229074	9.4202032825761	30	43.7920122092298	266.53474701775	136.521655433484	0	0	0
OliveGIS	30set19	17:45:46	D:\wx_medgold\wx_agmerra_andalusia\agmerra_1420_207_ESP.txt	-5.125	38.375	1	731	12	31	Std	20.1554088459432	3.04873065728832	722.87874546405	795.589752509955	8.83540422482707	30	49.0238441867891	259.6267766861	156.963968520782	0	0	0
OliveGIS	30set19	17:45:51	D:\wx_medgold\wx_agmerra_andalusia\agmerra_1420_208_ESP.txt	-5.125	38.125	1	731	12	31	Std	8.14450241207099	2.23520422580007	751.49140146961	803.649010251466	8.31070490944986	30	39.5284771493556	253.479382756781	170.634957172308	0	0	0
OliveGIS	30set19	17:45:57	D:\wx_medgold\wx_agmerra_andalusia\agmerra_1420_209_ESP.txt	-5.125	37.875	1	731	12	31	Std	12.5349630574077	0.734565318332245	1615.34223156239	1739.68978957572	8.26013831951204	30	29.6109128687303	277.060224354815	183.004099602343	0	0	0
OliveGIS	30set19	17:46:03	D:\wx_medgold\wx_agmerra_andalusia\agmerra_1420_210_ESP.txt	-5.125	37.625	1	731	12	31	Std	13.099267769305	0.531707291353204	1467.36989476324	1591.88389400735	7.87174490288474	30	26.6212869625086	267.941926801184	158.550336617048	0	0	0
OliveGIS	30set19	17:46:09	D:\wx_medgold\wx_agmerra_andalusia\agmerra_1420_211_ESP.txt	-5.125	37.375	1	731	12	31	Std	11.1497688239526	0.508197174152013	1361.91775333556	1445.94070069662	8.02725243213364	30	24.4539917527523	281.57435709722	168.662187335459	0	0	0
OliveGIS	30set19	17:46:15	D:\wx_medgold\wx_agmerra_andalusia\agmerra_1420_212_ESP.txt	-5.125	37.125	1	731	12	31	Std	13.4748023677742	0.611348612852586	1619.17998589182	1666.43591279361	8.38690824351009	30	25.7664642153501	267.749986230507	175.940618770463	0	0	0
OliveGIS	30set19	17:46:20	D:\wx_medgold\wx_agmerra_andalusia\agmerra_1420_213_ESP.txt	-5.125	36.875	1	731	12	31	Std	59.2172839012706	1.53823305111424	1272.37308395832	1284.46439788605	7.86349049459721	30	34.4436019115841	226.161351236464	197.233349777282	0	0	0
OliveGIS	30set19	17:46:24	D:\wx_medgold\wx_agmerra_andalusia\agmerra_1420_214_ESP.txt	-5.125	36.625	1	731	12	31	Std	30.8603098516189	0.356564063016007	1262.14250178658	1265.10292360359	7.78031704581075	30	23.3385045172875	193.037440505156	228.899682288386	0	0	0
OliveGIS	30set19	17:46:28	D:\wx_medgold\wx_agmerra_andalusia\agmerra_1421_206_ESP.txt	-4.875	38.625	1	731	12	31	Std	8.17183275494013	2.59743684445253	777.206580594593	868.34021210239	9.00089395304838	30	44.0254431400544	274.118954462114	126.298134832107	0	0	0
OliveGIS	30set19	17:46:33	D:\wx_medgold\wx_agmerra_andalusia\agmerra_1421_207_ESP.txt	-4.875	38.375	1	731	12	31	Std	56.869619386764	4.22557756373332	716.284216241557	753.815436457346	8.90208551052963	30	56.9038353958555	264.182231689093	160.53173858136	0	0	0.0182574185835055
OliveGIS	30set19	17:46:37	D:\wx_medgold\wx_agmerra_andalusia\agmerra_1421_208_ESP.txt	-4.875	38.125	1	731	12	31	Std	10.0608699150856	2.93869350906655	737.2515316573	781.640179888478	8.66118305741329	30	44.9708595303287	255.219034259351	154.299666681205	0	0	0
OliveGIS	30set19	17:46:41	D:\wx_medgold\wx_agmerra_andalusia\agmerra_1421_209_ESP.txt	-4.875	37.875	1	731	12	31	Std	11.2844257438213	1.08244083483558	1757.86993013586	1877.38269369213	8.38964879458918	30	32.5525774532613	291.255413131088	191.465148714887	0	0	0
OliveGIS	30set19	17:46:46	D:\wx_medgold\wx_agmerra_andalusia\agmerra_1421_210_ESP.txt	-4.875	37.625	1	731	12	31	Std	12.236331807039	0.832914837445451	1316.16960768565	1393.35573918491	8.42792293851049	30	30.3522621247899	283.400449711273	168.818244097698	0	0	0
OliveGIS	30set19	17:46:51	D:\wx_medgold\wx_agmerra_andalusia\agmerra_1421_211_ESP.txt	-4.875	37.375	1	731	12	31	Std	11.1756102458799	0.777440539915078	1624.53478474626	1665.39848750154	7.74455685753163	30	28.5487663038399	246.21292506947	168.681626114126	0	0	0
OliveGIS	30set19	17:46:56	D:\wx_medgold\wx_agmerra_andalusia\agmerra_1421_212_ESP.txt	-4.875	37.125	1	731	12	31	Std	11.4057275388137	0.83992336815201	968.283338656377	979.561536847617	7.59491663026591	30	29.327206975188	229.59595617509	175.946319563144	0	0	0
OliveGIS	30set19	17:47:00	D:\wx_medgold\wx_agmerra_andalusia\agmerra_1421_213_ESP.txt	-4.875	36.875	1	731	12	31	Std	12.3949915728876	0.753993200981572	687.013157196367	709.468731589665	7.22256998867988	30	30.8051885837136	229.930665311469	215.787383357072	0	0	0
OliveGIS	30set19	17:47:05	D:\wx_medgold\wx_agmerra_andalusia\agmerra_1421_214_ESP.txt	-4.875	36.625	1	731	12	31	Std	16.916291881925	0.0365148371670111	1169.93518751617	1200.29064737355	7.24521245018225	30	12.5971918052918	228.529966570447	230.745010406696	0	0	0
OliveGIS	30set19	17:47:10	D:\wx_medgold\wx_agmerra_andalusia\agmerra_1422_207_ESP.txt	-4.625	38.375	1	731	12	31	Std	66.2367214192234	4.57253670887648	711.42783574391	745.76346713924	8.98402157600709	30	61.1176701878876	260.351824405485	159.278388869675	0	0.0365148371670111	0.146059348668044
OliveGIS	30set19	17:47:15	D:\wx_medgold\wx_agmerra_andalusia\agmerra_1422_208_ESP.txt	-4.625	38.125	1	731	12	31	Std	10.5809110269825	3.08094066841587	787.242775827098	823.865329526254	8.67576887182003	30	45.62357023425	250.475302772251	147.346475567178	0	0	0
OliveGIS	30set19	17:47:20	D:\wx_medgold\wx_agmerra_andalusia\agmerra_1422_209_ESP.txt	-4.625	37.875	1	731	12	31	Std	11.0346455447762	1.13638365708591	1312.61872019608	1379.02919228018	8.377309254458	30	33.363136791251	290.970598585801	172.100319881888	0	0	0
OliveGIS	30set19	17:47:25	D:\wx_medgold\wx_agmerra_andalusia\agmerra_1422_210_ESP.txt	-4.625	37.625	1	731	12	31	Std	13.3057851906691	0.924935536741041	1670.41218446915	1774.34266152447	8.7191162686219	30	32.2048773703112	283.923177322123	165.911127712551	0	0	0
OliveGIS	30set19	17:47:30	D:\wx_medgold\wx_agmerra_andalusia\agmerra_1422_211_ESP.txt	-4.625	37.375	1	731	12	31	Std	10.1230611880049	0.879419871474842	1290.47631857121	1316.91373306429	7.87466474382156	30	30.2792803100066	247.084510671537	170.275767169194	0	0	0
OliveGIS	30set19	17:47:35	D:\wx_medgold\wx_agmerra_andalusia\agmerra_1422_212_ESP.txt	-4.625	37.125	1	731	12	31	Std	11.4680711182139	0.885807638493704	654.054360117342	657.741914379063	7.82274902440636	30	30.2069271571251	224.249077344044	178.953689636405	0	0	0
OliveGIS	30set19	17:47:40	D:\wx_medgold\wx_agmerra_andalusia\agmerra_1422_213_ESP.txt	-4.625	36.875	1	731	12	31	Std	12.1966285147346	0.517775968950847	663.086517334853	671.791613155261	7.07667367799502	30	29.1673705662188	225.00567338952	206.581760719743	0	0	0
OliveGIS	30set19	17:47:45	D:\wx_medgold\wx_agmerra_andalusia\agmerra_1422_214_ESP.txt	-4.625	36.625	1	731	12	31	Std	19.5359571224359	0	1445.12597629681	1479.32559331422	6.8044103344816	30	7.23868597969574	246.191020219629	190.625335876847	0	0	0
OliveGIS	30set19	17:47:51	D:\wx_medgold\wx_agmerra_andalusia\agmerra_1423_208_ESP.txt	-4.375	38.125	1	731	12	31	Std	9.84123625539409	2.76339787509724	745.603590565636	809.134251289114	8.27931920128591	30	44.5554547920245	250.262170785832	132.099721170536	0	0	0
OliveGIS	30set19	17:47:56	D:\wx_medgold\wx_agmerra_andalusia\agmerra_1423_209_ESP.txt	-4.375	37.875	1	731	12	31	Std	12.7462611150797	0.804163018870888	658.433661169384	583.741965402877	8.10484458500756	30	29.9487807976279	281.066290295065	151.869498727289	0	0	0
OliveGIS	30set19	17:48:02	D:\wx_medgold\wx_agmerra_andalusia\agmerra_1423_210_ESP.txt	-4.375	37.625	1	731	12	31	Std	12.4346313765734	0.770199257693569	1229.91704198329	1312.05653609002	8.4025858088961	30	30.216852266898	271.591364868739	149.284927756195	0	0	0
OliveGIS	30set19	17:48:08	D:\wx_medgold\wx_agmerra_andalusia\agmerra_1423_211_ESP.txt	-4.375	37.375	1	731	12	31	Std	10.4013902695856	1.29393367983683	705.177661938147	723.792248118741	7.74566990639613	30	35.3289632409184	223.453609986708	144.227258252345	0	0	0
OliveGIS	30set19	17:48:13	D:\wx_medgold\wx_agmerra_andalusia\agmerra_1423_212_ESP.txt	-4.375	37.125	1	731	12	31	Std	9.47541586143457	1.11415139605591	991.144653308289	1011.85157318696	7.41263289505029	30	33.436098085339	203.858609442128	151.33372822623	0	0	0
OliveGIS	30set19	17:48:19	D:\wx_medgold\wx_agmerra_andalusia\agmerra_1423_213_ESP.txt	-4.375	36.875	1	731	12	31	Std	12.0013773155944	0.709386978353473	778.415448394269	797.577803937229	7.33006719324395	30	33.6697212111532	230.634924232784	188.220276919566	0	0	0
OliveGIS	30set19	17:48:24	D:\wx_medgold\wx_agmerra_andalusia\agmerra_1424_207_ESP.txt	-4.125	38.375	1	731	12	31	Std	50.0990921522811	4.46916511013066	720.391430157021	776.377644814568	8.94998876259488	30	57.7957303637203	261.646192976031	140.775276369047	0	0	0.0365148371670111
OliveGIS	30set19	17:48:29	D:\wx_medgold\wx_agmerra_andalusia\agmerra_1424_208_ESP.txt	-4.125	38.125	1	731	12	31	Std	11.4308923033407	3.07475632152885	757.410953788985	828.244349141639	8.60132307384682	30	46.2344326084001	247.136216429855	127.486448457198	0	0	0
OliveGIS	30set19	17:48:34	D:\wx_medgold\wx_agmerra_andalusia\agmerra_1424_209_ESP.txt	-4.125	37.875	1	731	12	31	Std	12.8490869124136	0.962927767310441	1657.51110933674	1824.62992660675	8.3297693528251	30	31.9995849470209	280.445805693425	147.494631462792	0	0	0
OliveGIS	30set19	17:48:40	D:\wx_medgold\wx_agmerra_andalusia\agmerra_1424_210_ESP.txt	-4.125	37.625	1	731	12	31	Std	12.5265148669789	1.05795291379914	1357.54477126484	1414.36230072519	8.34348806575813	30	34.0905907738535	271.714135278871	149.831487720852	0	0	0
OliveGIS	30set19	17:48:45	D:\wx_medgold\wx_agmerra_andalusia\agmerra_1424_211_ESP.txt	-4.125	37.375	1	731	12	31	Std	11.6405158474787	1.72841033867846	780.60584461281	821.522547105251	7.82392440553002	30	40.9807250739443	225.814551749016	140.739192598698	0	0	0
OliveGIS	30set19	17:48:50	D:\wx_medgold\wx_agmerra_andalusia\agmerra_1424_212_ESP.txt	-4.125	37.125	1	731	12	31	Std	10.2991289666294	1.25805907797613	696.024059573911	708.343952761505	7.50968723042781	30	35.5286376315505	205.965661014746	145.332126009959	0	0	0
OliveGIS	30set19	17:48:56	D:\wx_medgold\wx_agmerra_andalusia\agmerra_1424_213_ESP.txt	-4.125	36.875	1	731	12	31	Std	11.9452683846621	0.6438479866281	715.817038405251	758.218112411268	7.39679955644067	30	33.8976622460477	236.606329430209	182.931182619893	0	0	0
OliveGIS	30set19	17:49:01	D:\wx_medgold\wx_agmerra_andalusia\agmerra_1425_207_ESP.txt	-3.875	38.375	1	731	12	31	Std	12.6407701096697	3.17388952432873	747.060008176112	839.531335740159	8.97768625953885	30	46.1437584975028	275.085281739836	130.363302651325	0	0	0.0182574185835055
OliveGIS	30set19	17:49:07	D:\wx_medgold\wx_agmerra_andalusia\agmerra_1425_208_ESP.txt	-3.875	38.125	1	731	12	31	Std	9.54588194296185	2.02511813193104	1101.10256520088	1237.37378281678	7.91804283259762	30	39.3756825885005	266.913205575042	119.710535022622	0	0	0
OliveGIS	30set19	17:49:13	D:\wx_medgold\wx_agmerra_andalusia\agmerra_1425_209_ESP.txt	-3.875	37.875	1	731	12	31	Std	10.7985439631526	1.05591383312679	1254.37623480229	1411.92164643728	9.44433175501849	30	34.5285861912679	294.962177216852	133.305202319779	0	0	0
OliveGIS	30set19	17:49:19	D:\wx_medgold\wx_agmerra_andalusia\agmerra_1425_210_ESP.txt	-3.875	37.625	1	731	12	31	Std	11.5364036508525	1.39913355782916	829.365437001057	896.952642017954	9.31566472107076	30	38.9862694662692	285.293648458171	142.033757360302	0	0	0
OliveGIS	30set19	17:49:25	D:\wx_medgold\wx_agmerra_andalusia\agmerra_1425_211_ESP.txt	-3.875	37.375	1	731	12	31	Std	14.8561083067871	2.80368394762336	769.152702086157	802.173468849747	8.63033942673691	30	49.0072366225572	230.691133236679	114.701283250495	0	0	0
OliveGIS	30set19	17:49:30	D:\wx_medgold\wx_agmerra_andalusia\agmerra_1425_212_ESP.txt	-3.875	37.125	1	731	12	31	Std	10.3203381393414	1.90220984616592	704.745129645194	704.375272693193	8.02123618185236	30	39.6509367053188	217.14985354946	119.399877211666	0	0	0
OliveGIS	30set19	17:49:37	D:\wx_medgold\wx_agmerra_andalusia\agmerra_1425_213_ESP.txt	-3.875	36.875	1	731	12	31	Std	10.2325292656514	0.985550782470181	760.387740178518	744.424431093711	7.28571267587477	30	36.423931914223	242.985673954508	156.128704091782	0	0	0
OliveGIS	30set19	17:49:42	D:\wx_medgold\wx_agmerra_andalusia\agmerra_1426_207_ESP.txt	-3.625	38.375	1	731	12	31	Std	19.7546796434691	3.51191895018146	742.484132296875	854.454449355253	8.96865550733193	30	47.8150647159774	274.981349189902	125.246652512222	0	0	0.0647719252365604
OliveGIS	30set19	17:49:48	D:\wx_medgold\wx_agmerra_andalusia\agmerra_1426_208_ESP.txt	-3.625	38.125	1	731	12	31	Std	11.5172239830552	2.32896800193197	878.107748664347	1017.67939695589	8.2584683114107	30	42.1028330605452	270.391631595324	114.432798931357	0	0	0
OliveGIS	30set19	17:49:53	D:\wx_medgold\wx_agmerra_andalusia\agmerra_1426_209_ESP.txt	-3.625	37.875	1	731	12	31	Std	13.3059316130797	1.42706192827306	1833.79808057848	2082.28379043769	9.50625928098121	30	37.8092070523971	286.579162179322	128.651260988857	0	0	0
OliveGIS	30set19	17:49:59	D:\wx_medgold\wx_agmerra_andalusia\agmerra_1426_210_ESP.txt	-3.625	37.625	1	731	12	31	Std	18.1956863019783	2.23797938420753	782.605206918886	848.012968183209	9.1989504648722	30	48.8466873192949	270.632738714975	137.634233787764	0	0	0
OliveGIS	30set19	17:50:05	D:\wx_medgold\wx_agmerra_andalusia\agmerra_1426_211_ESP.txt	-3.625	37.375	1	731	12	31	Std	53.6593144103473	4.1004569411758	735.362782038156	751.321777522328	8.12149128483527	30	59.8819294216909	223.052599847773	120.857491314757	0	0	0
OliveGIS	30set19	17:50:09	D:\wx_medgold\wx_agmerra_andalusia\agmerra_1426_212_ESP.txt	-3.625	37.125	1	731	12	31	Std	10.448525166784	2.62730139947402	734.150590811249	747.360773671584	8.23149265105472	30	47.4089370303198	221.078281891591	147.456113128112	0	0	0
OliveGIS	30set19	17:50:15	D:\wx_medgold\wx_agmerra_andalusia\agmerra_1426_213_ESP.txt	-3.625	36.875	1	731	12	31	Std	10.3324864317389	1.25937404630465	786.323415584549	809.922292008285	7.34228815848975	30	39.2290948794064	251.387795609909	147.376677805274	0	0	0
OliveGIS	30set19	17:50:21	D:\wx_medgold\wx_agmerra_andalusia\agmerra_1427_207_ESP.txt	-3.375	38.375	1	731	12	31	Std	10.2610881993326	3.25395603612856	687.869635378581	807.014692291728	8.9107967573374	30	42.8314151813454	272.090090810455	117.42356398658	0	0.0507416263404925	0.152224879021477
OliveGIS	30set19	17:50:27	D:\wx_medgold\wx_agmerra_andalusia\agmerra_1427_208_ESP.txt	-3.375	38.125	1	731	12	31	Std	10.7512463859115	2.13451116910511	1452.63856686067	1645.73686130413	8.35071749962964	30	39.3405678131629	268.180840598966	111.077799182665	0	0	0
OliveGIS	30set19	17:50:32	D:\wx_medgold\wx_agmerra_andalusia\agmerra_1427_209_ESP.txt	-3.375	37.875	1	731	12	31	Std	12.9866934550929	1.66208911610812	1537.94940048373	1703.37257948804	9.49022485592897	30	39.1600031993706	287.86048402719	111.821813305967	0	0	0
OliveGIS	30set19	17:50:38	D:\wx_medgold\wx_agmerra_andalusia\agmerra_1427_210_ESP.txt	-3.375	37.625	1	731	12	31	Std	43.6795658319124	2.99257510300518	924.311830007576	1010.74943533152	9.34652188059108	30	54.8894412307202	262.038607952094	119.118810389064	0	0	0.0182574185835055
OliveGIS	30set19	17:50:43	D:\wx_medgold\wx_agmerra_andalusia\agmerra_1427_211_ESP.txt	-3.375	37.375	1	731	12	31	Std	132.149467101356	10.9806098693765	2682.19928322897	2952.70434522301	6.76748480417301	30	64.7093203327854	226.319170413272	64.1042209057331	0	0.127801930084539	0.255536397749347
OliveGIS	30set19	17:50:47	D:\wx_medgold\wx_agmerra_andalusia\agmerra_1427_212_ESP.txt	-3.375	37.125	1	731	12	31	Std	126.694241448031	7.63326356440534	1921.43707508657	1844.8529429105	6.75992246435844	30	55.8300468066863	232.168250524752	179.629593854982	0	0.0365148371670111	0.109544511501033
OliveGIS	30set19	17:50:51	D:\wx_medgold\wx_agmerra_andalusia\agmerra_1427_213_ESP.txt	-3.375	36.875	1	731	12	31	Std	75.6224667097309	4.26656204972316	561.665292238845	571.071225100627	7.57347154641567	30	65.8221319730018	199.346794484547	206.427777690646	0	0	0
OliveGIS	30set19	17:50:56	D:\wx_medgold\wx_agmerra_andalusia\agmerra_1428_207_ESP.txt	-3.125	38.375	1	731	12	31	Std	29.8575668608575	4.06807164348807	940.659717114695	1058.26448462272	8.8604117597166	30	50.2878541584553	260.877529045565	111.484406465916	0	0.0805155799872898	0.21922014338187
OliveGIS	30set19	17:51:01	D:\wx_medgold\wx_agmerra_andalusia\agmerra_1428_208_ESP.txt	-3.125	38.125	1	731	12	31	Std	17.9051039406767	3.2835780876159	876.807789320894	997.137037060685	8.89924444681333	30	47.3556589731535	254.560723374714	116.579495890439	0	0	0.0365148371670111
OliveGIS	30set19	17:51:06	D:\wx_medgold\wx_agmerra_andalusia\agmerra_1428_209_ESP.txt	-3.125	37.875	1	731	12	31	Std	16.3623021312553	2.634379248132	730.019987885704	802.12978788298	9.14154341957385	30	52.3339633903064	269.572703370165	113.962763680718	0	0	0
OliveGIS	30set19	17:51:11	D:\wx_medgold\wx_agmerra_andalusia\agmerra_1428_210_ESP.txt	-3.125	37.625	1	731	12	31	Std	59.3425188227622	3.72694599327406	828.123431968153	875.549906603857	9.12341940333751	30	59.7512910455431	252.464462162841	114.252031396212	0	0	0.0547722557505166
OliveGIS	30set19	17:51:15	D:\wx_medgold\wx_agmerra_andalusia\agmerra_1428_211_ESP.txt	-3.125	37.375	1	731	12	31	Std	133.048394488104	10.9809767586819	2564.15386994368	2814.78527223536	6.72659842987387	30	63.8000526069037	222.335348066833	63.3343058606517	0	0.12847469449832	0.252345320779959
OliveGIS	30set19	17:51:19	D:\wx_medgold\wx_agmerra_andalusia\agmerra_1428_212_ESP.txt	-3.125	37.125	1	731	12	31	Std	130.135806870688	6.01175476897543	2154.3276562418	1770.35346470373	6.7517558380433	30	52.2794463029892	220.755291809888	141.470489185359	0	0	0.0365148371670111
OliveGIS	30set19	17:51:24	D:\wx_medgold\wx_agmerra_andalusia\agmerra_1428_213_ESP.txt	-3.125	36.875	1	731	12	31	Std	49.270053388641	3.14104455866838	773.541754989764	778.507511948934	7.36011306759727	30	57.5379798605824	191.212122114886	136.349006420011	0	0	0
OliveGIS	30set19	17:51:28	D:\wx_medgold\wx_agmerra_andalusia\agmerra_1429_207_ESP.txt	-2.875	38.375	1	731	12	31	Std	86.5948391124987	6.9168302154878	1713.75915442276	1793.66074702054	8.28688203084269	30	63.8858072486847	235.618957046203	92.2651753085239	0	0.16103115997458	0.298732956518602
OliveGIS	30set19	17:51:33	D:\wx_medgold\wx_agmerra_andalusia\agmerra_1429_208_ESP.txt	-2.875	38.125	1	731	12	31	Std	89.4782670588902	6.51420728498289	1479.26822862856	1541.26524512041	8.25289917711262	30	63.2079476306434	233.373771660079	110.432768541842	0	0.0547722557505166	0.165014802540473
OliveGIS	30set19	17:51:38	D:\wx_medgold\wx_agmerra_andalusia\agmerra_1429_209_ESP.txt	-2.875	37.875	1	731	12	31	Std	105.980960988066	5.27547023561849	936.161033211407	973.6098937672	8.20596923187522	30	54.1314105598164	234.233703931504	114.343145385072	0	0	0.0365148371670111
OliveGIS	30set19	17:51:42	D:\wx_medgold\wx_agmerra_andalusia\agmerra_1429_210_ESP.txt	-2.875	37.625	1	731	12	31	Std	121.949888379867	5.80622337540139	1588.66834058208	1312.92177659154	7.86056650293899	30	44.8004720828986	224.544964751834	79.4698901992186	0	0.0402577899936449	0.165432209959107
OliveGIS	30set19	17:51:47	D:\wx_medgold\wx_agmerra_andalusia\agmerra_1429_211_ESP.txt	-2.875	37.375	1	731	12	31	Std	112.073184012558	23.0888379261844	1039.62333156785	1669.25751601082	6.26255061695193	30	81.3824786276887	177.134293492351	91.8078341009026	0	0.446197214270762	0.959699426125569
OliveGIS	30set19	17:51:49	D:\wx_medgold\wx_agmerra_andalusia\agmerra_1429_212_ESP.txt	-2.875	37.125	1	731	12	31	Std	113.626076869826	12.8731606207573	2440.22525115363	3414.00815835776	5.75565688752349	30	65.658756977391	187.447464517456	110.884125134739	0	0.0182574185835055	0.147352107817163
OliveGIS	30set19	17:51:53	D:\wx_medgold\wx_agmerra_andalusia\agmerra_1429_213_ESP.txt	-2.875	36.875	1	731	12	31	Std	12.2253194960954	0.897121834650621	725.948030699073	726.461107335599	6.82330354479176	30	32.6705329637876	234.282841636039	124.200216974656	0	0	0
OliveGIS	30set19	17:51:58	D:\wx_medgold\wx_agmerra_andalusia\agmerra_1430_207_ESP.txt	-2.625	38.375	1	731	12	31	Std	123.157691459028	8.42006361403332	2086.36231130238	2141.10928209773	7.65911672228053	30	59.8011733441187	230.952247763745	96.5906519000817	0	0.17140393911701	0.336667235688605
OliveGIS	30set19	17:52:03	D:\wx_medgold\wx_agmerra_andalusia\agmerra_1430_208_ESP.txt	-2.625	38.125	1	731	12	31	Std	127.369361560651	8.58524797304194	2121.93253556075	2168.90504704377	7.48554161923727	30	52.6971499152981	231.616072561827	131.742680051403	0	0.146059348668044	0.271754622247063
OliveGIS	30set19	17:52:07	D:\wx_medgold\wx_agmerra_andalusia\agmerra_1430_209_ESP.txt	-2.625	37.875	1	731	12	31	Std	128.914606192065	6.67386737560213	2068.02695098214	1764.66726382058	7.55850742427092	30	48.4533732500674	230.260648636159	115.326800226897	0	0.0402577899936449	0.154808001218862
OliveGIS	30set19	17:52:12	D:\wx_medgold\wx_agmerra_andalusia\agmerra_1430_210_ESP.txt	-2.625	37.625	1	731	12	31	Std	124.54979874659	6.17670447414473	1011.55739303996	1000.21143880199	7.57529256671083	30	46.7224798832081	221.171649260889	78.9371002324221	0	0.110432795395438	0.291429295855373
OliveGIS	30set19	17:52:16	D:\wx_medgold\wx_agmerra_andalusia\agmerra_1430_211_ESP.txt	-2.625	37.375	1	731	12	31	Std	117.266242116945	21.0878482740081	2803.99669295925	4213.27869879826	5.97081022246091	30	78.3138696043925	177.897739578462	83.6013435518722	0	0.442251293832536	0.876801921300018
OliveGIS	30set19	17:52:20	D:\wx_medgold\wx_agmerra_andalusia\agmerra_1430_212_ESP.txt	-2.625	37.125	1	731	12	31	Std	124.276340393533	9.14014763833576	1856.47738661154	2374.54493402202	6.00574437661489	30	59.7012937151647	187.09632284732	87.11970757685	0	0	0.0402577899936449
OliveGIS	30set19	17:52:24	D:\wx_medgold\wx_agmerra_andalusia\agmerra_1430_213_ESP.txt	-2.625	36.875	1	731	12	31	Std	11.7540450361841	0.519515689584191	677.312296125472	673.351302138753	6.98117336908312	30	27.4969507191357	242.334511467673	89.457157857569	0	0	0
OliveGIS	30set19	17:52:30	D:\wx_medgold\wx_agmerra_andalusia\agmerra_1431_209_ESP.txt	-2.375	37.875	1	731	12	31	Std	119.076052004253	11.354339390229	2661.83286495706	2980.3729572139	6.77257824553944	30	54.1121548161832	217.17285040728	84.1992320520854	0	0.114269292744673	0.323077870404068
OliveGIS	30set19	17:52:33	D:\wx_medgold\wx_agmerra_andalusia\agmerra_1431_210_ESP.txt	-2.375	37.625	1	731	12	31	Std	117.914071382024	8.94781807346697	2051.65553012655	2020.61355931607	6.72992971902296	30	49.7989193438582	212.71359958469	78.4616503440543	0	0.0547722557505166	0.208000884171419
OliveGIS	30set19	17:52:37	D:\wx_medgold\wx_agmerra_andalusia\agmerra_1431_211_ESP.txt	-2.375	37.375	1	731	12	31	Std	117.13864312277	8.53901727905232	1840.91528399926	1828.84010652377	6.56260741565074	30	51.8482778840361	206.450444389218	77.3845094243711	0	0	0.0868344970910609
OliveGIS	30set19	17:52:41	D:\wx_medgold\wx_agmerra_andalusia\agmerra_1431_212_ESP.txt	-2.375	37.125	1	731	12	31	Std	123.259717203381	2.31155020880276	705.849465317964	663.391122440852	7.15991395312066	30	36.8084761915001	206.802903139986	91.7478243031834	0	0	0
OliveGIS	30set19	17:52:46	D:\wx_medgold\wx_agmerra_andalusia\agmerra_1431_213_ESP.txt	-2.375	36.875	1	731	12	31	Std	12.6626503009314	0.417449838682556	682.245730800422	697.023166850598	7.23727579407751	30	23.6715467689964	268.551330652824	70.9689525770605	0	0	0
OliveGIS	30set19	17:52:52	D:\wx_medgold\wx_agmerra_andalusia\agmerra_1432_209_ESP.txt	-2.125	37.875	1	731	12	31	Std	118.72028247635	8.65700765906993	2195.58068940273	2152.5182374466	6.58071022963607	30	49.927584341333	209.490887218481	82.1207619316205	0	0.0547722557505166	0.206252830004966
OliveGIS	30set19	17:52:56	D:\wx_medgold\wx_agmerra_andalusia\agmerra_1432_210_ESP.txt	-2.125	37.625	1	731	12	31	Std	119.456039911192	5.54707026327837	1689.17742141641	1330.45141220617	6.92397135395178	30	43.8123046013647	204.854780327403	78.5881238285821	0	0	0
OliveGIS	30set19	17:53:00	D:\wx_medgold\wx_agmerra_andalusia\agmerra_1432_211_ESP.txt	-2.125	37.375	1	731	12	31	Std	120.488287264016	4.45126354268502	1429.86331041913	1026.47937082249	7.00705719790503	30	43.9367074821022	204.653359408639	77.6987794841935	0	0	0
OliveGIS	30set19	17:53:04	D:\wx_medgold\wx_agmerra_andalusia\agmerra_1432_212_ESP.txt	-2.125	37.125	1	731	12	31	Std	68.5586665464017	0.807294331660414	653.420650882722	660.104569607037	7.13772557869673	30	31.0698982089199	215.927838733754	74.4925947874077	0	0	0
OliveGIS	30set19	17:53:10	D:\wx_medgold\wx_agmerra_andalusia\agmerra_1432_213_ESP.txt	-2.125	36.875	1	731	12	31	Std	16.0776120489146	0.110432795395438	678.37369974502	735.475570134296	6.85154567677393	30	16.4149528832988	272.636357131409	69.6386721238452	0	0	0
OliveGIS	30set19	17:53:18	D:\wx_medgold\wx_agmerra_andalusia\agmerra_1433_211_ESP.txt	-1.875	37.375	1	731	12	31	Std	13.4839726060749	1.73688848496252	829.84335153808	843.931311390227	7.93718152587634	30	37.0242381001494	267.161911302069	83.0506946693251	0	0	0
OliveGIS	30set19	17:53:23	D:\wx_medgold\wx_agmerra_andalusia\agmerra_1433_212_ESP.txt	-1.875	37.125	1	731	12	31	Std	17.1211601954068	0.242804495404236	717.868873892334	761.287936593178	7.42750402840376	30	20.3873808727501	306.602397906962	71.3039204319476	0	0	0
