215375	1148	323	-73.125	9.375	VEN	
215703	1149	319	-72.875	10.375	VEN	
215704	1149	320	-72.875	10.125	VEN	
215705	1149	321	-72.875	9.875	VEN	
215706	1149	322	-72.875	9.625	VEN	
215707	1149	323	-72.875	9.375	VEN	
216041	1150	317	-72.625	10.875	VEN	
216042	1150	318	-72.625	10.625	VEN	
216043	1150	319	-72.625	10.375	VEN	
216044	1150	320	-72.625	10.125	VEN	
216045	1150	321	-72.625	9.875	VEN	
216046	1150	322	-72.625	9.625	VEN	
216047	1150	323	-72.625	9.375	VEN	
216048	1150	324	-72.625	9.125	VEN	
216049	1150	325	-72.625	8.875	VEN	
216050	1150	326	-72.625	8.625	VEN	
216384	1151	316	-72.375	11.125	VEN	
216385	1151	317	-72.375	10.875	VEN	
216386	1151	318	-72.375	10.625	VEN	
216387	1151	319	-72.375	10.375	VEN	
216388	1151	320	-72.375	10.125	VEN	
216389	1151	321	-72.375	9.875	VEN	
216390	1151	322	-72.375	9.625	VEN	
216391	1151	323	-72.375	9.375	VEN	
216392	1151	324	-72.375	9.125	VEN	
216393	1151	325	-72.375	8.875	VEN	
216394	1151	326	-72.375	8.625	VEN	
216395	1151	327	-72.375	8.375	VEN	
216397	1151	329	-72.375	7.875	VEN	
216398	1151	330	-72.375	7.625	VEN	
216731	1152	315	-72.125	11.375	VEN	
216732	1152	316	-72.125	11.125	VEN	
216733	1152	317	-72.125	10.875	VEN	
216734	1152	318	-72.125	10.625	VEN	
216735	1152	319	-72.125	10.375	VEN	
216736	1152	320	-72.125	10.125	VEN	
216737	1152	321	-72.125	9.875	VEN	
216738	1152	322	-72.125	9.625	VEN	
216739	1152	323	-72.125	9.375	VEN	
216740	1152	324	-72.125	9.125	VEN	
216741	1152	325	-72.125	8.875	VEN	
216742	1152	326	-72.125	8.625	VEN	
216743	1152	327	-72.125	8.375	VEN	
216744	1152	328	-72.125	8.125	VEN	
216745	1152	329	-72.125	7.875	VEN	
216746	1152	330	-72.125	7.625	VEN	
216747	1152	331	-72.125	7.375	VEN	
217078	1153	314	-71.875	11.625	VEN	
217080	1153	316	-71.875	11.125	VEN	
217081	1153	317	-71.875	10.875	VEN	
217082	1153	318	-71.875	10.625	VEN	
217083	1153	319	-71.875	10.375	VEN	
217085	1153	323	-71.875	9.375	VEN	
217086	1153	324	-71.875	9.125	VEN	
217087	1153	325	-71.875	8.875	VEN	
217088	1153	326	-71.875	8.625	VEN	
217089	1153	327	-71.875	8.375	VEN	
217090	1153	328	-71.875	8.125	VEN	
217091	1153	329	-71.875	7.875	VEN	
217092	1153	330	-71.875	7.625	VEN	
217093	1153	331	-71.875	7.375	VEN	
217094	1153	332	-71.875	7.125	VEN	
217448	1154	318	-71.625	10.625	VEN	
217453	1154	325	-71.625	8.875	VEN	
217454	1154	326	-71.625	8.625	VEN	
217455	1154	327	-71.625	8.375	VEN	
217456	1154	328	-71.625	8.125	VEN	
217457	1154	329	-71.625	7.875	VEN	
217458	1154	330	-71.625	7.625	VEN	
217459	1154	331	-71.625	7.375	VEN	
217460	1154	332	-71.625	7.125	VEN	
217815	1155	317	-71.375	10.875	VEN	
217816	1155	318	-71.375	10.625	VEN	
217817	1155	319	-71.375	10.375	VEN	
217823	1155	325	-71.375	8.875	VEN	
217824	1155	326	-71.375	8.625	VEN	
217825	1155	327	-71.375	8.375	VEN	
217826	1155	328	-71.375	8.125	VEN	
217827	1155	329	-71.375	7.875	VEN	
217828	1155	330	-71.375	7.625	VEN	
217829	1155	331	-71.375	7.375	VEN	
217830	1155	332	-71.375	7.125	VEN	
218199	1156	317	-71.125	10.875	VEN	
218200	1156	318	-71.125	10.625	VEN	
218201	1156	319	-71.125	10.375	VEN	
218202	1156	320	-71.125	10.125	VEN	
218206	1156	324	-71.125	9.125	VEN	
218207	1156	325	-71.125	8.875	VEN	
218208	1156	326	-71.125	8.625	VEN	
218209	1156	327	-71.125	8.375	VEN	
218210	1156	328	-71.125	8.125	VEN	
218211	1156	329	-71.125	7.875	VEN	
218212	1156	330	-71.125	7.625	VEN	
218213	1156	331	-71.125	7.375	VEN	
218214	1156	332	-71.125	7.125	VEN	
218574	1157	316	-70.875	11.125	VEN	
218575	1157	317	-70.875	10.875	VEN	
218576	1157	318	-70.875	10.625	VEN	
218577	1157	319	-70.875	10.375	VEN	
218578	1157	320	-70.875	10.125	VEN	
218579	1157	321	-70.875	9.875	VEN	
218580	1157	322	-70.875	9.625	VEN	
218581	1157	323	-70.875	9.375	VEN	
218582	1157	324	-70.875	9.125	VEN	
218583	1157	325	-70.875	8.875	VEN	
218584	1157	326	-70.875	8.625	VEN	
218585	1157	327	-70.875	8.375	VEN	
218586	1157	328	-70.875	8.125	VEN	
218587	1157	329	-70.875	7.875	VEN	
218588	1157	330	-70.875	7.625	VEN	
218589	1157	331	-70.875	7.375	VEN	
218590	1157	332	-70.875	7.125	VEN	
218968	1158	316	-70.625	11.125	VEN	
218969	1158	317	-70.625	10.875	VEN	
218970	1158	318	-70.625	10.625	VEN	
218971	1158	319	-70.625	10.375	VEN	
218972	1158	320	-70.625	10.125	VEN	
218973	1158	321	-70.625	9.875	VEN	
218974	1158	322	-70.625	9.625	VEN	
218975	1158	323	-70.625	9.375	VEN	
218976	1158	324	-70.625	9.125	VEN	
218977	1158	325	-70.625	8.875	VEN	
218978	1158	326	-70.625	8.625	VEN	
218979	1158	327	-70.625	8.375	VEN	
218980	1158	328	-70.625	8.125	VEN	
218981	1158	329	-70.625	7.875	VEN	
218982	1158	330	-70.625	7.625	VEN	
218983	1158	331	-70.625	7.375	VEN	
218984	1158	332	-70.625	7.125	VEN	
219362	1159	316	-70.375	11.125	VEN	
219363	1159	317	-70.375	10.875	VEN	
219364	1159	318	-70.375	10.625	VEN	
219365	1159	319	-70.375	10.375	VEN	
219366	1159	320	-70.375	10.125	VEN	
219367	1159	321	-70.375	9.875	VEN	
219368	1159	322	-70.375	9.625	VEN	
219369	1159	323	-70.375	9.375	VEN	
219370	1159	324	-70.375	9.125	VEN	
219371	1159	325	-70.375	8.875	VEN	
219372	1159	326	-70.375	8.625	VEN	
219373	1159	327	-70.375	8.375	VEN	
219374	1159	328	-70.375	8.125	VEN	
219375	1159	329	-70.375	7.875	VEN	
219376	1159	330	-70.375	7.625	VEN	
219377	1159	331	-70.375	7.375	VEN	
219378	1159	332	-70.375	7.125	VEN	
219774	1160	312	-70.125	12.125	VEN	
219775	1160	313	-70.125	11.875	VEN	
219777	1160	315	-70.125	11.375	VEN	
219778	1160	316	-70.125	11.125	VEN	
219779	1160	317	-70.125	10.875	VEN	
219780	1160	318	-70.125	10.625	VEN	
219781	1160	319	-70.125	10.375	VEN	
219782	1160	320	-70.125	10.125	VEN	
219783	1160	321	-70.125	9.875	VEN	
219784	1160	322	-70.125	9.625	VEN	
219785	1160	323	-70.125	9.375	VEN	
219786	1160	324	-70.125	9.125	VEN	
219787	1160	325	-70.125	8.875	VEN	
219788	1160	326	-70.125	8.625	VEN	
219789	1160	327	-70.125	8.375	VEN	
219790	1160	328	-70.125	8.125	VEN	
219791	1160	329	-70.125	7.875	VEN	
219792	1160	330	-70.125	7.625	VEN	
219793	1160	331	-70.125	7.375	VEN	
219794	1160	332	-70.125	7.125	VEN	
220183	1161	313	-69.875	11.875	VEN	
220185	1161	315	-69.875	11.375	VEN	
220186	1161	316	-69.875	11.125	VEN	
220187	1161	317	-69.875	10.875	VEN	
220188	1161	318	-69.875	10.625	VEN	
220189	1161	319	-69.875	10.375	VEN	
220190	1161	320	-69.875	10.125	VEN	
220191	1161	321	-69.875	9.875	VEN	
220192	1161	322	-69.875	9.625	VEN	
220193	1161	323	-69.875	9.375	VEN	
220194	1161	324	-69.875	9.125	VEN	
220195	1161	325	-69.875	8.875	VEN	
220196	1161	326	-69.875	8.625	VEN	
220197	1161	327	-69.875	8.375	VEN	
220198	1161	328	-69.875	8.125	VEN	
220199	1161	329	-69.875	7.875	VEN	
220200	1161	330	-69.875	7.625	VEN	
220201	1161	331	-69.875	7.375	VEN	
220202	1161	332	-69.875	7.125	VEN	
220203	1161	333	-69.875	6.875	VEN	
220593	1162	315	-69.625	11.375	VEN	
220594	1162	316	-69.625	11.125	VEN	
220595	1162	317	-69.625	10.875	VEN	
220596	1162	318	-69.625	10.625	VEN	
220597	1162	319	-69.625	10.375	VEN	
220598	1162	320	-69.625	10.125	VEN	
220599	1162	321	-69.625	9.875	VEN	
220600	1162	322	-69.625	9.625	VEN	
220601	1162	323	-69.625	9.375	VEN	
220602	1162	324	-69.625	9.125	VEN	
220603	1162	325	-69.625	8.875	VEN	
220604	1162	326	-69.625	8.625	VEN	
220605	1162	327	-69.625	8.375	VEN	
220606	1162	328	-69.625	8.125	VEN	
220607	1162	329	-69.625	7.875	VEN	
220608	1162	330	-69.625	7.625	VEN	
220609	1162	331	-69.625	7.375	VEN	
220610	1162	332	-69.625	7.125	VEN	
220611	1162	333	-69.625	6.875	VEN	
220612	1162	334	-69.625	6.625	VEN	
220613	1162	335	-69.625	6.375	VEN	
220993	1163	315	-69.375	11.375	VEN	
220994	1163	316	-69.375	11.125	VEN	
220995	1163	317	-69.375	10.875	VEN	
220996	1163	318	-69.375	10.625	VEN	
220997	1163	319	-69.375	10.375	VEN	
220998	1163	320	-69.375	10.125	VEN	
220999	1163	321	-69.375	9.875	VEN	
221000	1163	322	-69.375	9.625	VEN	
221001	1163	323	-69.375	9.375	VEN	
221002	1163	324	-69.375	9.125	VEN	
221003	1163	325	-69.375	8.875	VEN	
221004	1163	326	-69.375	8.625	VEN	
221005	1163	327	-69.375	8.375	VEN	
221006	1163	328	-69.375	8.125	VEN	
221007	1163	329	-69.375	7.875	VEN	
221008	1163	330	-69.375	7.625	VEN	
221009	1163	331	-69.375	7.375	VEN	
221010	1163	332	-69.375	7.125	VEN	
221011	1163	333	-69.375	6.875	VEN	
221012	1163	334	-69.375	6.625	VEN	
221013	1163	335	-69.375	6.375	VEN	
221393	1164	315	-69.125	11.375	VEN	
221394	1164	316	-69.125	11.125	VEN	
221395	1164	317	-69.125	10.875	VEN	
221396	1164	318	-69.125	10.625	VEN	
221397	1164	319	-69.125	10.375	VEN	
221398	1164	320	-69.125	10.125	VEN	
221399	1164	321	-69.125	9.875	VEN	
221400	1164	322	-69.125	9.625	VEN	
221401	1164	323	-69.125	9.375	VEN	
221402	1164	324	-69.125	9.125	VEN	
221403	1164	325	-69.125	8.875	VEN	
221404	1164	326	-69.125	8.625	VEN	
221405	1164	327	-69.125	8.375	VEN	
221406	1164	328	-69.125	8.125	VEN	
221407	1164	329	-69.125	7.875	VEN	
221408	1164	330	-69.125	7.625	VEN	
221409	1164	331	-69.125	7.375	VEN	
221410	1164	332	-69.125	7.125	VEN	
221411	1164	333	-69.125	6.875	VEN	
221412	1164	334	-69.125	6.625	VEN	
221413	1164	335	-69.125	6.375	VEN	
221787	1165	315	-68.875	11.375	VEN	
221788	1165	316	-68.875	11.125	VEN	
221789	1165	317	-68.875	10.875	VEN	
221790	1165	318	-68.875	10.625	VEN	
221791	1165	319	-68.875	10.375	VEN	
221792	1165	320	-68.875	10.125	VEN	
221793	1165	321	-68.875	9.875	VEN	
221794	1165	322	-68.875	9.625	VEN	
221795	1165	323	-68.875	9.375	VEN	
221796	1165	324	-68.875	9.125	VEN	
221797	1165	325	-68.875	8.875	VEN	
221798	1165	326	-68.875	8.625	VEN	
221799	1165	327	-68.875	8.375	VEN	
221800	1165	328	-68.875	8.125	VEN	
221801	1165	329	-68.875	7.875	VEN	
221802	1165	330	-68.875	7.625	VEN	
221803	1165	331	-68.875	7.375	VEN	
221804	1165	332	-68.875	7.125	VEN	
221805	1165	333	-68.875	6.875	VEN	
221806	1165	334	-68.875	6.625	VEN	
221807	1165	335	-68.875	6.375	VEN	
222178	1166	316	-68.625	11.125	VEN	
222179	1166	317	-68.625	10.875	VEN	
222180	1166	318	-68.625	10.625	VEN	
222181	1166	319	-68.625	10.375	VEN	
222182	1166	320	-68.625	10.125	VEN	
222183	1166	321	-68.625	9.875	VEN	
222184	1166	322	-68.625	9.625	VEN	
222185	1166	323	-68.625	9.375	VEN	
222186	1166	324	-68.625	9.125	VEN	
222187	1166	325	-68.625	8.875	VEN	
222188	1166	326	-68.625	8.625	VEN	
222189	1166	327	-68.625	8.375	VEN	
222190	1166	328	-68.625	8.125	VEN	
222191	1166	329	-68.625	7.875	VEN	
222192	1166	330	-68.625	7.625	VEN	
222193	1166	331	-68.625	7.375	VEN	
222194	1166	332	-68.625	7.125	VEN	
222195	1166	333	-68.625	6.875	VEN	
222196	1166	334	-68.625	6.625	VEN	
222197	1166	335	-68.625	6.375	VEN	
222567	1167	317	-68.375	10.875	VEN	
222568	1167	318	-68.375	10.625	VEN	
222569	1167	319	-68.375	10.375	VEN	
222570	1167	320	-68.375	10.125	VEN	
222571	1167	321	-68.375	9.875	VEN	
222572	1167	322	-68.375	9.625	VEN	
222573	1167	323	-68.375	9.375	VEN	
222574	1167	324	-68.375	9.125	VEN	
222575	1167	325	-68.375	8.875	VEN	
222576	1167	326	-68.375	8.625	VEN	
222577	1167	327	-68.375	8.375	VEN	
222578	1167	328	-68.375	8.125	VEN	
222579	1167	329	-68.375	7.875	VEN	
222580	1167	330	-68.375	7.625	VEN	
222581	1167	331	-68.375	7.375	VEN	
222582	1167	332	-68.375	7.125	VEN	
222583	1167	333	-68.375	6.875	VEN	
222584	1167	334	-68.375	6.625	VEN	
222585	1167	335	-68.375	6.375	VEN	
222955	1168	319	-68.125	10.375	VEN	
222956	1168	320	-68.125	10.125	VEN	
222957	1168	321	-68.125	9.875	VEN	
222958	1168	322	-68.125	9.625	VEN	
222959	1168	323	-68.125	9.375	VEN	
222960	1168	324	-68.125	9.125	VEN	
222961	1168	325	-68.125	8.875	VEN	
222962	1168	326	-68.125	8.625	VEN	
222963	1168	327	-68.125	8.375	VEN	
222964	1168	328	-68.125	8.125	VEN	
222965	1168	329	-68.125	7.875	VEN	
222966	1168	330	-68.125	7.625	VEN	
222967	1168	331	-68.125	7.375	VEN	
222968	1168	332	-68.125	7.125	VEN	
222969	1168	333	-68.125	6.875	VEN	
222970	1168	334	-68.125	6.625	VEN	
222971	1168	335	-68.125	6.375	VEN	
223333	1169	319	-67.875	10.375	VEN	
223334	1169	320	-67.875	10.125	VEN	
223335	1169	321	-67.875	9.875	VEN	
223336	1169	322	-67.875	9.625	VEN	
223337	1169	323	-67.875	9.375	VEN	
223338	1169	324	-67.875	9.125	VEN	
223339	1169	325	-67.875	8.875	VEN	
223340	1169	326	-67.875	8.625	VEN	
223341	1169	327	-67.875	8.375	VEN	
223342	1169	328	-67.875	8.125	VEN	
223343	1169	329	-67.875	7.875	VEN	
223344	1169	330	-67.875	7.625	VEN	
223345	1169	331	-67.875	7.375	VEN	
223346	1169	332	-67.875	7.125	VEN	
223347	1169	333	-67.875	6.875	VEN	
223348	1169	334	-67.875	6.625	VEN	
223349	1169	335	-67.875	6.375	VEN	
223705	1170	319	-67.625	10.375	VEN	
223706	1170	320	-67.625	10.125	VEN	
223707	1170	321	-67.625	9.875	VEN	
223708	1170	322	-67.625	9.625	VEN	
223709	1170	323	-67.625	9.375	VEN	
223710	1170	324	-67.625	9.125	VEN	
223711	1170	325	-67.625	8.875	VEN	
223712	1170	326	-67.625	8.625	VEN	
223713	1170	327	-67.625	8.375	VEN	
223714	1170	328	-67.625	8.125	VEN	
223715	1170	329	-67.625	7.875	VEN	
223716	1170	330	-67.625	7.625	VEN	
223717	1170	331	-67.625	7.375	VEN	
223718	1170	332	-67.625	7.125	VEN	
223719	1170	333	-67.625	6.875	VEN	
223720	1170	334	-67.625	6.625	VEN	
223721	1170	335	-67.625	6.375	VEN	
223724	1170	338	-67.625	5.625	VEN	
223725	1170	339	-67.625	5.375	VEN	
223726	1170	340	-67.625	5.125	VEN	
223727	1170	341	-67.625	4.875	VEN	
223728	1170	342	-67.625	4.625	VEN	
223729	1170	343	-67.625	4.375	VEN	
223730	1170	344	-67.625	4.125	VEN	
223731	1170	345	-67.625	3.875	VEN	
223735	1170	349	-67.625	2.875	VEN	
224079	1171	319	-67.375	10.375	VEN	
224080	1171	320	-67.375	10.125	VEN	
224081	1171	321	-67.375	9.875	VEN	
224082	1171	322	-67.375	9.625	VEN	
224083	1171	323	-67.375	9.375	VEN	
224084	1171	324	-67.375	9.125	VEN	
224085	1171	325	-67.375	8.875	VEN	
224086	1171	326	-67.375	8.625	VEN	
224087	1171	327	-67.375	8.375	VEN	
224088	1171	328	-67.375	8.125	VEN	
224089	1171	329	-67.375	7.875	VEN	
224090	1171	330	-67.375	7.625	VEN	
224091	1171	331	-67.375	7.375	VEN	
224092	1171	332	-67.375	7.125	VEN	
224093	1171	333	-67.375	6.875	VEN	
224094	1171	334	-67.375	6.625	VEN	
224095	1171	335	-67.375	6.375	VEN	
224096	1171	336	-67.375	6.125	VEN	
224097	1171	337	-67.375	5.875	VEN	
224098	1171	338	-67.375	5.625	VEN	
224099	1171	339	-67.375	5.375	VEN	
224100	1171	340	-67.375	5.125	VEN	
224101	1171	341	-67.375	4.875	VEN	
224102	1171	342	-67.375	4.625	VEN	
224103	1171	343	-67.375	4.375	VEN	
224104	1171	344	-67.375	4.125	VEN	
224105	1171	345	-67.375	3.875	VEN	
224106	1171	346	-67.375	3.625	VEN	
224108	1171	348	-67.375	3.125	VEN	
224109	1171	349	-67.375	2.875	VEN	
224110	1171	350	-67.375	2.625	VEN	
224443	1172	319	-67.125	10.375	VEN	
224444	1172	320	-67.125	10.125	VEN	
224445	1172	321	-67.125	9.875	VEN	
224446	1172	322	-67.125	9.625	VEN	
224447	1172	323	-67.125	9.375	VEN	
224448	1172	324	-67.125	9.125	VEN	
224449	1172	325	-67.125	8.875	VEN	
224450	1172	326	-67.125	8.625	VEN	
224451	1172	327	-67.125	8.375	VEN	
224452	1172	328	-67.125	8.125	VEN	
224453	1172	329	-67.125	7.875	VEN	
224454	1172	330	-67.125	7.625	VEN	
224455	1172	331	-67.125	7.375	VEN	
224456	1172	332	-67.125	7.125	VEN	
224457	1172	333	-67.125	6.875	VEN	
224458	1172	334	-67.125	6.625	VEN	
224459	1172	335	-67.125	6.375	VEN	
224460	1172	336	-67.125	6.125	VEN	
224461	1172	337	-67.125	5.875	VEN	
224462	1172	338	-67.125	5.625	VEN	
224463	1172	339	-67.125	5.375	VEN	
224464	1172	340	-67.125	5.125	VEN	
224465	1172	341	-67.125	4.875	VEN	
224466	1172	342	-67.125	4.625	VEN	
224467	1172	343	-67.125	4.375	VEN	
224468	1172	344	-67.125	4.125	VEN	
224469	1172	345	-67.125	3.875	VEN	
224470	1172	346	-67.125	3.625	VEN	
224471	1172	347	-67.125	3.375	VEN	
224472	1172	348	-67.125	3.125	VEN	
224473	1172	349	-67.125	2.875	VEN	
224474	1172	350	-67.125	2.625	VEN	
224475	1172	351	-67.125	2.375	VEN	
224476	1172	352	-67.125	2.125	VEN	
224805	1173	319	-66.875	10.375	VEN	
224806	1173	320	-66.875	10.125	VEN	
224807	1173	321	-66.875	9.875	VEN	
224808	1173	322	-66.875	9.625	VEN	
224809	1173	323	-66.875	9.375	VEN	
224810	1173	324	-66.875	9.125	VEN	
224811	1173	325	-66.875	8.875	VEN	
224812	1173	326	-66.875	8.625	VEN	
224813	1173	327	-66.875	8.375	VEN	
224814	1173	328	-66.875	8.125	VEN	
224815	1173	329	-66.875	7.875	VEN	
224816	1173	330	-66.875	7.625	VEN	
224817	1173	331	-66.875	7.375	VEN	
224818	1173	332	-66.875	7.125	VEN	
224819	1173	333	-66.875	6.875	VEN	
224820	1173	334	-66.875	6.625	VEN	
224821	1173	335	-66.875	6.375	VEN	
224822	1173	336	-66.875	6.125	VEN	
224823	1173	337	-66.875	5.875	VEN	
224824	1173	338	-66.875	5.625	VEN	
224825	1173	339	-66.875	5.375	VEN	
224826	1173	340	-66.875	5.125	VEN	
224827	1173	341	-66.875	4.875	VEN	
224828	1173	342	-66.875	4.625	VEN	
224829	1173	343	-66.875	4.375	VEN	
224830	1173	344	-66.875	4.125	VEN	
224831	1173	345	-66.875	3.875	VEN	
224832	1173	346	-66.875	3.625	VEN	
224833	1173	347	-66.875	3.375	VEN	
224834	1173	348	-66.875	3.125	VEN	
224835	1173	349	-66.875	2.875	VEN	
224836	1173	350	-66.875	2.625	VEN	
224837	1173	351	-66.875	2.375	VEN	
224838	1173	352	-66.875	2.125	VEN	
224839	1173	353	-66.875	1.875	VEN	
224840	1173	354	-66.875	1.625	VEN	
224841	1173	355	-66.875	1.375	VEN	
225163	1174	319	-66.625	10.375	VEN	
225164	1174	320	-66.625	10.125	VEN	
225165	1174	321	-66.625	9.875	VEN	
225166	1174	322	-66.625	9.625	VEN	
225167	1174	323	-66.625	9.375	VEN	
225168	1174	324	-66.625	9.125	VEN	
225169	1174	325	-66.625	8.875	VEN	
225170	1174	326	-66.625	8.625	VEN	
225171	1174	327	-66.625	8.375	VEN	
225172	1174	328	-66.625	8.125	VEN	
225173	1174	329	-66.625	7.875	VEN	
225174	1174	330	-66.625	7.625	VEN	
225175	1174	331	-66.625	7.375	VEN	
225176	1174	332	-66.625	7.125	VEN	
225177	1174	333	-66.625	6.875	VEN	
225178	1174	334	-66.625	6.625	VEN	
225179	1174	335	-66.625	6.375	VEN	
225180	1174	336	-66.625	6.125	VEN	
225181	1174	337	-66.625	5.875	VEN	
225182	1174	338	-66.625	5.625	VEN	
225183	1174	339	-66.625	5.375	VEN	
225184	1174	340	-66.625	5.125	VEN	
225185	1174	341	-66.625	4.875	VEN	
225186	1174	342	-66.625	4.625	VEN	
225187	1174	343	-66.625	4.375	VEN	
225188	1174	344	-66.625	4.125	VEN	
225189	1174	345	-66.625	3.875	VEN	
225190	1174	346	-66.625	3.625	VEN	
225191	1174	347	-66.625	3.375	VEN	
225192	1174	348	-66.625	3.125	VEN	
225193	1174	349	-66.625	2.875	VEN	
225194	1174	350	-66.625	2.625	VEN	
225195	1174	351	-66.625	2.375	VEN	
225196	1174	352	-66.625	2.125	VEN	
225197	1174	353	-66.625	1.875	VEN	
225198	1174	354	-66.625	1.625	VEN	
225199	1174	355	-66.625	1.375	VEN	
225200	1174	356	-66.625	1.125	VEN	
225514	1175	318	-66.375	10.625	VEN	
225515	1175	319	-66.375	10.375	VEN	
225516	1175	320	-66.375	10.125	VEN	
225517	1175	321	-66.375	9.875	VEN	
225518	1175	322	-66.375	9.625	VEN	
225519	1175	323	-66.375	9.375	VEN	
225520	1175	324	-66.375	9.125	VEN	
225521	1175	325	-66.375	8.875	VEN	
225522	1175	326	-66.375	8.625	VEN	
225523	1175	327	-66.375	8.375	VEN	
225524	1175	328	-66.375	8.125	VEN	
225525	1175	329	-66.375	7.875	VEN	
225526	1175	330	-66.375	7.625	VEN	
225527	1175	331	-66.375	7.375	VEN	
225528	1175	332	-66.375	7.125	VEN	
225529	1175	333	-66.375	6.875	VEN	
225530	1175	334	-66.375	6.625	VEN	
225531	1175	335	-66.375	6.375	VEN	
225532	1175	336	-66.375	6.125	VEN	
225533	1175	337	-66.375	5.875	VEN	
225534	1175	338	-66.375	5.625	VEN	
225535	1175	339	-66.375	5.375	VEN	
225536	1175	340	-66.375	5.125	VEN	
225537	1175	341	-66.375	4.875	VEN	
225538	1175	342	-66.375	4.625	VEN	
225539	1175	343	-66.375	4.375	VEN	
225540	1175	344	-66.375	4.125	VEN	
225541	1175	345	-66.375	3.875	VEN	
225542	1175	346	-66.375	3.625	VEN	
225543	1175	347	-66.375	3.375	VEN	
225544	1175	348	-66.375	3.125	VEN	
225545	1175	349	-66.375	2.875	VEN	
225546	1175	350	-66.375	2.625	VEN	
225547	1175	351	-66.375	2.375	VEN	
225548	1175	352	-66.375	2.125	VEN	
225549	1175	353	-66.375	1.875	VEN	
225550	1175	354	-66.375	1.625	VEN	
225551	1175	355	-66.375	1.375	VEN	
225552	1175	356	-66.375	1.125	VEN	
225553	1175	357	-66.375	0.875	VEN	
225861	1176	319	-66.125	10.375	VEN	
225862	1176	320	-66.125	10.125	VEN	
225863	1176	321	-66.125	9.875	VEN	
225864	1176	322	-66.125	9.625	VEN	
225865	1176	323	-66.125	9.375	VEN	
225866	1176	324	-66.125	9.125	VEN	
225867	1176	325	-66.125	8.875	VEN	
225868	1176	326	-66.125	8.625	VEN	
225869	1176	327	-66.125	8.375	VEN	
225870	1176	328	-66.125	8.125	VEN	
225871	1176	329	-66.125	7.875	VEN	
225872	1176	330	-66.125	7.625	VEN	
225873	1176	331	-66.125	7.375	VEN	
225874	1176	332	-66.125	7.125	VEN	
225875	1176	333	-66.125	6.875	VEN	
225876	1176	334	-66.125	6.625	VEN	
225877	1176	335	-66.125	6.375	VEN	
225878	1176	336	-66.125	6.125	VEN	
225879	1176	337	-66.125	5.875	VEN	
225880	1176	338	-66.125	5.625	VEN	
225881	1176	339	-66.125	5.375	VEN	
225882	1176	340	-66.125	5.125	VEN	
225883	1176	341	-66.125	4.875	VEN	
225884	1176	342	-66.125	4.625	VEN	
225885	1176	343	-66.125	4.375	VEN	
225886	1176	344	-66.125	4.125	VEN	
225887	1176	345	-66.125	3.875	VEN	
225888	1176	346	-66.125	3.625	VEN	
225889	1176	347	-66.125	3.375	VEN	
225890	1176	348	-66.125	3.125	VEN	
225891	1176	349	-66.125	2.875	VEN	
225892	1176	350	-66.125	2.625	VEN	
225893	1176	351	-66.125	2.375	VEN	
225894	1176	352	-66.125	2.125	VEN	
225895	1176	353	-66.125	1.875	VEN	
225896	1176	354	-66.125	1.625	VEN	
225897	1176	355	-66.125	1.375	VEN	
225898	1176	356	-66.125	1.125	VEN	
225899	1176	357	-66.125	0.875	VEN	
226206	1177	320	-65.875	10.125	VEN	
226207	1177	321	-65.875	9.875	VEN	
226208	1177	322	-65.875	9.625	VEN	
226209	1177	323	-65.875	9.375	VEN	
226210	1177	324	-65.875	9.125	VEN	
226211	1177	325	-65.875	8.875	VEN	
226212	1177	326	-65.875	8.625	VEN	
226213	1177	327	-65.875	8.375	VEN	
226214	1177	328	-65.875	8.125	VEN	
226215	1177	329	-65.875	7.875	VEN	
226216	1177	330	-65.875	7.625	VEN	
226217	1177	331	-65.875	7.375	VEN	
226218	1177	332	-65.875	7.125	VEN	
226219	1177	333	-65.875	6.875	VEN	
226220	1177	334	-65.875	6.625	VEN	
226221	1177	335	-65.875	6.375	VEN	
226222	1177	336	-65.875	6.125	VEN	
226223	1177	337	-65.875	5.875	VEN	
226224	1177	338	-65.875	5.625	VEN	
226225	1177	339	-65.875	5.375	VEN	
226226	1177	340	-65.875	5.125	VEN	
226227	1177	341	-65.875	4.875	VEN	
226228	1177	342	-65.875	4.625	VEN	
226229	1177	343	-65.875	4.375	VEN	
226230	1177	344	-65.875	4.125	VEN	
226231	1177	345	-65.875	3.875	VEN	
226232	1177	346	-65.875	3.625	VEN	
226233	1177	347	-65.875	3.375	VEN	
226234	1177	348	-65.875	3.125	VEN	
226235	1177	349	-65.875	2.875	VEN	
226236	1177	350	-65.875	2.625	VEN	
226237	1177	351	-65.875	2.375	VEN	
226238	1177	352	-65.875	2.125	VEN	
226239	1177	353	-65.875	1.875	VEN	
226240	1177	354	-65.875	1.625	VEN	
226241	1177	355	-65.875	1.375	VEN	
226242	1177	356	-65.875	1.125	VEN	
226548	1178	320	-65.625	10.125	VEN	
226549	1178	321	-65.625	9.875	VEN	
226550	1178	322	-65.625	9.625	VEN	
226551	1178	323	-65.625	9.375	VEN	
226552	1178	324	-65.625	9.125	VEN	
226553	1178	325	-65.625	8.875	VEN	
226554	1178	326	-65.625	8.625	VEN	
226555	1178	327	-65.625	8.375	VEN	
226556	1178	328	-65.625	8.125	VEN	
226557	1178	329	-65.625	7.875	VEN	
226558	1178	330	-65.625	7.625	VEN	
226559	1178	331	-65.625	7.375	VEN	
226560	1178	332	-65.625	7.125	VEN	
226561	1178	333	-65.625	6.875	VEN	
226562	1178	334	-65.625	6.625	VEN	
226563	1178	335	-65.625	6.375	VEN	
226564	1178	336	-65.625	6.125	VEN	
226565	1178	337	-65.625	5.875	VEN	
226566	1178	338	-65.625	5.625	VEN	
226567	1178	339	-65.625	5.375	VEN	
226568	1178	340	-65.625	5.125	VEN	
226569	1178	341	-65.625	4.875	VEN	
226570	1178	342	-65.625	4.625	VEN	
226571	1178	343	-65.625	4.375	VEN	
226572	1178	344	-65.625	4.125	VEN	
226573	1178	345	-65.625	3.875	VEN	
226574	1178	346	-65.625	3.625	VEN	
226575	1178	347	-65.625	3.375	VEN	
226576	1178	348	-65.625	3.125	VEN	
226577	1178	349	-65.625	2.875	VEN	
226578	1178	350	-65.625	2.625	VEN	
226579	1178	351	-65.625	2.375	VEN	
226580	1178	352	-65.625	2.125	VEN	
226581	1178	353	-65.625	1.875	VEN	
226582	1178	354	-65.625	1.625	VEN	
226583	1178	355	-65.625	1.375	VEN	
226584	1178	356	-65.625	1.125	VEN	
226892	1179	320	-65.375	10.125	VEN	
226893	1179	321	-65.375	9.875	VEN	
226894	1179	322	-65.375	9.625	VEN	
226895	1179	323	-65.375	9.375	VEN	
226896	1179	324	-65.375	9.125	VEN	
226897	1179	325	-65.375	8.875	VEN	
226898	1179	326	-65.375	8.625	VEN	
226899	1179	327	-65.375	8.375	VEN	
226900	1179	328	-65.375	8.125	VEN	
226901	1179	329	-65.375	7.875	VEN	
226902	1179	330	-65.375	7.625	VEN	
226903	1179	331	-65.375	7.375	VEN	
226904	1179	332	-65.375	7.125	VEN	
226905	1179	333	-65.375	6.875	VEN	
226906	1179	334	-65.375	6.625	VEN	
226907	1179	335	-65.375	6.375	VEN	
226908	1179	336	-65.375	6.125	VEN	
226909	1179	337	-65.375	5.875	VEN	
226910	1179	338	-65.375	5.625	VEN	
226911	1179	339	-65.375	5.375	VEN	
226912	1179	340	-65.375	5.125	VEN	
226913	1179	341	-65.375	4.875	VEN	
226914	1179	342	-65.375	4.625	VEN	
226915	1179	343	-65.375	4.375	VEN	
226916	1179	344	-65.375	4.125	VEN	
226917	1179	345	-65.375	3.875	VEN	
226918	1179	346	-65.375	3.625	VEN	
226919	1179	347	-65.375	3.375	VEN	
226920	1179	348	-65.375	3.125	VEN	
226921	1179	349	-65.375	2.875	VEN	
226922	1179	350	-65.375	2.625	VEN	
226923	1179	351	-65.375	2.375	VEN	
226924	1179	352	-65.375	2.125	VEN	
226925	1179	353	-65.375	1.875	VEN	
226926	1179	354	-65.375	1.625	VEN	
226927	1179	355	-65.375	1.375	VEN	
226928	1179	356	-65.375	1.125	VEN	
226929	1179	357	-65.375	0.875	VEN	
227229	1180	321	-65.125	9.875	VEN	
227230	1180	322	-65.125	9.625	VEN	
227231	1180	323	-65.125	9.375	VEN	
227232	1180	324	-65.125	9.125	VEN	
227233	1180	325	-65.125	8.875	VEN	
227234	1180	326	-65.125	8.625	VEN	
227235	1180	327	-65.125	8.375	VEN	
227236	1180	328	-65.125	8.125	VEN	
227237	1180	329	-65.125	7.875	VEN	
227238	1180	330	-65.125	7.625	VEN	
227239	1180	331	-65.125	7.375	VEN	
227240	1180	332	-65.125	7.125	VEN	
227241	1180	333	-65.125	6.875	VEN	
227242	1180	334	-65.125	6.625	VEN	
227243	1180	335	-65.125	6.375	VEN	
227244	1180	336	-65.125	6.125	VEN	
227245	1180	337	-65.125	5.875	VEN	
227246	1180	338	-65.125	5.625	VEN	
227247	1180	339	-65.125	5.375	VEN	
227248	1180	340	-65.125	5.125	VEN	
227249	1180	341	-65.125	4.875	VEN	
227250	1180	342	-65.125	4.625	VEN	
227251	1180	343	-65.125	4.375	VEN	
227252	1180	344	-65.125	4.125	VEN	
227253	1180	345	-65.125	3.875	VEN	
227254	1180	346	-65.125	3.625	VEN	
227255	1180	347	-65.125	3.375	VEN	
227256	1180	348	-65.125	3.125	VEN	
227257	1180	349	-65.125	2.875	VEN	
227258	1180	350	-65.125	2.625	VEN	
227259	1180	351	-65.125	2.375	VEN	
227260	1180	352	-65.125	2.125	VEN	
227261	1180	353	-65.125	1.875	VEN	
227262	1180	354	-65.125	1.625	VEN	
227263	1180	355	-65.125	1.375	VEN	
227264	1180	356	-65.125	1.125	VEN	
227571	1181	321	-64.875	9.875	VEN	
227572	1181	322	-64.875	9.625	VEN	
227573	1181	323	-64.875	9.375	VEN	
227574	1181	324	-64.875	9.125	VEN	
227575	1181	325	-64.875	8.875	VEN	
227576	1181	326	-64.875	8.625	VEN	
227577	1181	327	-64.875	8.375	VEN	
227578	1181	328	-64.875	8.125	VEN	
227579	1181	329	-64.875	7.875	VEN	
227580	1181	330	-64.875	7.625	VEN	
227581	1181	331	-64.875	7.375	VEN	
227582	1181	332	-64.875	7.125	VEN	
227583	1181	333	-64.875	6.875	VEN	
227584	1181	334	-64.875	6.625	VEN	
227585	1181	335	-64.875	6.375	VEN	
227586	1181	336	-64.875	6.125	VEN	
227587	1181	337	-64.875	5.875	VEN	
227588	1181	338	-64.875	5.625	VEN	
227589	1181	339	-64.875	5.375	VEN	
227590	1181	340	-64.875	5.125	VEN	
227591	1181	341	-64.875	4.875	VEN	
227592	1181	342	-64.875	4.625	VEN	
227593	1181	343	-64.875	4.375	VEN	
227594	1181	344	-64.875	4.125	VEN	
227595	1181	345	-64.875	3.875	VEN	
227596	1181	346	-64.875	3.625	VEN	
227597	1181	347	-64.875	3.375	VEN	
227598	1181	348	-64.875	3.125	VEN	
227599	1181	349	-64.875	2.875	VEN	
227600	1181	350	-64.875	2.625	VEN	
227601	1181	351	-64.875	2.375	VEN	
227602	1181	352	-64.875	2.125	VEN	
227603	1181	353	-64.875	1.875	VEN	
227604	1181	354	-64.875	1.625	VEN	
227605	1181	355	-64.875	1.375	VEN	
227902	1182	320	-64.625	10.125	VEN	
227903	1182	321	-64.625	9.875	VEN	
227904	1182	322	-64.625	9.625	VEN	
227905	1182	323	-64.625	9.375	VEN	
227906	1182	324	-64.625	9.125	VEN	
227907	1182	325	-64.625	8.875	VEN	
227908	1182	326	-64.625	8.625	VEN	
227909	1182	327	-64.625	8.375	VEN	
227910	1182	328	-64.625	8.125	VEN	
227911	1182	329	-64.625	7.875	VEN	
227912	1182	330	-64.625	7.625	VEN	
227913	1182	331	-64.625	7.375	VEN	
227914	1182	332	-64.625	7.125	VEN	
227915	1182	333	-64.625	6.875	VEN	
227916	1182	334	-64.625	6.625	VEN	
227917	1182	335	-64.625	6.375	VEN	
227918	1182	336	-64.625	6.125	VEN	
227919	1182	337	-64.625	5.875	VEN	
227920	1182	338	-64.625	5.625	VEN	
227921	1182	339	-64.625	5.375	VEN	
227922	1182	340	-64.625	5.125	VEN	
227923	1182	341	-64.625	4.875	VEN	
227924	1182	342	-64.625	4.625	VEN	
227925	1182	343	-64.625	4.375	VEN	
227927	1182	345	-64.625	3.875	VEN	
227928	1182	346	-64.625	3.625	VEN	
227929	1182	347	-64.625	3.375	VEN	
227930	1182	348	-64.625	3.125	VEN	
227931	1182	349	-64.625	2.875	VEN	
227932	1182	350	-64.625	2.625	VEN	
227933	1182	351	-64.625	2.375	VEN	
227934	1182	352	-64.625	2.125	VEN	
227935	1182	353	-64.625	1.875	VEN	
227936	1182	354	-64.625	1.625	VEN	
227937	1182	355	-64.625	1.375	VEN	
228220	1183	320	-64.375	10.125	VEN	
228221	1183	321	-64.375	9.875	VEN	
228222	1183	322	-64.375	9.625	VEN	
228223	1183	323	-64.375	9.375	VEN	
228224	1183	324	-64.375	9.125	VEN	
228225	1183	325	-64.375	8.875	VEN	
228226	1183	326	-64.375	8.625	VEN	
228227	1183	327	-64.375	8.375	VEN	
228228	1183	328	-64.375	8.125	VEN	
228229	1183	329	-64.375	7.875	VEN	
228230	1183	330	-64.375	7.625	VEN	
228231	1183	331	-64.375	7.375	VEN	
228232	1183	332	-64.375	7.125	VEN	
228233	1183	333	-64.375	6.875	VEN	
228234	1183	334	-64.375	6.625	VEN	
228235	1183	335	-64.375	6.375	VEN	
228236	1183	336	-64.375	6.125	VEN	
228237	1183	337	-64.375	5.875	VEN	
228238	1183	338	-64.375	5.625	VEN	
228239	1183	339	-64.375	5.375	VEN	
228240	1183	340	-64.375	5.125	VEN	
228241	1183	341	-64.375	4.875	VEN	
228242	1183	342	-64.375	4.625	VEN	
228243	1183	343	-64.375	4.375	VEN	
228246	1183	346	-64.375	3.625	VEN	
228247	1183	347	-64.375	3.375	VEN	
228248	1183	348	-64.375	3.125	VEN	
228249	1183	349	-64.375	2.875	VEN	
228250	1183	350	-64.375	2.625	VEN	
228251	1183	351	-64.375	2.375	VEN	
228252	1183	352	-64.375	2.125	VEN	
228253	1183	353	-64.375	1.875	VEN	
228254	1183	354	-64.375	1.625	VEN	
228536	1184	318	-64.125	10.625	VEN	
228537	1184	319	-64.125	10.375	VEN	
228538	1184	320	-64.125	10.125	VEN	
228539	1184	321	-64.125	9.875	VEN	
228540	1184	322	-64.125	9.625	VEN	
228541	1184	323	-64.125	9.375	VEN	
228542	1184	324	-64.125	9.125	VEN	
228543	1184	325	-64.125	8.875	VEN	
228544	1184	326	-64.125	8.625	VEN	
228545	1184	327	-64.125	8.375	VEN	
228546	1184	328	-64.125	8.125	VEN	
228547	1184	329	-64.125	7.875	VEN	
228548	1184	330	-64.125	7.625	VEN	
228549	1184	331	-64.125	7.375	VEN	
228550	1184	332	-64.125	7.125	VEN	
228551	1184	333	-64.125	6.875	VEN	
228552	1184	334	-64.125	6.625	VEN	
228553	1184	335	-64.125	6.375	VEN	
228554	1184	336	-64.125	6.125	VEN	
228555	1184	337	-64.125	5.875	VEN	
228556	1184	338	-64.125	5.625	VEN	
228557	1184	339	-64.125	5.375	VEN	
228558	1184	340	-64.125	5.125	VEN	
228559	1184	341	-64.125	4.875	VEN	
228560	1184	342	-64.125	4.625	VEN	
228561	1184	343	-64.125	4.375	VEN	
228562	1184	344	-64.125	4.125	VEN	
228567	1184	349	-64.125	2.875	VEN	
228568	1184	350	-64.125	2.625	VEN	
228569	1184	351	-64.125	2.375	VEN	
228570	1184	352	-64.125	2.125	VEN	
228571	1184	353	-64.125	1.875	VEN	
228572	1184	354	-64.125	1.625	VEN	
228846	1185	318	-63.875	10.625	VEN	
228847	1185	319	-63.875	10.375	VEN	
228848	1185	320	-63.875	10.125	VEN	
228849	1185	321	-63.875	9.875	VEN	
228850	1185	322	-63.875	9.625	VEN	
228851	1185	323	-63.875	9.375	VEN	
228852	1185	324	-63.875	9.125	VEN	
228853	1185	325	-63.875	8.875	VEN	
228854	1185	326	-63.875	8.625	VEN	
228855	1185	327	-63.875	8.375	VEN	
228856	1185	328	-63.875	8.125	VEN	
228857	1185	329	-63.875	7.875	VEN	
228858	1185	330	-63.875	7.625	VEN	
228859	1185	331	-63.875	7.375	VEN	
228860	1185	332	-63.875	7.125	VEN	
228861	1185	333	-63.875	6.875	VEN	
228862	1185	334	-63.875	6.625	VEN	
228863	1185	335	-63.875	6.375	VEN	
228864	1185	336	-63.875	6.125	VEN	
228865	1185	337	-63.875	5.875	VEN	
228866	1185	338	-63.875	5.625	VEN	
228867	1185	339	-63.875	5.375	VEN	
228868	1185	340	-63.875	5.125	VEN	
228869	1185	341	-63.875	4.875	VEN	
228870	1185	342	-63.875	4.625	VEN	
228871	1185	343	-63.875	4.375	VEN	
228872	1185	344	-63.875	4.125	VEN	
228879	1185	351	-63.875	2.375	VEN	
228880	1185	352	-63.875	2.125	VEN	
229156	1186	318	-63.625	10.625	VEN	
229157	1186	319	-63.625	10.375	VEN	
229158	1186	320	-63.625	10.125	VEN	
229159	1186	321	-63.625	9.875	VEN	
229160	1186	322	-63.625	9.625	VEN	
229161	1186	323	-63.625	9.375	VEN	
229162	1186	324	-63.625	9.125	VEN	
229163	1186	325	-63.625	8.875	VEN	
229164	1186	326	-63.625	8.625	VEN	
229165	1186	327	-63.625	8.375	VEN	
229166	1186	328	-63.625	8.125	VEN	
229167	1186	329	-63.625	7.875	VEN	
229168	1186	330	-63.625	7.625	VEN	
229169	1186	331	-63.625	7.375	VEN	
229170	1186	332	-63.625	7.125	VEN	
229171	1186	333	-63.625	6.875	VEN	
229172	1186	334	-63.625	6.625	VEN	
229173	1186	335	-63.625	6.375	VEN	
229174	1186	336	-63.625	6.125	VEN	
229175	1186	337	-63.625	5.875	VEN	
229176	1186	338	-63.625	5.625	VEN	
229177	1186	339	-63.625	5.375	VEN	
229178	1186	340	-63.625	5.125	VEN	
229179	1186	341	-63.625	4.875	VEN	
229180	1186	342	-63.625	4.625	VEN	
229181	1186	343	-63.625	4.375	VEN	
229182	1186	344	-63.625	4.125	VEN	
229189	1186	351	-63.625	2.375	VEN	
229190	1186	352	-63.625	2.125	VEN	
229458	1187	318	-63.375	10.625	VEN	
229459	1187	319	-63.375	10.375	VEN	
229460	1187	320	-63.375	10.125	VEN	
229461	1187	321	-63.375	9.875	VEN	
229462	1187	322	-63.375	9.625	VEN	
229463	1187	323	-63.375	9.375	VEN	
229464	1187	324	-63.375	9.125	VEN	
229465	1187	325	-63.375	8.875	VEN	
229466	1187	326	-63.375	8.625	VEN	
229467	1187	327	-63.375	8.375	VEN	
229468	1187	328	-63.375	8.125	VEN	
229469	1187	329	-63.375	7.875	VEN	
229470	1187	330	-63.375	7.625	VEN	
229471	1187	331	-63.375	7.375	VEN	
229472	1187	332	-63.375	7.125	VEN	
229473	1187	333	-63.375	6.875	VEN	
229474	1187	334	-63.375	6.625	VEN	
229475	1187	335	-63.375	6.375	VEN	
229476	1187	336	-63.375	6.125	VEN	
229477	1187	337	-63.375	5.875	VEN	
229478	1187	338	-63.375	5.625	VEN	
229479	1187	339	-63.375	5.375	VEN	
229480	1187	340	-63.375	5.125	VEN	
229481	1187	341	-63.375	4.875	VEN	
229482	1187	342	-63.375	4.625	VEN	
229483	1187	343	-63.375	4.375	VEN	
229484	1187	344	-63.375	4.125	VEN	
229756	1188	318	-63.125	10.625	VEN	
229757	1188	319	-63.125	10.375	VEN	
229758	1188	320	-63.125	10.125	VEN	
229759	1188	321	-63.125	9.875	VEN	
229760	1188	322	-63.125	9.625	VEN	
229761	1188	323	-63.125	9.375	VEN	
229762	1188	324	-63.125	9.125	VEN	
229763	1188	325	-63.125	8.875	VEN	
229764	1188	326	-63.125	8.625	VEN	
229765	1188	327	-63.125	8.375	VEN	
229766	1188	328	-63.125	8.125	VEN	
229767	1188	329	-63.125	7.875	VEN	
229768	1188	330	-63.125	7.625	VEN	
229769	1188	331	-63.125	7.375	VEN	
229770	1188	332	-63.125	7.125	VEN	
229771	1188	333	-63.125	6.875	VEN	
229772	1188	334	-63.125	6.625	VEN	
229773	1188	335	-63.125	6.375	VEN	
229774	1188	336	-63.125	6.125	VEN	
229775	1188	337	-63.125	5.875	VEN	
229776	1188	338	-63.125	5.625	VEN	
229777	1188	339	-63.125	5.375	VEN	
229778	1188	340	-63.125	5.125	VEN	
229779	1188	341	-63.125	4.875	VEN	
229780	1188	342	-63.125	4.625	VEN	
229781	1188	343	-63.125	4.375	VEN	
229782	1188	344	-63.125	4.125	VEN	
229783	1188	345	-63.125	3.875	VEN	
230048	1189	318	-62.875	10.625	VEN	
230049	1189	319	-62.875	10.375	VEN	
230050	1189	320	-62.875	10.125	VEN	
230051	1189	321	-62.875	9.875	VEN	
230052	1189	322	-62.875	9.625	VEN	
230053	1189	323	-62.875	9.375	VEN	
230054	1189	324	-62.875	9.125	VEN	
230055	1189	325	-62.875	8.875	VEN	
230056	1189	326	-62.875	8.625	VEN	
230057	1189	327	-62.875	8.375	VEN	
230058	1189	328	-62.875	8.125	VEN	
230059	1189	329	-62.875	7.875	VEN	
230060	1189	330	-62.875	7.625	VEN	
230061	1189	331	-62.875	7.375	VEN	
230062	1189	332	-62.875	7.125	VEN	
230063	1189	333	-62.875	6.875	VEN	
230064	1189	334	-62.875	6.625	VEN	
230065	1189	335	-62.875	6.375	VEN	
230066	1189	336	-62.875	6.125	VEN	
230067	1189	337	-62.875	5.875	VEN	
230068	1189	338	-62.875	5.625	VEN	
230069	1189	339	-62.875	5.375	VEN	
230070	1189	340	-62.875	5.125	VEN	
230071	1189	341	-62.875	4.875	VEN	
230072	1189	342	-62.875	4.625	VEN	
230073	1189	343	-62.875	4.375	VEN	
230074	1189	344	-62.875	4.125	VEN	
230075	1189	345	-62.875	3.875	VEN	
230076	1189	346	-62.875	3.625	VEN	
230340	1190	318	-62.625	10.625	VEN	
230343	1190	321	-62.625	9.875	VEN	
230344	1190	322	-62.625	9.625	VEN	
230345	1190	323	-62.625	9.375	VEN	
230346	1190	324	-62.625	9.125	VEN	
230347	1190	325	-62.625	8.875	VEN	
230348	1190	326	-62.625	8.625	VEN	
230349	1190	327	-62.625	8.375	VEN	
230350	1190	328	-62.625	8.125	VEN	
230351	1190	329	-62.625	7.875	VEN	
230352	1190	330	-62.625	7.625	VEN	
230353	1190	331	-62.625	7.375	VEN	
230354	1190	332	-62.625	7.125	VEN	
230355	1190	333	-62.625	6.875	VEN	
230356	1190	334	-62.625	6.625	VEN	
230357	1190	335	-62.625	6.375	VEN	
230358	1190	336	-62.625	6.125	VEN	
230359	1190	337	-62.625	5.875	VEN	
230360	1190	338	-62.625	5.625	VEN	
230361	1190	339	-62.625	5.375	VEN	
230362	1190	340	-62.625	5.125	VEN	
230363	1190	341	-62.625	4.875	VEN	
230364	1190	342	-62.625	4.625	VEN	
230365	1190	343	-62.625	4.375	VEN	
230366	1190	344	-62.625	4.125	VEN	
230626	1191	318	-62.375	10.625	VEN	
230628	1191	322	-62.375	9.625	VEN	
230629	1191	323	-62.375	9.375	VEN	
230630	1191	324	-62.375	9.125	VEN	
230631	1191	325	-62.375	8.875	VEN	
230632	1191	326	-62.375	8.625	VEN	
230633	1191	327	-62.375	8.375	VEN	
230634	1191	328	-62.375	8.125	VEN	
230635	1191	329	-62.375	7.875	VEN	
230636	1191	330	-62.375	7.625	VEN	
230637	1191	331	-62.375	7.375	VEN	
230638	1191	332	-62.375	7.125	VEN	
230639	1191	333	-62.375	6.875	VEN	
230640	1191	334	-62.375	6.625	VEN	
230641	1191	335	-62.375	6.375	VEN	
230642	1191	336	-62.375	6.125	VEN	
230643	1191	337	-62.375	5.875	VEN	
230644	1191	338	-62.375	5.625	VEN	
230645	1191	339	-62.375	5.375	VEN	
230646	1191	340	-62.375	5.125	VEN	
230647	1191	341	-62.375	4.875	VEN	
230648	1191	342	-62.375	4.625	VEN	
230649	1191	343	-62.375	4.375	VEN	
230909	1192	321	-62.125	9.875	VEN	
230910	1192	322	-62.125	9.625	VEN	
230911	1192	323	-62.125	9.375	VEN	
230912	1192	324	-62.125	9.125	VEN	
230913	1192	325	-62.125	8.875	VEN	
230914	1192	326	-62.125	8.625	VEN	
230915	1192	327	-62.125	8.375	VEN	
230916	1192	328	-62.125	8.125	VEN	
230917	1192	329	-62.125	7.875	VEN	
230918	1192	330	-62.125	7.625	VEN	
230919	1192	331	-62.125	7.375	VEN	
230920	1192	332	-62.125	7.125	VEN	
230921	1192	333	-62.125	6.875	VEN	
230922	1192	334	-62.125	6.625	VEN	
230923	1192	335	-62.125	6.375	VEN	
230924	1192	336	-62.125	6.125	VEN	
230925	1192	337	-62.125	5.875	VEN	
230926	1192	338	-62.125	5.625	VEN	
230927	1192	339	-62.125	5.375	VEN	
230928	1192	340	-62.125	5.125	VEN	
230929	1192	341	-62.125	4.875	VEN	
230930	1192	342	-62.125	4.625	VEN	
230931	1192	343	-62.125	4.375	VEN	
230932	1192	344	-62.125	4.125	VEN	
231188	1193	322	-61.875	9.625	VEN	
231189	1193	323	-61.875	9.375	VEN	
231190	1193	324	-61.875	9.125	VEN	
231191	1193	325	-61.875	8.875	VEN	
231192	1193	326	-61.875	8.625	VEN	
231193	1193	327	-61.875	8.375	VEN	
231194	1193	328	-61.875	8.125	VEN	
231195	1193	329	-61.875	7.875	VEN	
231196	1193	330	-61.875	7.625	VEN	
231197	1193	331	-61.875	7.375	VEN	
231198	1193	332	-61.875	7.125	VEN	
231199	1193	333	-61.875	6.875	VEN	
231200	1193	334	-61.875	6.625	VEN	
231201	1193	335	-61.875	6.375	VEN	
231202	1193	336	-61.875	6.125	VEN	
231203	1193	337	-61.875	5.875	VEN	
231204	1193	338	-61.875	5.625	VEN	
231205	1193	339	-61.875	5.375	VEN	
231206	1193	340	-61.875	5.125	VEN	
231207	1193	341	-61.875	4.875	VEN	
231208	1193	342	-61.875	4.625	VEN	
231209	1193	343	-61.875	4.375	VEN	
231460	1194	322	-61.625	9.625	VEN	
231461	1194	323	-61.625	9.375	VEN	
231462	1194	324	-61.625	9.125	VEN	
231463	1194	325	-61.625	8.875	VEN	
231464	1194	326	-61.625	8.625	VEN	
231465	1194	327	-61.625	8.375	VEN	
231466	1194	328	-61.625	8.125	VEN	
231467	1194	329	-61.625	7.875	VEN	
231468	1194	330	-61.625	7.625	VEN	
231469	1194	331	-61.625	7.375	VEN	
231470	1194	332	-61.625	7.125	VEN	
231471	1194	333	-61.625	6.875	VEN	
231472	1194	334	-61.625	6.625	VEN	
231473	1194	335	-61.625	6.375	VEN	
231474	1194	336	-61.625	6.125	VEN	
231475	1194	337	-61.625	5.875	VEN	
231476	1194	338	-61.625	5.625	VEN	
231477	1194	339	-61.625	5.375	VEN	
231478	1194	340	-61.625	5.125	VEN	
231479	1194	341	-61.625	4.875	VEN	
231480	1194	342	-61.625	4.625	VEN	
231481	1194	343	-61.625	4.375	VEN	
231734	1195	322	-61.375	9.625	VEN	
231735	1195	323	-61.375	9.375	VEN	
231736	1195	324	-61.375	9.125	VEN	
231737	1195	325	-61.375	8.875	VEN	
231738	1195	326	-61.375	8.625	VEN	
231739	1195	327	-61.375	8.375	VEN	
231740	1195	328	-61.375	8.125	VEN	
231741	1195	329	-61.375	7.875	VEN	
231742	1195	330	-61.375	7.625	VEN	
231743	1195	331	-61.375	7.375	VEN	
231744	1195	332	-61.375	7.125	VEN	
231745	1195	333	-61.375	6.875	VEN	
231746	1195	334	-61.375	6.625	VEN	
231747	1195	335	-61.375	6.375	VEN	
231748	1195	336	-61.375	6.125	VEN	
231749	1195	337	-61.375	5.875	VEN	
231750	1195	338	-61.375	5.625	VEN	
231751	1195	339	-61.375	5.375	VEN	
231752	1195	340	-61.375	5.125	VEN	
231753	1195	341	-61.375	4.875	VEN	
231754	1195	342	-61.375	4.625	VEN	
232007	1196	323	-61.125	9.375	VEN	
232008	1196	324	-61.125	9.125	VEN	
232009	1196	325	-61.125	8.875	VEN	
232011	1196	327	-61.125	8.375	VEN	
232012	1196	328	-61.125	8.125	VEN	
232013	1196	329	-61.125	7.875	VEN	
232014	1196	330	-61.125	7.625	VEN	
232015	1196	331	-61.125	7.375	VEN	
232016	1196	332	-61.125	7.125	VEN	
232017	1196	333	-61.125	6.875	VEN	
232022	1196	338	-61.125	5.625	VEN	
232023	1196	339	-61.125	5.375	VEN	
232024	1196	340	-61.125	5.125	VEN	
232025	1196	341	-61.125	4.875	VEN	
232026	1196	342	-61.125	4.625	VEN	
232261	1197	323	-60.875	9.375	VEN	
232262	1197	324	-60.875	9.125	VEN	
232265	1197	327	-60.875	8.375	VEN	
232266	1197	328	-60.875	8.125	VEN	
232267	1197	329	-60.875	7.875	VEN	
232268	1197	330	-60.875	7.625	VEN	
232269	1197	331	-60.875	7.375	VEN	
232270	1197	332	-60.875	7.125	VEN	
232271	1197	333	-60.875	6.875	VEN	
232278	1197	340	-60.875	5.125	VEN	
232279	1197	341	-60.875	4.875	VEN	
232523	1198	327	-60.625	8.375	VEN	
232524	1198	328	-60.625	8.125	VEN	
232525	1198	329	-60.625	7.875	VEN	
232528	1198	332	-60.625	7.125	VEN	
232529	1198	333	-60.625	6.875	VEN	
232777	1199	327	-60.375	8.375	VEN	
232778	1199	328	-60.375	8.125	VEN	
232779	1199	329	-60.375	7.875	VEN	
232782	1199	332	-60.375	7.125	VEN	
233033	1200	327	-60.125	8.375	VEN	
233034	1200	328	-60.125	8.125	VEN	
