Model	Date	Time	WxFile	Long	Lat	JdStart	DysToOut	Month	Day	Year	dd	ddbZero	FruWgt	fruNum	Bloomday	BloomYr	DDBSum	ChillHD	PrcpYrSum	TempIncr	ddbMinus10	ddbMinus83	OFEgDays	OFLrDays	OFPuDays	OFAdDays	OfPupSum	DamFrSum	PrcntAtkd
OliveGIS	30set19	19:09:56	D:\wx_medgold\wx_agmerra_andalusia\agmerra_1411_210_ESP.txt	-7.3750	37.6250	1	3653	12	31	1989	2645.2	0.0	6697.6	7166.3	   107.0	     1.0	53.7	1920.1	960.3	0.000	0.0	0.0	21363.21	109426.76	50378.640	19096.44	5717.58	5614.74	74.59
OliveGIS	30set19	19:10:08	D:\wx_medgold\wx_agmerra_andalusia\agmerra_1411_211_ESP.txt	-7.3750	37.3750	1	3653	12	31	1989	2645.2	0.0	7292.4	7624.8	   105.0	     1.0	47.3	1883.0	971.7	0.000	0.0	0.0	23121.58	120709.67	57155.014	18618.22	6470.43	6034.39	75.45
OliveGIS	30set19	19:10:16	D:\wx_medgold\wx_agmerra_andalusia\agmerra_1412_209_ESP.txt	-7.1250	37.8750	1	3653	12	31	1989	2628.6	0.0	7516.9	8081.7	   119.0	     1.0	76.3	2193.1	1034.2	0.000	0.0	0.0	26596.91	135440.04	65161.586	32744.16	6868.38	6461.62	76.05
OliveGIS	30set19	19:10:23	D:\wx_medgold\wx_agmerra_andalusia\agmerra_1412_210_ESP.txt	-7.1250	37.6250	1	3653	12	31	1989	2632.7	0.0	6954.3	7468.7	   111.0	     1.0	59.8	1969.9	1059.8	0.000	0.0	0.0	22315.03	115564.56	55019.514	22208.10	6066.75	5813.85	74.52
OliveGIS	30set19	19:10:30	D:\wx_medgold\wx_agmerra_andalusia\agmerra_1412_211_ESP.txt	-7.1250	37.3750	1	3653	12	31	1989	2644.6	0.0	7116.3	7499.2	   106.0	     1.0	53.2	1819.4	984.9	0.000	0.0	0.0	22036.59	114830.94	53129.746	16739.64	6205.75	5897.37	74.95
OliveGIS	30set19	19:10:38	D:\wx_medgold\wx_agmerra_andalusia\agmerra_1413_208_ESP.txt	-6.8750	38.1250	1	3653	12	31	1989	2622.2	0.0	7356.0	7964.3	   123.0	     1.0	115.5	2220.6	1005.7	0.000	0.0	0.0	25348.95	126405.18	57602.686	29612.60	6110.82	6200.55	74.11
OliveGIS	30set19	19:10:45	D:\wx_medgold\wx_agmerra_andalusia\agmerra_1413_209_ESP.txt	-6.8750	37.8750	1	3653	12	31	1989	2634.8	0.0	7127.5	7665.6	   113.0	     1.0	77.6	2060.8	1105.4	0.000	0.0	0.0	22071.13	109784.26	48813.854	23573.76	5465.70	5840.44	72.60
OliveGIS	30set19	19:10:53	D:\wx_medgold\wx_agmerra_andalusia\agmerra_1413_210_ESP.txt	-6.8750	37.6250	1	3653	12	31	1989	2648.7	0.0	7106.3	7664.7	   104.0	     1.0	56.7	1751.6	1142.0	0.000	0.0	0.0	18670.64	95278.31	40634.257	12951.25	5074.27	5624.16	69.97
OliveGIS	30set19	19:11:01	D:\wx_medgold\wx_agmerra_andalusia\agmerra_1413_211_ESP.txt	-6.8750	37.3750	1	3653	12	31	1989	2637.3	0.0	7807.8	8277.4	   101.0	     1.0	46.8	1625.2	974.0	0.000	0.0	0.0	19161.62	98701.99	42818.279	13111.80	5571.29	6055.47	70.20
OliveGIS	30set19	19:11:11	D:\wx_medgold\wx_agmerra_andalusia\agmerra_1414_209_ESP.txt	-6.6250	37.8750	1	3653	12	31	1989	2629.3	0.0	7462.0	8013.0	   120.0	     1.0	91.2	2168.7	1139.0	0.000	0.0	0.0	24457.82	123417.59	56660.963	25883.30	6158.36	6209.48	73.90
OliveGIS	30set19	19:11:19	D:\wx_medgold\wx_agmerra_andalusia\agmerra_1414_210_ESP.txt	-6.6250	37.6250	1	3653	12	31	1989	2642.4	0.0	6753.6	7315.8	   108.0	     1.0	63.7	1786.5	1133.6	0.000	0.0	0.0	17910.33	91456.23	39027.151	13903.55	4809.01	5326.02	69.61
OliveGIS	30set19	19:11:27	D:\wx_medgold\wx_agmerra_andalusia\agmerra_1414_211_ESP.txt	-6.6250	37.3750	1	3653	12	31	1989	2645.3	0.0	7383.7	7902.6	   103.0	     1.0	54.8	1610.8	976.9	0.000	0.0	0.0	17353.76	89656.34	38345.218	12092.93	5053.47	5681.81	68.72
OliveGIS	30set19	19:11:35	D:\wx_medgold\wx_agmerra_andalusia\agmerra_1414_212_ESP.txt	-6.6250	37.1250	1	3653	12	31	1989	2658.8	0.0	8749.5	9128.3	    87.0	     1.0	12.4	1376.3	863.7	0.000	0.0	0.0	23214.96	120065.38	56431.266	18172.94	7204.98	7040.38	73.94
OliveGIS	30set19	19:11:43	D:\wx_medgold\wx_agmerra_andalusia\agmerra_1415_209_ESP.txt	-6.3750	37.8750	1	3653	12	31	1989	2634.9	0.0	7524.6	8137.4	   121.0	     1.0	107.4	2086.2	1027.9	0.000	0.0	0.0	20587.60	104256.35	44759.441	18170.11	5042.31	5802.06	68.04
OliveGIS	30set19	19:11:50	D:\wx_medgold\wx_agmerra_andalusia\agmerra_1415_210_ESP.txt	-6.3750	37.6250	1	3653	12	31	1989	2647.6	0.0	6640.4	7264.3	   108.0	     1.0	74.7	1735.8	1002.6	0.000	0.0	0.0	16124.95	83065.07	35246.477	10980.99	4513.79	5161.76	67.77
OliveGIS	30set19	19:11:59	D:\wx_medgold\wx_agmerra_andalusia\agmerra_1415_211_ESP.txt	-6.3750	37.3750	1	3653	12	31	1989	2647.4	0.0	8407.8	9302.8	    95.0	     1.0	44.6	1285.8	925.7	0.000	0.0	0.0	12574.01	68747.53	29338.303	8934.77	4309.65	5566.36	57.41
OliveGIS	30set19	19:12:07	D:\wx_medgold\wx_agmerra_andalusia\agmerra_1415_212_ESP.txt	-6.3750	37.1250	1	3653	12	31	1989	2662.2	0.0	9102.5	9780.1	    84.0	     1.0	15.0	1057.3	879.3	0.000	0.0	0.0	16739.30	91323.47	41274.198	13193.55	5887.40	6611.28	64.57
OliveGIS	30set19	19:12:17	D:\wx_medgold\wx_agmerra_andalusia\agmerra_1415_213_ESP.txt	-6.3750	36.8750	1	3653	12	31	1989	2649.1	0.0	8374.7	8808.8	    91.0	     1.0	18.8	1182.9	820.0	0.000	0.0	0.0	18381.32	98773.68	45193.713	14108.28	6088.82	6383.88	69.48
OliveGIS	30set19	19:12:25	D:\wx_medgold\wx_agmerra_andalusia\agmerra_1416_209_ESP.txt	-6.1250	37.8750	1	3653	12	31	1989	2635.5	0.0	7405.8	8036.0	   120.0	     1.0	112.6	2043.9	996.8	0.000	0.0	0.0	20512.72	103769.53	45076.543	18692.48	5041.79	5765.05	68.47
OliveGIS	30set19	19:12:32	D:\wx_medgold\wx_agmerra_andalusia\agmerra_1416_210_ESP.txt	-6.1250	37.6250	1	3653	12	31	1989	2639.4	0.0	6769.8	7459.5	   106.0	     1.0	76.3	1676.7	955.5	0.000	0.0	0.0	14962.87	76543.01	31430.157	10888.74	4189.66	5072.73	65.23
OliveGIS	30set19	19:12:41	D:\wx_medgold\wx_agmerra_andalusia\agmerra_1416_211_ESP.txt	-6.1250	37.3750	1	3653	12	31	1989	2650.9	0.0	8142.0	9114.8	    93.0	     1.0	52.4	1225.6	883.8	0.000	0.0	0.0	10814.77	60135.61	26009.386	7919.83	3870.37	5116.68	53.78
OliveGIS	30set19	19:12:49	D:\wx_medgold\wx_agmerra_andalusia\agmerra_1416_212_ESP.txt	-6.1250	37.1250	1	3653	12	31	1989	2668.3	0.0	8648.6	9452.2	    86.0	     1.0	29.8	1023.7	893.6	0.000	0.0	0.0	12343.40	70227.79	30819.279	9366.97	4605.52	5591.32	56.34
OliveGIS	30set19	19:12:59	D:\wx_medgold\wx_agmerra_andalusia\agmerra_1416_213_ESP.txt	-6.1250	36.8750	1	3653	12	31	1989	2652.7	0.0	8634.4	9288.2	    93.0	     1.0	41.3	1119.8	834.5	0.000	0.0	0.0	14362.21	77920.51	33694.742	10285.72	4845.32	5959.45	61.31
OliveGIS	30set19	19:13:08	D:\wx_medgold\wx_agmerra_andalusia\agmerra_1416_214_ESP.txt	-6.1250	36.6250	1	3653	12	31	1989	2648.9	0.0	8716.0	9101.3	    92.0	     1.0	19.6	1388.7	801.8	0.000	0.0	0.0	20382.04	107840.65	49188.825	15085.25	6491.42	6727.41	70.68
OliveGIS	30set19	19:13:16	D:\wx_medgold\wx_agmerra_andalusia\agmerra_1416_215_ESP.txt	-6.1250	36.3750	1	3653	12	31	1989	2634.2	0.0	7643.5	8369.7	   102.0	     1.0	45.2	1345.8	759.6	0.000	0.0	0.0	11975.86	66314.42	28236.765	8579.60	4192.73	5198.60	59.53
OliveGIS	30set19	19:13:25	D:\wx_medgold\wx_agmerra_andalusia\agmerra_1417_208_ESP.txt	-5.8750	38.1250	1	3653	12	31	1989	2626.4	0.0	7040.0	7741.8	   126.0	     1.0	152.5	2105.3	791.0	0.000	0.0	0.0	19431.39	96372.69	40273.091	19221.08	4514.21	5439.24	67.12
OliveGIS	30set19	19:13:33	D:\wx_medgold\wx_agmerra_andalusia\agmerra_1417_209_ESP.txt	-5.8750	37.8750	1	3653	12	31	1989	2636.1	0.0	7142.3	7847.0	   119.0	     1.0	117.6	1950.1	907.6	0.000	0.0	0.0	17356.22	87773.73	37343.193	14475.68	4414.75	5354.24	65.13
OliveGIS	30set19	19:13:40	D:\wx_medgold\wx_agmerra_andalusia\agmerra_1417_210_ESP.txt	-5.8750	37.6250	1	3653	12	31	1989	2644.1	0.0	6897.3	7666.3	   105.0	     1.0	80.9	1603.7	846.5	0.000	0.0	0.0	12331.27	63874.05	25371.580	7612.26	3614.59	4752.94	59.24
OliveGIS	30set19	19:13:49	D:\wx_medgold\wx_agmerra_andalusia\agmerra_1417_211_ESP.txt	-5.8750	37.3750	1	3653	12	31	1989	2652.1	0.0	7679.1	8750.2	    90.0	     1.0	45.7	1071.8	820.9	0.000	0.0	0.0	5648.47	33288.71	13529.187	3984.80	2246.64	3259.63	35.32
OliveGIS	30set19	19:13:58	D:\wx_medgold\wx_agmerra_andalusia\agmerra_1417_212_ESP.txt	-5.8750	37.1250	1	3653	12	31	1989	2668.9	0.0	8404.7	9351.1	    86.0	     1.0	33.0	999.6	807.3	0.000	0.0	0.0	9957.95	57752.12	24653.061	7601.41	3869.87	4931.83	50.08
OliveGIS	30set19	19:14:09	D:\wx_medgold\wx_agmerra_andalusia\agmerra_1417_213_ESP.txt	-5.8750	36.8750	1	3653	12	31	1989	2647.7	0.0	8856.0	9608.8	    95.0	     1.0	36.8	1312.0	746.4	0.000	0.0	0.0	14423.79	78330.36	32839.268	9566.19	4819.91	6001.32	59.92
OliveGIS	30set19	19:14:18	D:\wx_medgold\wx_agmerra_andalusia\agmerra_1417_214_ESP.txt	-5.8750	36.6250	1	3653	12	31	1989	2651.5	0.0	8847.7	9314.7	    91.0	     1.0	14.8	1483.2	886.1	0.000	0.0	0.0	19953.03	104790.92	46421.929	14122.72	6204.33	6734.72	69.15
OliveGIS	30set19	19:14:26	D:\wx_medgold\wx_agmerra_andalusia\agmerra_1417_215_ESP.txt	-5.8750	36.3750	1	3653	12	31	1989	2663.5	0.0	8902.4	9168.3	    96.0	     1.0	10.4	1727.2	1008.2	0.000	0.0	0.0	28494.66	151587.95	76051.462	24537.23	8702.60	7447.87	77.42
OliveGIS	30set19	19:14:33	D:\wx_medgold\wx_agmerra_andalusia\agmerra_1418_208_ESP.txt	-5.6250	38.1250	1	3653	12	31	1989	2628.5	0.0	7646.7	8502.1	   124.0	     1.0	146.9	1971.4	816.4	0.000	0.0	0.0	18755.28	93311.77	38960.575	17144.75	4448.53	5636.22	63.39
OliveGIS	30set19	19:14:41	D:\wx_medgold\wx_agmerra_andalusia\agmerra_1418_209_ESP.txt	-5.6250	37.8750	1	3653	12	31	1989	2631.6	0.0	6959.1	7698.4	   114.0	     1.0	112.2	1809.8	889.3	0.000	0.0	0.0	16076.27	82095.63	34486.967	13338.88	4314.48	5198.33	64.71
OliveGIS	30set19	19:14:49	D:\wx_medgold\wx_agmerra_andalusia\agmerra_1418_210_ESP.txt	-5.6250	37.6250	1	3653	12	31	1989	2639.3	0.0	7230.9	8029.8	   102.0	     1.0	80.9	1552.9	834.2	0.000	0.0	0.0	11486.04	60889.24	24411.906	7248.77	3637.44	4787.01	57.06
OliveGIS	30set19	19:14:57	D:\wx_medgold\wx_agmerra_andalusia\agmerra_1418_211_ESP.txt	-5.6250	37.3750	1	3653	12	31	1989	2656.6	0.0	7572.9	8575.7	    91.0	     1.0	51.8	1135.0	814.3	0.000	0.0	0.0	7409.55	43262.46	18254.454	5469.32	2897.08	3996.96	44.37
OliveGIS	30set19	19:15:06	D:\wx_medgold\wx_agmerra_andalusia\agmerra_1418_212_ESP.txt	-5.6250	37.1250	1	3653	12	31	1989	2651.2	0.0	8116.2	8968.8	    92.0	     1.0	45.3	1293.6	819.1	0.000	0.0	0.0	12186.37	67034.92	28473.846	8631.24	4220.35	5404.91	57.66
OliveGIS	30set19	19:15:15	D:\wx_medgold\wx_agmerra_andalusia\agmerra_1418_213_ESP.txt	-5.6250	36.8750	1	3653	12	31	1989	2649.8	0.0	7050.1	7526.9	   107.0	     1.0	52.1	1744.2	809.7	0.000	0.0	0.0	17008.60	88733.86	38041.280	11831.68	4861.87	5410.55	68.51
OliveGIS	30set19	19:15:23	D:\wx_medgold\wx_agmerra_andalusia\agmerra_1418_214_ESP.txt	-5.6250	36.6250	1	3653	12	31	1989	2654.2	0.0	7726.8	8016.6	   102.0	     1.0	20.8	1821.2	939.1	0.000	0.0	0.0	22185.42	113680.02	52124.074	18156.51	6244.89	6238.30	73.84
OliveGIS	30set19	19:15:30	D:\wx_medgold\wx_agmerra_andalusia\agmerra_1418_215_ESP.txt	-5.6250	36.3750	1	3653	12	31	1989	2651.1	0.0	7935.2	8099.8	   102.0	     1.0	14.1	1982.8	1248.3	0.000	0.0	0.0	28915.34	150323.20	79528.840	30456.87	8442.86	6839.91	80.02
OliveGIS	30set19	19:15:38	D:\wx_medgold\wx_agmerra_andalusia\agmerra_1418_216_ESP.txt	-5.6250	36.1250	1	3653	12	31	1989	2667.9	0.0	8858.0	8976.4	    91.0	     1.0	0.3	1852.9	922.9	0.000	0.0	0.0	38617.29	199634.95	112583.624	45103.71	11483.92	7994.32	84.14
OliveGIS	30set19	19:15:45	D:\wx_medgold\wx_agmerra_andalusia\agmerra_1419_207_ESP.txt	-5.3750	38.3750	1	3653	12	31	1989	2615.1	0.1	6503.7	7237.3	   129.0	     1.0	186.9	2093.8	652.3	0.000	0.0	0.0	18954.45	92495.64	38967.591	21367.16	4362.81	5203.85	68.58
OliveGIS	30set19	19:15:52	D:\wx_medgold\wx_agmerra_andalusia\agmerra_1419_208_ESP.txt	-5.3750	38.1250	1	3653	12	31	1989	2618.4	0.0	7668.0	8631.1	   125.0	     1.0	156.1	1923.9	712.7	0.000	0.0	0.0	17156.71	86531.50	36322.466	14441.95	4225.97	5456.91	60.67
OliveGIS	30set19	19:16:00	D:\wx_medgold\wx_agmerra_andalusia\agmerra_1419_209_ESP.txt	-5.3750	37.8750	1	3653	12	31	1989	2640.8	0.0	6638.4	7550.9	   108.0	     1.0	86.0	1509.6	784.6	0.000	0.0	0.0	8620.37	45923.63	17612.076	5720.85	2766.03	3984.75	50.40
OliveGIS	30set19	19:16:09	D:\wx_medgold\wx_agmerra_andalusia\agmerra_1419_210_ESP.txt	-5.3750	37.6250	1	3653	12	31	1989	2648.3	0.0	7958.9	8998.1	    95.0	     1.0	63.1	1286.3	725.7	0.000	0.0	0.0	7294.39	40571.81	16342.000	4723.45	2576.90	3950.01	41.91
OliveGIS	30set19	19:16:18	D:\wx_medgold\wx_agmerra_andalusia\agmerra_1419_211_ESP.txt	-5.3750	37.3750	1	3653	12	31	1989	2651.7	0.0	7876.9	8861.1	    92.0	     1.0	53.8	1199.0	734.8	0.000	0.0	0.0	9540.86	53108.93	22007.129	6517.31	3386.71	4689.69	50.54
OliveGIS	30set19	19:16:26	D:\wx_medgold\wx_agmerra_andalusia\agmerra_1419_212_ESP.txt	-5.3750	37.1250	1	3653	12	31	1989	2648.2	0.0	7225.8	7897.3	   104.0	     1.0	56.0	1648.8	754.5	0.000	0.0	0.0	15230.14	79803.04	33660.026	10032.62	4579.13	5422.60	65.49
OliveGIS	30set19	19:16:34	D:\wx_medgold\wx_agmerra_andalusia\agmerra_1419_213_ESP.txt	-5.3750	36.8750	1	3653	12	31	1989	2629.0	0.0	6412.2	6521.3	   131.0	     1.0	130.5	2683.0	852.3	0.000	0.0	0.0	35301.54	187532.79	166671.547	75598.68	8462.14	5856.68	84.57
OliveGIS	30set19	19:16:41	D:\wx_medgold\wx_agmerra_andalusia\agmerra_1419_214_ESP.txt	-5.3750	36.6250	1	3653	12	31	1989	2622.6	0.0	6476.1	6518.8	   127.0	     1.0	71.2	2861.3	1000.2	0.000	0.0	0.0	38131.34	204059.83	161474.364	100088.11	9513.48	5983.73	86.25
OliveGIS	30set19	19:16:49	D:\wx_medgold\wx_agmerra_andalusia\agmerra_1419_215_ESP.txt	-5.3750	36.3750	1	3653	12	31	1989	2647.7	0.0	8191.9	8442.6	   103.0	     1.0	16.3	1890.1	1199.9	0.000	0.0	0.0	26146.76	134950.10	66606.655	25847.42	7535.75	6838.49	77.00
OliveGIS	30set19	19:16:56	D:\wx_medgold\wx_agmerra_andalusia\agmerra_1420_206_ESP.txt	-5.1250	38.6250	1	3653	12	31	1989	2628.3	0.0	6784.9	7713.5	   127.0	     1.0	164.1	1994.6	650.0	0.000	0.0	0.0	17163.70	85623.87	36264.457	18030.72	4088.23	5156.24	63.75
OliveGIS	30set19	19:17:04	D:\wx_medgold\wx_agmerra_andalusia\agmerra_1420_207_ESP.txt	-5.1250	38.3750	1	3653	12	31	1989	2620.1	0.1	6755.6	7445.5	   130.0	     1.0	189.0	2147.4	674.3	0.000	0.0	0.0	20374.67	98169.57	40411.926	23001.74	4505.07	5409.89	69.28
OliveGIS	30set19	19:17:12	D:\wx_medgold\wx_agmerra_andalusia\agmerra_1420_208_ESP.txt	-5.1250	38.1250	1	3653	12	31	1989	2620.6	0.0	8087.3	9100.6	   123.0	     1.0	153.2	1904.1	708.2	0.000	0.0	0.0	18011.27	91041.85	37983.635	15714.42	4463.01	5766.53	60.61
OliveGIS	30set19	19:17:20	D:\wx_medgold\wx_agmerra_andalusia\agmerra_1420_209_ESP.txt	-5.1250	37.8750	1	3653	12	31	1989	2647.8	0.0	6801.2	7731.2	   106.0	     1.0	85.9	1462.5	760.1	0.000	0.0	0.0	8931.74	48557.63	18996.879	6177.17	2998.63	4185.30	51.58
OliveGIS	30set19	19:17:29	D:\wx_medgold\wx_agmerra_andalusia\agmerra_1420_210_ESP.txt	-5.1250	37.6250	1	3653	12	31	1989	2656.4	0.0	8053.4	9092.3	    97.0	     1.0	67.3	1328.5	706.6	0.000	0.0	0.0	8819.93	49028.35	19453.493	5733.01	3049.56	4500.22	47.17
OliveGIS	30set19	19:17:38	D:\wx_medgold\wx_agmerra_andalusia\agmerra_1420_211_ESP.txt	-5.1250	37.3750	1	3653	12	31	1989	2644.2	0.0	7829.9	8807.7	    97.0	     1.0	59.5	1288.7	725.8	0.000	0.0	0.0	11342.71	62941.96	26606.509	8011.39	4003.00	5171.00	56.30
OliveGIS	30set19	19:17:47	D:\wx_medgold\wx_agmerra_andalusia\agmerra_1420_212_ESP.txt	-5.1250	37.1250	1	3653	12	31	1989	2647.6	0.0	7063.2	7702.8	   106.0	     1.0	61.5	1678.9	736.2	0.000	0.0	0.0	14895.18	77215.89	31859.718	10080.34	4305.92	5229.00	64.82
OliveGIS	30set19	19:17:54	D:\wx_medgold\wx_agmerra_andalusia\agmerra_1420_213_ESP.txt	-5.1250	36.8750	1	3653	12	31	1989	2627.5	0.0	6478.9	6586.2	   131.0	     1.0	124.9	2678.6	840.1	0.000	0.0	0.0	35124.19	187866.29	166135.923	83535.24	8542.66	5890.34	84.35
OliveGIS	30set19	19:18:02	D:\wx_medgold\wx_agmerra_andalusia\agmerra_1420_214_ESP.txt	-5.1250	36.6250	1	3653	12	31	1989	2630.5	0.0	6952.2	7004.4	   125.0	     1.0	45.7	2785.0	921.4	0.000	0.0	0.0	37037.90	195772.20	122202.093	85710.88	9607.15	6384.97	85.71
OliveGIS	30set19	19:18:10	D:\wx_medgold\wx_agmerra_andalusia\agmerra_1421_206_ESP.txt	-4.8750	38.6250	1	3653	12	31	1989	2615.4	0.0	7628.7	8732.7	   125.0	     1.0	151.7	1907.4	622.0	0.000	0.0	0.0	16429.21	83979.14	35250.390	15185.08	4174.84	5425.65	59.47
OliveGIS	30set19	19:18:18	D:\wx_medgold\wx_agmerra_andalusia\agmerra_1421_207_ESP.txt	-4.8750	38.3750	1	3653	12	31	1989	2611.2	0.2	6485.9	6953.1	   135.0	     1.0	215.7	2332.7	637.4	0.000	0.0	0.0	25043.48	121935.09	77624.559	25470.99	5173.04	5462.00	74.85
OliveGIS	30set19	19:18:25	D:\wx_medgold\wx_agmerra_andalusia\agmerra_1421_208_ESP.txt	-4.8750	38.1250	1	3653	12	31	1989	2625.7	0.0	6793.3	7538.1	   127.0	     1.0	171.4	2016.3	602.0	0.000	0.0	0.0	17484.21	86739.32	36099.701	18246.10	4126.36	5136.82	65.08
OliveGIS	30set19	19:18:34	D:\wx_medgold\wx_agmerra_andalusia\agmerra_1421_209_ESP.txt	-4.8750	37.8750	1	3653	12	31	1989	2632.0	0.0	6669.0	7539.3	   110.0	     1.0	95.2	1605.7	705.8	0.000	0.0	0.0	11818.86	61159.50	24332.049	7952.86	3488.97	4615.51	58.67
OliveGIS	30set19	19:18:44	D:\wx_medgold\wx_agmerra_andalusia\agmerra_1421_210_ESP.txt	-4.8750	37.6250	1	3653	12	31	1989	2629.2	0.0	7065.6	7946.7	   105.0	     1.0	80.0	1543.3	663.3	0.000	0.0	0.0	11538.08	62094.22	25866.312	7826.26	3860.45	4887.01	58.81
OliveGIS	30set19	19:18:52	D:\wx_medgold\wx_agmerra_andalusia\agmerra_1421_211_ESP.txt	-4.8750	37.3750	1	3653	12	31	1989	2644.7	0.0	6860.5	7560.3	   111.0	     1.0	81.8	1777.0	730.5	0.000	0.0	0.0	15496.94	79810.28	32697.679	10271.95	4201.82	5100.33	64.46
OliveGIS	30set19	19:19:02	D:\wx_medgold\wx_agmerra_andalusia\agmerra_1421_212_ESP.txt	-4.8750	37.1250	1	3653	12	31	1989	2637.3	0.0	7355.8	7854.6	   115.0	     1.0	82.1	2068.4	731.9	0.000	0.0	0.0	19395.59	99365.84	43451.997	17207.71	4968.16	5616.92	68.29
OliveGIS	30set19	19:19:11	D:\wx_medgold\wx_agmerra_andalusia\agmerra_1421_213_ESP.txt	-4.8750	36.8750	1	3653	12	31	1989	2634.4	0.0	8310.2	8700.2	   118.0	     1.0	81.1	2155.4	866.4	0.000	0.0	0.0	25748.50	136391.60	65226.548	27207.27	7024.36	6717.94	73.67
OliveGIS	30set19	19:19:20	D:\wx_medgold\wx_agmerra_andalusia\agmerra_1421_214_ESP.txt	-4.8750	36.6250	1	3653	12	31	1989	2656.4	0.0	8473.1	8682.0	   103.0	     1.0	9.6	1976.9	882.2	0.000	0.0	0.0	28790.25	146584.23	72766.955	31418.61	8033.19	7165.91	78.09
OliveGIS	30set19	19:19:27	D:\wx_medgold\wx_agmerra_andalusia\agmerra_1422_207_ESP.txt	-4.6250	38.3750	1	3653	12	31	1989	2609.1	0.3	6381.8	6792.6	   135.0	     1.0	219.5	2363.4	645.6	0.000	0.0	0.0	28321.74	141301.84	90331.388	27761.17	5925.59	5555.49	77.85
OliveGIS	30set19	19:19:35	D:\wx_medgold\wx_agmerra_andalusia\agmerra_1422_208_ESP.txt	-4.6250	38.1250	1	3653	12	31	1989	2628.9	0.0	7050.2	7816.0	   126.0	     1.0	171.6	2009.7	585.7	0.000	0.0	0.0	19053.69	97230.04	42367.750	20677.10	4640.14	5426.92	66.29
OliveGIS	30set19	19:19:45	D:\wx_medgold\wx_agmerra_andalusia\agmerra_1422_209_ESP.txt	-4.6250	37.8750	1	3653	12	31	1989	2630.1	0.0	6634.3	7497.4	   109.0	     1.0	98.2	1609.9	664.8	0.000	0.0	0.0	12363.37	63417.81	25643.616	8469.73	3639.32	4736.24	60.45
OliveGIS	30set19	19:19:55	D:\wx_medgold\wx_agmerra_andalusia\agmerra_1422_210_ESP.txt	-4.6250	37.6250	1	3653	12	31	1989	2631.7	0.0	6747.4	7597.2	   109.0	     1.0	89.0	1649.6	650.7	0.000	0.0	0.0	12686.35	65175.29	26042.861	7987.67	3633.95	4776.41	60.25
OliveGIS	30set19	19:20:04	D:\wx_medgold\wx_agmerra_andalusia\agmerra_1422_211_ESP.txt	-4.6250	37.3750	1	3653	12	31	1989	2638.4	0.0	6958.6	7651.7	   113.0	     1.0	92.2	1873.4	705.4	0.000	0.0	0.0	17311.12	90296.49	39175.638	14686.50	4678.46	5324.80	66.43
OliveGIS	30set19	19:20:14	D:\wx_medgold\wx_agmerra_andalusia\agmerra_1422_212_ESP.txt	-4.6250	37.1250	1	3653	12	31	1989	2642.7	0.0	7791.0	8327.9	   118.0	     1.0	88.1	2055.9	721.4	0.000	0.0	0.0	20576.67	105829.11	46101.249	22124.28	5267.32	5949.03	68.15
OliveGIS	30set19	19:20:23	D:\wx_medgold\wx_agmerra_andalusia\agmerra_1422_213_ESP.txt	-4.6250	36.8750	1	3653	12	31	1989	2638.8	0.0	7776.5	8159.1	   115.0	     1.0	73.9	2076.0	834.7	0.000	0.0	0.0	23492.98	124078.98	59411.745	24762.01	6459.70	6276.86	73.34
OliveGIS	30set19	19:20:32	D:\wx_medgold\wx_agmerra_andalusia\agmerra_1422_214_ESP.txt	-4.6250	36.6250	1	3653	12	31	1989	2664.1	0.0	8425.5	8649.9	    97.0	     1.0	2.6	1741.4	760.2	0.000	0.0	0.0	27416.10	136720.46	62733.026	22366.76	7560.88	7076.61	77.72
OliveGIS	30set19	19:20:41	D:\wx_medgold\wx_agmerra_andalusia\agmerra_1423_208_ESP.txt	-4.3750	38.1250	1	3653	12	31	1989	2615.4	0.0	7658.5	8569.6	   125.0	     1.0	157.5	1964.3	540.9	0.000	0.0	0.0	19770.41	101826.61	45146.138	16932.11	5071.78	5864.05	65.64
OliveGIS	30set19	19:20:50	D:\wx_medgold\wx_agmerra_andalusia\agmerra_1423_209_ESP.txt	-4.3750	37.8750	1	3653	12	31	1989	2646.5	0.0	6954.2	8076.5	   106.0	     1.0	77.6	1364.3	568.0	0.000	0.0	0.0	7050.82	38532.67	14645.215	4459.99	2376.36	3704.65	43.61
OliveGIS	30set19	19:21:00	D:\wx_medgold\wx_agmerra_andalusia\agmerra_1423_210_ESP.txt	-4.3750	37.6250	1	3653	12	31	1989	2639.9	0.0	6860.8	7900.4	   109.0	     1.0	78.9	1546.3	560.4	0.000	0.0	0.0	9607.50	50713.07	19964.196	5958.23	3059.85	4339.75	52.35
OliveGIS	30set19	19:21:10	D:\wx_medgold\wx_agmerra_andalusia\agmerra_1423_211_ESP.txt	-4.3750	37.3750	1	3653	12	31	1989	2628.8	0.0	8100.8	8965.5	   121.0	     1.0	113.7	1982.6	608.4	0.000	0.0	0.0	19617.48	101465.66	44047.518	16106.90	5021.76	5972.05	63.84
OliveGIS	30set19	19:21:19	D:\wx_medgold\wx_agmerra_andalusia\agmerra_1423_212_ESP.txt	-4.3750	37.1250	1	3653	12	31	1989	2632.7	0.0	8090.1	8771.6	   120.0	     1.0	98.3	2012.9	643.4	0.000	0.0	0.0	19824.32	100716.37	42978.728	15735.92	5015.98	6024.20	65.66
OliveGIS	30set19	19:21:28	D:\wx_medgold\wx_agmerra_andalusia\agmerra_1423_213_ESP.txt	-4.3750	36.8750	1	3653	12	31	1989	2637.1	0.0	8120.2	8639.7	   118.0	     1.0	90.7	1975.2	758.4	0.000	0.0	0.0	20663.19	105704.38	45773.663	16297.19	5367.63	6153.45	68.14
OliveGIS	30set19	19:21:37	D:\wx_medgold\wx_agmerra_andalusia\agmerra_1424_207_ESP.txt	-4.1250	38.3750	1	3653	12	31	1989	2617.1	0.2	6788.3	7416.5	   132.0	     1.0	207.7	2211.6	554.3	0.000	0.0	0.0	25731.74	131150.85	63021.333	29849.41	5914.78	5809.20	74.70
OliveGIS	30set19	19:21:45	D:\wx_medgold\wx_agmerra_andalusia\agmerra_1424_208_ESP.txt	-4.1250	38.1250	1	3653	12	31	1989	2623.2	0.0	7534.9	8453.4	   126.0	     1.0	165.7	1961.6	514.2	0.000	0.0	0.0	19668.44	101935.98	45404.840	16584.48	4985.16	5745.21	65.19
OliveGIS	30set19	19:21:54	D:\wx_medgold\wx_agmerra_andalusia\agmerra_1424_209_ESP.txt	-4.1250	37.8750	1	3653	12	31	1989	2643.4	0.0	6767.4	7849.0	   109.0	     1.0	89.0	1475.8	545.3	0.000	0.0	0.0	6949.07	37630.65	13777.956	4100.51	2294.16	3574.18	43.20
OliveGIS	30set19	19:22:04	D:\wx_medgold\wx_agmerra_andalusia\agmerra_1424_210_ESP.txt	-4.1250	37.6250	1	3653	12	31	1989	2630.6	0.0	7061.5	8082.6	   116.0	     1.0	101.1	1777.3	551.3	0.000	0.0	0.0	13837.74	72412.12	28611.172	9210.70	3762.13	4889.05	58.04
OliveGIS	30set19	19:22:11	D:\wx_medgold\wx_agmerra_andalusia\agmerra_1424_211_ESP.txt	-4.1250	37.3750	1	3653	12	31	1989	2617.5	0.0	6680.9	7282.3	   127.0	     1.0	142.1	2196.4	604.4	0.000	0.0	0.0	21687.89	111650.49	51807.251	22558.88	5325.87	5461.78	71.79
OliveGIS	30set19	19:22:20	D:\wx_medgold\wx_agmerra_andalusia\agmerra_1424_212_ESP.txt	-4.1250	37.1250	1	3653	12	31	1989	2623.1	0.0	7448.0	8091.9	   123.0	     1.0	112.4	2076.4	619.7	0.000	0.0	0.0	19448.75	99597.19	43096.276	20385.71	4857.02	5643.66	66.80
OliveGIS	30set19	19:22:31	D:\wx_medgold\wx_agmerra_andalusia\agmerra_1424_213_ESP.txt	-4.1250	36.8750	1	3653	12	31	1989	2629.6	0.0	8472.1	9016.3	   120.0	     1.0	92.6	2008.9	728.5	0.000	0.0	0.0	23184.61	120232.67	53720.508	19676.94	6094.41	6577.59	69.94
OliveGIS	30set19	19:22:40	D:\wx_medgold\wx_agmerra_andalusia\agmerra_1425_207_ESP.txt	-3.8750	38.3750	1	3653	12	31	1989	2616.5	0.0	7014.8	8017.9	   127.0	     1.0	159.5	1941.4	518.9	0.000	0.0	0.0	18033.61	95630.81	43775.078	17640.73	4810.31	5392.87	64.55
OliveGIS	30set19	19:22:50	D:\wx_medgold\wx_agmerra_andalusia\agmerra_1425_208_ESP.txt	-3.8750	38.1250	1	3653	12	31	1989	2623.5	0.0	7205.4	8354.9	   120.0	     1.0	127.3	1673.2	486.3	0.000	0.0	0.0	12738.96	66156.74	24412.117	6919.18	3344.94	4683.68	53.80
OliveGIS	30set19	19:22:59	D:\wx_medgold\wx_agmerra_andalusia\agmerra_1425_209_ESP.txt	-3.8750	37.8750	1	3653	12	31	1989	2635.1	0.0	6390.5	7786.4	   111.0	     1.0	90.5	1323.8	499.2	0.000	0.0	0.0	3935.44	21201.80	7338.694	2325.86	1304.22	2390.38	28.85
OliveGIS	30set19	19:23:09	D:\wx_medgold\wx_agmerra_andalusia\agmerra_1425_210_ESP.txt	-3.8750	37.6250	1	3653	12	31	1989	2639.3	0.0	7611.0	9042.3	   122.0	     1.0	111.4	1747.5	512.8	0.000	0.0	0.0	13643.38	71743.00	27790.097	7735.32	3690.93	5063.17	53.58
OliveGIS	30set19	19:23:18	D:\wx_medgold\wx_agmerra_andalusia\agmerra_1425_211_ESP.txt	-3.8750	37.3750	1	3653	12	31	1989	2617.2	0.0	6734.9	7415.0	   130.0	     1.0	173.1	2185.2	482.0	0.000	0.0	0.0	22488.61	116865.22	54516.306	24729.07	5459.76	5552.87	71.67
OliveGIS	30set19	19:23:27	D:\wx_medgold\wx_agmerra_andalusia\agmerra_1425_212_ESP.txt	-3.8750	37.1250	1	3653	12	31	1989	2623.4	0.0	7162.3	7947.1	   126.0	     1.0	133.0	2014.0	490.7	0.000	0.0	0.0	17876.32	91879.25	39797.146	17795.39	4506.41	5384.42	65.01
OliveGIS	30set19	19:23:36	D:\wx_medgold\wx_agmerra_andalusia\agmerra_1425_213_ESP.txt	-3.8750	36.8750	1	3653	12	31	1989	2628.0	0.0	7307.7	8211.8	   118.0	     1.0	106.5	1620.4	691.0	0.000	0.0	0.0	11722.50	60731.09	23731.886	6474.32	3279.30	4640.79	54.39
OliveGIS	30set19	19:23:46	D:\wx_medgold\wx_agmerra_andalusia\agmerra_1426_207_ESP.txt	-3.6250	38.3750	1	3653	12	31	1989	2619.3	0.0	6802.1	7730.1	   128.0	     1.0	168.2	1991.5	499.4	0.000	0.0	0.0	19385.57	100748.63	46193.286	19635.87	4967.80	5493.31	67.98
OliveGIS	30set19	19:23:55	D:\wx_medgold\wx_agmerra_andalusia\agmerra_1426_208_ESP.txt	-3.6250	38.1250	1	3653	12	31	1989	2627.0	0.0	8292.0	9544.9	   124.0	     1.0	140.8	1790.8	456.3	0.000	0.0	0.0	16360.05	85164.51	34849.655	9751.17	4335.70	5654.79	56.88
OliveGIS	30set19	19:24:04	D:\wx_medgold\wx_agmerra_andalusia\agmerra_1426_209_ESP.txt	-3.6250	37.8750	1	3653	12	31	1989	2639.5	0.0	6766.5	8209.6	   116.0	     1.0	105.7	1482.6	474.1	0.000	0.0	0.0	6661.95	34762.34	12275.888	3290.68	1989.24	3293.89	38.10
OliveGIS	30set19	19:24:13	D:\wx_medgold\wx_agmerra_andalusia\agmerra_1426_210_ESP.txt	-3.6250	37.6250	1	3653	12	31	1989	2620.9	0.0	6670.1	7709.8	   127.0	     1.0	136.0	1982.6	484.8	0.000	0.0	0.0	17712.50	91598.58	41298.084	16377.05	4606.07	5318.38	66.02
OliveGIS	30set19	19:24:21	D:\wx_medgold\wx_agmerra_andalusia\agmerra_1426_211_ESP.txt	-3.6250	37.3750	1	3653	12	31	1989	2614.4	0.0	6592.2	7053.5	   136.0	     1.0	208.3	2425.8	485.5	0.000	0.0	0.0	30689.94	160927.82	88411.356	37535.75	6620.23	5761.68	78.15
OliveGIS	30set19	19:24:29	D:\wx_medgold\wx_agmerra_andalusia\agmerra_1426_212_ESP.txt	-3.6250	37.1250	1	3653	12	31	1989	2621.6	0.0	6989.4	7607.6	   130.0	     1.0	160.7	2193.4	563.7	0.000	0.0	0.0	21535.14	107407.87	45752.321	29888.18	4919.60	5579.73	70.15
OliveGIS	30set19	19:24:38	D:\wx_medgold\wx_agmerra_andalusia\agmerra_1426_213_ESP.txt	-3.6250	36.8750	1	3653	12	31	1989	2626.3	0.0	7914.4	8828.3	   122.0	     1.0	123.2	1792.6	665.2	0.000	0.0	0.0	16694.35	87323.36	36449.717	13594.25	4615.46	5735.16	62.39
OliveGIS	30set19	19:24:49	D:\wx_medgold\wx_agmerra_andalusia\agmerra_1427_207_ESP.txt	-3.3750	38.3750	1	3653	12	31	1989	2628.9	0.0	7236.2	8354.7	   125.0	     1.0	149.9	1807.6	549.8	0.000	0.0	0.0	17783.74	95548.13	43348.034	15203.76	4913.08	5545.74	63.71
OliveGIS	30set19	19:24:57	D:\wx_medgold\wx_agmerra_andalusia\agmerra_1427_208_ESP.txt	-3.3750	38.1250	1	3653	12	31	1989	2630.4	0.0	7442.7	8659.3	   121.0	     1.0	130.1	1654.1	511.6	0.000	0.0	0.0	13563.89	71587.04	28069.347	8334.83	3711.06	4976.72	55.10
OliveGIS	30set19	19:25:08	D:\wx_medgold\wx_agmerra_andalusia\agmerra_1427_209_ESP.txt	-3.3750	37.8750	1	3653	12	31	1989	2631.7	0.0	7230.0	8454.3	   119.0	     1.0	113.6	1596.9	480.3	0.000	0.0	0.0	12397.13	65256.47	24660.666	6787.42	3382.66	4716.50	53.60
OliveGIS	30set19	19:25:17	D:\wx_medgold\wx_agmerra_andalusia\agmerra_1427_210_ESP.txt	-3.3750	37.6250	1	3653	12	31	1989	2631.3	0.0	6789.4	7505.1	   130.0	     1.0	151.8	2195.9	493.1	0.000	0.0	0.0	23919.87	124069.25	58487.303	33006.23	5935.89	5839.43	74.28
OliveGIS	30set19	19:25:24	D:\wx_medgold\wx_agmerra_andalusia\agmerra_1427_211_ESP.txt	-3.3750	37.3750	1	3653	12	31	1989	2077.2	5.8	6223.3	6648.3	   165.0	     1.0	466.0	3005.9	360.5	0.000	0.0	0.0	27076.40	181750.87	287863.338	28795.74	5704.31	4286.82	62.23
OliveGIS	30set19	19:25:30	D:\wx_medgold\wx_agmerra_andalusia\agmerra_1427_212_ESP.txt	-3.3750	37.1250	1	3653	12	31	1989	2273.9	1.9	6184.4	6374.3	   159.0	     1.0	370.0	2900.4	946.6	0.000	0.0	0.0	30836.82	195594.84	269796.065	50226.45	6799.50	4683.88	71.78
OliveGIS	30set19	19:25:38	D:\wx_medgold\wx_agmerra_andalusia\agmerra_1427_213_ESP.txt	-3.3750	36.8750	1	3653	12	31	1989	2613.9	0.2	6189.8	6589.8	   138.0	     1.0	225.0	2333.5	1015.2	0.000	0.0	0.0	27595.00	140924.12	87403.891	28491.77	6017.53	5433.47	78.57
OliveGIS	30set19	19:25:46	D:\wx_medgold\wx_agmerra_andalusia\agmerra_1428_207_ESP.txt	-3.1250	38.3750	1	3653	12	31	1989	2628.4	0.0	6698.7	7493.3	   130.0	     1.0	173.7	2070.9	527.3	0.000	0.0	0.0	23753.79	126709.25	62221.057	29590.41	6243.68	5845.67	74.41
OliveGIS	30set19	19:25:55	D:\wx_medgold\wx_agmerra_andalusia\agmerra_1428_208_ESP.txt	-3.1250	38.1250	1	3653	12	31	1989	2623.9	0.0	7387.9	8269.9	   129.0	     1.0	160.1	2012.3	528.0	0.000	0.0	0.0	22986.22	121543.47	57361.907	24795.19	6120.62	6184.73	71.51
OliveGIS	30set19	19:26:03	D:\wx_medgold\wx_agmerra_andalusia\agmerra_1428_209_ESP.txt	-3.1250	37.8750	1	3653	12	31	1989	2620.6	0.0	6996.4	7892.8	   127.0	     1.0	138.4	1954.0	483.3	0.000	0.0	0.0	20088.81	105533.95	49430.977	20902.09	5466.49	5755.12	69.95
OliveGIS	30set19	19:26:11	D:\wx_medgold\wx_agmerra_andalusia\agmerra_1428_210_ESP.txt	-3.1250	37.6250	1	3653	12	31	1989	2624.5	0.0	6586.6	7135.9	   133.0	     1.0	167.6	2349.7	477.2	0.000	0.0	0.0	27118.06	141885.18	70039.174	44813.01	6420.59	5778.42	77.35
OliveGIS	30set19	19:26:18	D:\wx_medgold\wx_agmerra_andalusia\agmerra_1428_211_ESP.txt	-3.1250	37.3750	1	3653	12	31	1989	2062.2	4.8	6138.8	6549.2	   164.0	     1.0	466.5	3012.7	355.0	0.000	0.0	0.0	25139.34	166951.94	274409.378	25234.53	5221.37	4106.23	60.56
OliveGIS	30set19	19:26:24	D:\wx_medgold\wx_agmerra_andalusia\agmerra_1428_212_ESP.txt	-3.1250	37.1250	1	3653	12	31	1989	2332.3	0.4	5983.4	6135.2	   154.0	     1.0	331.8	2900.7	699.3	0.000	0.0	0.0	30194.54	181086.57	234364.662	65833.14	6905.19	4677.59	74.43
OliveGIS	30set19	19:26:31	D:\wx_medgold\wx_agmerra_andalusia\agmerra_1428_213_ESP.txt	-3.1250	36.8750	1	3653	12	31	1989	2613.7	0.0	6596.5	7051.3	   136.0	     1.0	196.2	2294.9	684.7	0.000	0.0	0.0	24695.31	126192.17	59857.626	26006.96	5695.51	5597.09	75.79
OliveGIS	30set19	19:26:39	D:\wx_medgold\wx_agmerra_andalusia\agmerra_1429_207_ESP.txt	-2.8750	38.3750	1	3653	12	31	1989	2607.1	0.7	6202.2	6698.8	   137.0	     1.0	241.1	2364.7	573.6	0.000	0.0	0.0	32870.17	180725.43	131195.052	57497.19	7737.77	5717.22	81.43
OliveGIS	30set19	19:26:46	D:\wx_medgold\wx_agmerra_andalusia\agmerra_1429_208_ESP.txt	-2.8750	38.1250	1	3653	12	31	1989	2618.6	0.5	6357.0	6800.9	   138.0	     1.0	237.2	2423.5	642.9	0.000	0.0	0.0	34147.17	191212.56	143236.642	59557.53	8223.36	5871.74	82.03
OliveGIS	30set19	19:26:53	D:\wx_medgold\wx_agmerra_andalusia\agmerra_1429_209_ESP.txt	-2.8750	37.8750	1	3653	12	31	1989	2614.4	0.1	5651.5	5935.3	   139.0	     1.0	225.9	2587.3	631.4	0.000	0.0	0.0	32579.90	190790.88	155845.563	58403.44	7680.34	5179.16	82.64
OliveGIS	30set19	19:27:00	D:\wx_medgold\wx_agmerra_andalusia\agmerra_1429_210_ESP.txt	-2.8750	37.6250	1	3653	12	31	1989	2561.9	0.1	3083.7	4133.7	   141.0	     1.0	256.4	2744.6	487.2	0.000	0.0	0.0	23763.13	142930.99	145606.614	51674.50	5644.90	3564.81	82.23
OliveGIS	30set19	19:27:06	D:\wx_medgold\wx_agmerra_andalusia\agmerra_1429_211_ESP.txt	-2.8750	37.3750	1	3653	12	31	1989	1517.3	30.3	39.0	64.0	   181.0	     1.0	780.8	3359.3	616.7	0.000	0.0	0.0	226.94	1595.68	1421.567	208.38	31.90	32.72	47.49
OliveGIS	30set19	19:27:11	D:\wx_medgold\wx_agmerra_andalusia\agmerra_1429_212_ESP.txt	-2.8750	37.1250	1	3653	12	31	1989	1805.9	6.3	5827.0	7222.8	   172.0	     1.0	537.2	3296.6	704.7	0.000	0.0	0.0	24656.01	163014.34	211300.118	17802.21	4485.91	3806.88	49.55
OliveGIS	30set19	19:27:17	D:\wx_medgold\wx_agmerra_andalusia\agmerra_1429_213_ESP.txt	-2.8750	36.8750	1	3653	12	31	1989	2641.2	0.0	8000.4	8717.6	   117.0	     1.0	84.9	1707.9	757.4	0.000	0.0	0.0	15523.25	81223.25	32718.884	10129.74	4355.57	5556.09	61.09
OliveGIS	30set19	19:27:26	D:\wx_medgold\wx_agmerra_andalusia\agmerra_1430_207_ESP.txt	-2.6250	38.3750	1	3653	12	31	1989	2581.5	1.1	6271.7	6640.3	   141.0	     1.0	299.2	2578.9	598.1	0.000	0.0	0.0	33043.21	209600.39	212119.238	72774.51	8270.35	5483.54	78.91
OliveGIS	30set19	19:27:32	D:\wx_medgold\wx_agmerra_andalusia\agmerra_1430_208_ESP.txt	-2.6250	38.1250	1	3653	12	31	1989	2505.7	0.9	6059.6	6350.0	   144.0	     1.0	310.1	2670.9	726.9	0.000	0.0	0.0	31889.17	198114.23	213878.837	67764.92	7819.39	5135.64	78.45
OliveGIS	30set19	19:27:39	D:\wx_medgold\wx_agmerra_andalusia\agmerra_1430_209_ESP.txt	-2.6250	37.8750	1	3653	12	31	1989	2490.2	0.3	3174.9	4370.6	   144.0	     1.0	278.9	2792.1	642.6	0.000	0.0	0.0	23714.07	145155.46	148834.363	60707.10	5601.51	3631.84	80.26
OliveGIS	30set19	19:27:46	D:\wx_medgold\wx_agmerra_andalusia\agmerra_1430_210_ESP.txt	-2.6250	37.6250	1	3653	12	31	1989	2519.4	0.2	5345.4	5551.2	   142.0	     1.0	262.3	2791.4	483.1	0.000	0.0	0.0	31096.74	189158.67	192726.238	63662.71	7294.73	4623.74	80.64
OliveGIS	30set19	19:27:52	D:\wx_medgold\wx_agmerra_andalusia\agmerra_1430_211_ESP.txt	-2.6250	37.3750	1	3653	12	31	1989	1556.6	22.4	486.2	760.1	   179.0	     1.0	733.1	3344.8	575.1	0.000	0.0	0.0	2073.33	16833.47	12523.512	877.46	269.95	298.43	37.19
OliveGIS	30set19	19:27:56	D:\wx_medgold\wx_agmerra_andalusia\agmerra_1430_212_ESP.txt	-2.6250	37.1250	1	3653	12	31	1989	1906.6	2.2	4133.4	5340.5	   167.0	     1.0	452.0	3325.0	581.9	0.000	0.0	0.0	23356.99	144257.81	210083.917	32594.37	4495.93	3434.56	61.41
OliveGIS	30set19	19:28:03	D:\wx_medgold\wx_agmerra_andalusia\agmerra_1430_213_ESP.txt	-2.6250	36.8750	1	3653	12	31	1989	2637.2	0.0	8061.1	8749.4	   111.0	     1.0	58.4	1509.8	571.8	0.000	0.0	0.0	13287.91	70019.54	27708.602	8242.94	3970.10	5293.43	58.05
OliveGIS	30set19	19:28:11	D:\wx_medgold\wx_agmerra_andalusia\agmerra_1431_209_ESP.txt	-2.3750	37.8750	1	3653	12	31	1989	2069.1	3.0	5999.9	6431.3	   163.0	     1.0	430.0	3109.8	661.7	0.000	0.0	0.0	30355.64	203847.93	300734.358	38090.91	5911.83	4291.59	64.66
OliveGIS	30set19	19:28:17	D:\wx_medgold\wx_agmerra_andalusia\agmerra_1431_210_ESP.txt	-2.3750	37.6250	1	3653	12	31	1989	2195.6	1.1	6263.0	6508.2	   158.0	     1.0	363.1	3056.3	619.6	0.000	0.0	0.0	32874.31	215459.58	278310.368	54409.46	6870.67	4749.02	71.16
OliveGIS	30set19	19:28:22	D:\wx_medgold\wx_agmerra_andalusia\agmerra_1431_211_ESP.txt	-2.3750	37.3750	1	3653	12	31	1989	2167.4	1.0	5973.5	6218.0	   158.0	     1.0	359.3	3112.8	546.5	0.000	0.0	0.0	29082.91	178907.91	250393.283	48872.34	5968.36	4430.27	69.27
OliveGIS	30set19	19:28:29	D:\wx_medgold\wx_agmerra_andalusia\agmerra_1431_212_ESP.txt	-2.3750	37.1250	1	3653	12	31	1989	2571.8	0.0	6209.2	6270.1	   140.0	     1.0	170.1	2906.4	624.0	0.000	0.0	0.0	37444.66	219720.98	251612.697	95446.21	9346.35	5508.76	83.85
OliveGIS	30set19	19:28:37	D:\wx_medgold\wx_agmerra_andalusia\agmerra_1431_213_ESP.txt	-2.3750	36.8750	1	3653	12	31	1989	2642.8	0.0	8242.3	8982.5	   109.0	     1.0	49.7	1381.9	449.6	0.000	0.0	0.0	13194.85	70783.66	28909.082	9080.78	4214.16	5491.06	58.49
OliveGIS	30set19	19:28:45	D:\wx_medgold\wx_agmerra_andalusia\agmerra_1432_209_ESP.txt	-2.1250	37.8750	1	3653	12	31	1989	2179.8	1.3	6017.4	6288.3	   158.0	     1.0	363.4	3097.7	642.9	0.000	0.0	0.0	32880.14	214264.09	280197.681	53764.95	6682.35	4607.43	71.33
OliveGIS	30set19	19:28:52	D:\wx_medgold\wx_agmerra_andalusia\agmerra_1432_210_ESP.txt	-2.1250	37.6250	1	3653	12	31	1989	2421.2	0.1	5570.5	5709.3	   144.0	     1.0	262.5	2947.3	622.3	0.000	0.0	0.0	31350.90	186185.09	202649.673	64965.78	7193.81	4668.58	79.41
OliveGIS	30set19	19:28:59	D:\wx_medgold\wx_agmerra_andalusia\agmerra_1432_211_ESP.txt	-2.1250	37.3750	1	3653	12	31	1989	2427.0	0.0	5594.6	5689.1	   144.0	     1.0	237.2	2991.6	551.2	0.000	0.0	0.0	33041.36	197939.53	214832.628	79454.95	7553.67	4764.56	81.11
OliveGIS	30set19	19:29:05	D:\wx_medgold\wx_agmerra_andalusia\agmerra_1432_212_ESP.txt	-2.1250	37.1250	1	3653	12	31	1989	2626.9	0.0	6906.2	6987.2	   131.0	     1.0	79.0	2706.0	519.2	0.000	0.0	0.0	37835.16	205185.72	142515.243	122268.02	9973.08	6338.22	85.50
OliveGIS	30set19	19:29:15	D:\wx_medgold\wx_agmerra_andalusia\agmerra_1432_213_ESP.txt	-2.1250	36.8750	1	3653	12	31	1989	2652.0	0.0	8647.6	9300.8	   101.0	     1.0	19.9	1103.5	440.0	0.000	0.0	0.0	13536.39	76072.89	33515.758	10261.95	4963.42	5922.68	60.92
OliveGIS	30set19	19:29:23	D:\wx_medgold\wx_agmerra_andalusia\agmerra_1433_211_ESP.txt	-1.8750	37.3750	1	3653	12	31	1989	2621.4	0.0	8279.6	9107.6	   120.0	     1.0	103.2	1740.1	575.6	0.000	0.0	0.0	17927.59	95013.10	39609.612	15434.82	5143.40	6072.38	64.08
OliveGIS	30set19	19:29:32	D:\wx_medgold\wx_agmerra_andalusia\agmerra_1433_212_ESP.txt	-1.8750	37.1250	1	3653	12	31	1989	2635.4	0.0	8687.1	9290.8	   105.0	     1.0	29.7	1386.6	492.0	0.000	0.0	0.0	18069.78	95857.10	41376.418	13901.36	5779.74	6543.17	67.21
