Model	Date	Time	WxFile	Long	Lat	JdStart	DysToOut	Month	Day	Year	dd	ddbZero	FruWgt	fruNum	Bloomday	BloomYr	DDBSum	ChillHD	PrcpYrSum	TempIncr	ddbMinus10	ddbMinus83	OFEgDays	OFLrDays	OFPuDays	OFAdDays	OfPupSum	DamFrSum	PrcntAtkd
OliveGIS	30set19	19:10:02	D:\wx_medgold\wx_agmerra_andalusia\agmerra_1411_210_ESP.txt	-7.3750	37.6250	1	9862	12	31	2006	2635.5	0.1	8111.6	8447.3	   110.0	     1.0	83.5	1707.3	640.5	0.000	0.0	0.0	12660.72	64612.78	25490.134	7988.78	3746.14	5008.10	56.73
OliveGIS	30set19	19:10:12	D:\wx_medgold\wx_agmerra_andalusia\agmerra_1411_211_ESP.txt	-7.3750	37.3750	1	9862	12	31	2006	2634.0	0.1	8460.8	8668.9	   109.0	     1.0	90.1	1609.5	644.7	0.000	0.0	0.0	13469.40	69422.18	27927.159	8311.34	4063.73	5264.82	58.18
OliveGIS	30set19	19:10:20	D:\wx_medgold\wx_agmerra_andalusia\agmerra_1412_209_ESP.txt	-7.1250	37.8750	1	9862	12	31	2006	2617.2	0.3	8434.7	8852.5	   117.0	     1.0	104.4	1942.4	677.5	0.000	0.0	0.0	18789.09	96501.41	37105.773	12864.58	5026.25	5967.44	64.78
OliveGIS	30set19	19:10:27	D:\wx_medgold\wx_agmerra_andalusia\agmerra_1412_210_ESP.txt	-7.1250	37.6250	1	9862	12	31	2006	2625.2	0.1	8408.6	8777.2	   112.0	     1.0	88.1	1738.1	697.8	0.000	0.0	0.0	13339.03	67361.69	26256.244	8462.58	3832.65	5199.18	56.89
OliveGIS	30set19	19:10:35	D:\wx_medgold\wx_agmerra_andalusia\agmerra_1412_211_ESP.txt	-7.1250	37.3750	1	9862	12	31	2006	2634.5	0.1	8448.2	8704.3	   109.0	     1.0	94.9	1573.7	658.1	0.000	0.0	0.0	13677.13	71352.60	28834.655	8445.17	4196.26	5337.33	58.66
OliveGIS	30set19	19:10:42	D:\wx_medgold\wx_agmerra_andalusia\agmerra_1413_208_ESP.txt	-6.8750	38.1250	1	9862	12	31	2006	2617.0	1.2	7289.1	7710.9	   121.0	     1.0	145.3	1995.4	692.6	0.000	0.0	0.0	15311.16	77838.29	27624.832	10005.99	3572.72	4646.86	57.90
OliveGIS	30set19	19:10:49	D:\wx_medgold\wx_agmerra_andalusia\agmerra_1413_209_ESP.txt	-6.8750	37.8750	1	9862	12	31	2006	2628.8	0.3	8084.6	8482.4	   115.0	     1.0	101.3	1791.2	785.4	0.000	0.0	0.0	12560.84	62615.42	22953.413	7464.12	3367.44	4846.01	54.79
OliveGIS	30set19	19:10:57	D:\wx_medgold\wx_agmerra_andalusia\agmerra_1413_210_ESP.txt	-6.8750	37.6250	1	9862	12	31	2006	2644.8	0.0	8115.1	8474.6	   106.0	     1.0	81.3	1558.4	813.0	0.000	0.0	0.0	12397.47	65530.83	26551.430	7924.51	3778.79	4919.03	55.41
OliveGIS	30set19	19:11:08	D:\wx_medgold\wx_agmerra_andalusia\agmerra_1413_211_ESP.txt	-6.8750	37.3750	1	9862	12	31	2006	2633.7	0.1	8551.9	8854.4	   105.0	     1.0	83.1	1401.2	710.0	0.000	0.0	0.0	12574.71	67087.13	27631.486	7914.13	3941.10	5091.65	55.05
OliveGIS	30set19	19:11:15	D:\wx_medgold\wx_agmerra_andalusia\agmerra_1414_209_ESP.txt	-6.6250	37.8750	1	9862	12	31	2006	2630.3	0.4	8509.5	8905.4	   117.0	     1.0	112.0	1873.2	811.7	0.000	0.0	0.0	15616.48	79275.32	26966.442	8849.29	3941.95	5376.10	57.77
OliveGIS	30set19	19:11:23	D:\wx_medgold\wx_agmerra_andalusia\agmerra_1414_210_ESP.txt	-6.6250	37.6250	1	9862	12	31	2006	2635.1	0.1	8175.6	8557.8	   108.0	     1.0	86.7	1616.1	802.7	0.000	0.0	0.0	12136.02	64055.40	25651.064	7667.23	3707.26	4884.61	54.62
OliveGIS	30set19	19:11:32	D:\wx_medgold\wx_agmerra_andalusia\agmerra_1414_211_ESP.txt	-6.6250	37.3750	1	9862	12	31	2006	2646.5	0.1	8482.6	8845.2	   106.0	     1.0	90.6	1370.6	708.6	0.000	0.0	0.0	12639.45	67774.05	28015.697	8145.25	3981.93	5122.00	55.21
OliveGIS	30set19	19:11:39	D:\wx_medgold\wx_agmerra_andalusia\agmerra_1414_212_ESP.txt	-6.6250	37.1250	1	9862	12	31	2006	2644.7	0.0	10248.4	10493.5	    98.0	     1.0	29.8	1237.2	628.3	0.000	0.0	0.0	22650.41	122202.65	54867.546	16232.38	7180.77	7409.70	67.96
OliveGIS	30set19	19:11:47	D:\wx_medgold\wx_agmerra_andalusia\agmerra_1415_209_ESP.txt	-6.3750	37.8750	1	9862	12	31	2006	2619.9	0.6	7834.8	8292.5	   116.0	     1.0	118.7	1769.3	754.5	0.000	0.0	0.0	11704.25	59298.04	21996.651	7296.14	3294.47	4694.44	54.23
OliveGIS	30set19	19:11:55	D:\wx_medgold\wx_agmerra_andalusia\agmerra_1415_210_ESP.txt	-6.3750	37.6250	1	9862	12	31	2006	2649.1	0.2	8202.6	8697.4	   107.0	     1.0	91.6	1519.0	725.6	0.000	0.0	0.0	10610.92	56245.57	22936.709	6290.74	3265.12	4478.55	48.98
OliveGIS	30set19	19:12:03	D:\wx_medgold\wx_agmerra_andalusia\agmerra_1415_211_ESP.txt	-6.3750	37.3750	1	9862	12	31	2006	2656.9	0.0	8530.8	9133.4	   101.0	     1.0	65.6	1090.3	680.5	0.000	0.0	0.0	11082.30	63841.46	25418.880	5792.38	3799.39	4808.29	50.17
OliveGIS	30set19	19:12:12	D:\wx_medgold\wx_agmerra_andalusia\agmerra_1415_212_ESP.txt	-6.3750	37.1250	1	9862	12	31	2006	2643.1	0.0	9742.7	10206.6	    93.0	     1.0	27.3	903.9	643.2	0.000	0.0	0.0	14746.19	82316.56	30781.054	7701.20	4774.03	5930.99	55.91
OliveGIS	30set19	19:12:21	D:\wx_medgold\wx_agmerra_andalusia\agmerra_1415_213_ESP.txt	-6.3750	36.8750	1	9862	12	31	2006	2647.6	0.0	9546.3	9823.3	   100.0	     1.0	41.1	1207.3	603.8	0.000	0.0	0.0	20866.46	114522.26	52058.048	16022.54	6891.38	7028.40	68.23
OliveGIS	30set19	19:12:29	D:\wx_medgold\wx_agmerra_andalusia\agmerra_1416_209_ESP.txt	-6.1250	37.8750	1	9862	12	31	2006	2626.7	0.6	7847.9	8325.0	   116.0	     1.0	121.4	1723.2	733.0	0.000	0.0	0.0	11407.11	58212.80	22092.444	7227.94	3316.73	4671.88	53.74
OliveGIS	30set19	19:12:37	D:\wx_medgold\wx_agmerra_andalusia\agmerra_1416_210_ESP.txt	-6.1250	37.6250	1	9862	12	31	2006	2641.0	0.2	8184.2	8715.7	   106.0	     1.0	92.7	1436.1	696.4	0.000	0.0	0.0	10323.79	55679.30	22664.231	5851.25	3313.10	4348.86	47.68
OliveGIS	30set19	19:12:45	D:\wx_medgold\wx_agmerra_andalusia\agmerra_1416_211_ESP.txt	-6.1250	37.3750	1	9862	12	31	2006	2634.8	0.0	8939.7	9642.1	   100.0	     1.0	75.6	1006.5	649.4	0.000	0.0	0.0	10263.49	58602.58	20887.494	4776.81	3450.17	4632.52	46.08
OliveGIS	30set19	19:12:55	D:\wx_medgold\wx_agmerra_andalusia\agmerra_1416_212_ESP.txt	-6.1250	37.1250	1	9862	12	31	2006	2656.5	0.0	9419.0	9984.1	    95.0	     1.0	47.6	853.5	641.2	0.000	0.0	0.0	12020.25	67786.11	23016.901	5601.22	3851.57	5188.51	49.81
OliveGIS	30set19	19:13:04	D:\wx_medgold\wx_agmerra_andalusia\agmerra_1416_213_ESP.txt	-6.1250	36.8750	1	9862	12	31	2006	2636.5	0.0	9174.3	9603.0	   102.0	     1.0	75.2	1061.9	611.0	0.000	0.0	0.0	14126.32	80082.32	33823.389	8390.07	4823.69	5669.39	56.53
OliveGIS	30set19	19:13:12	D:\wx_medgold\wx_agmerra_andalusia\agmerra_1416_214_ESP.txt	-6.1250	36.6250	1	9862	12	31	2006	2629.4	0.0	10068.1	10285.9	   101.0	     1.0	46.2	1373.8	589.0	0.000	0.0	0.0	21813.47	115095.72	50433.121	15118.11	6731.19	7239.65	67.65
OliveGIS	30set19	19:13:22	D:\wx_medgold\wx_agmerra_andalusia\agmerra_1416_215_ESP.txt	-6.1250	36.3750	1	9862	12	31	2006	2637.0	0.0	10537.7	10928.4	    98.0	     1.0	51.8	1026.2	531.1	0.000	0.0	0.0	11511.37	63975.84	24790.564	5796.52	3909.18	5410.07	47.29
OliveGIS	30set19	19:13:29	D:\wx_medgold\wx_agmerra_andalusia\agmerra_1417_208_ESP.txt	-5.8750	38.1250	1	9862	12	31	2006	2610.0	1.8	7395.8	8020.2	   121.0	     1.0	167.6	1803.4	628.7	0.000	0.0	0.0	11845.41	58732.24	18406.639	6568.48	2760.76	4292.86	51.44
OliveGIS	30set19	19:13:37	D:\wx_medgold\wx_agmerra_andalusia\agmerra_1417_209_ESP.txt	-5.8750	37.8750	1	9862	12	31	2006	2631.4	0.6	7758.6	8346.1	   114.0	     1.0	119.0	1602.0	695.2	0.000	0.0	0.0	9326.99	48700.66	19241.995	5511.20	2806.02	4075.66	46.66
OliveGIS	30set19	19:13:45	D:\wx_medgold\wx_agmerra_andalusia\agmerra_1417_210_ESP.txt	-5.8750	37.6250	1	9862	12	31	2006	2633.4	0.1	8208.0	8846.5	   104.0	     1.0	92.5	1306.6	634.2	0.000	0.0	0.0	9598.38	52186.43	20247.602	4435.95	3040.52	4175.92	45.27
OliveGIS	30set19	19:13:54	D:\wx_medgold\wx_agmerra_andalusia\agmerra_1417_211_ESP.txt	-5.8750	37.3750	1	9862	12	31	2006	2649.3	0.0	9272.1	10080.2	    96.0	     1.0	62.6	862.1	652.0	0.000	0.0	0.0	8105.98	45325.51	13030.815	3402.15	2405.65	3973.28	37.64
OliveGIS	30set19	19:14:05	D:\wx_medgold\wx_agmerra_andalusia\agmerra_1417_212_ESP.txt	-5.8750	37.1250	1	9862	12	31	2006	2644.6	0.0	9457.7	10078.1	    93.0	     1.0	48.2	824.9	624.5	0.000	0.0	0.0	10041.11	55444.50	16491.829	4509.01	2886.48	4619.98	43.95
OliveGIS	30set19	19:14:14	D:\wx_medgold\wx_agmerra_andalusia\agmerra_1417_213_ESP.txt	-5.8750	36.8750	1	9862	12	31	2006	2631.6	0.0	8927.1	9311.5	   103.0	     1.0	70.4	1320.7	545.7	0.000	0.0	0.0	14827.81	81157.26	34094.396	9332.13	4768.45	5681.18	58.55
OliveGIS	30set19	19:14:22	D:\wx_medgold\wx_agmerra_andalusia\agmerra_1417_214_ESP.txt	-5.8750	36.6250	1	9862	12	31	2006	2643.7	0.0	9883.8	10106.4	   101.0	     1.0	42.1	1526.8	629.4	0.000	0.0	0.0	22987.29	119143.05	51960.765	15928.04	6876.51	7327.05	69.36
OliveGIS	30set19	19:14:30	D:\wx_medgold\wx_agmerra_andalusia\agmerra_1417_215_ESP.txt	-5.8750	36.3750	1	9862	12	31	2006	2633.4	0.0	9380.4	9500.1	   101.0	     1.0	37.2	1597.2	652.6	0.000	0.0	0.0	28111.59	137588.13	63128.785	20566.57	7843.54	7554.15	76.31
OliveGIS	30set19	19:14:37	D:\wx_medgold\wx_agmerra_andalusia\agmerra_1418_208_ESP.txt	-5.6250	38.1250	1	9862	12	31	2006	2611.7	1.8	7573.6	8289.9	   120.0	     1.0	163.6	1715.1	637.6	0.000	0.0	0.0	9657.18	47825.28	15971.205	5433.29	2502.09	4081.21	47.28
OliveGIS	30set19	19:14:45	D:\wx_medgold\wx_agmerra_andalusia\agmerra_1418_209_ESP.txt	-5.6250	37.8750	1	9862	12	31	2006	2642.4	0.5	8277.6	8947.2	   111.0	     1.0	116.3	1479.2	680.2	0.000	0.0	0.0	9455.50	49896.34	20118.210	5457.88	2887.30	4174.63	44.38
OliveGIS	30set19	19:14:53	D:\wx_medgold\wx_agmerra_andalusia\agmerra_1418_210_ESP.txt	-5.6250	37.6250	1	9862	12	31	2006	2636.0	0.1	8355.8	9014.8	   103.0	     1.0	93.8	1242.0	626.3	0.000	0.0	0.0	9282.34	51214.39	19476.189	4139.75	2966.82	4106.75	43.58
OliveGIS	30set19	19:15:02	D:\wx_medgold\wx_agmerra_andalusia\agmerra_1418_211_ESP.txt	-5.6250	37.3750	1	9862	12	31	2006	2645.0	0.0	9357.8	10133.1	    97.0	     1.0	69.8	939.8	648.0	0.000	0.0	0.0	8621.90	48945.88	15573.257	3635.28	2784.91	4160.06	39.15
OliveGIS	30set19	19:15:11	D:\wx_medgold\wx_agmerra_andalusia\agmerra_1418_212_ESP.txt	-5.6250	37.1250	1	9862	12	31	2006	2632.3	0.0	9501.2	10095.9	    98.0	     1.0	62.4	1129.3	637.5	0.000	0.0	0.0	11271.55	63303.94	24183.343	5196.42	3713.25	4954.31	47.04
OliveGIS	30set19	19:15:19	D:\wx_medgold\wx_agmerra_andalusia\agmerra_1418_213_ESP.txt	-5.6250	36.8750	1	9862	12	31	2006	2629.4	0.1	8234.6	8522.4	   111.0	     1.0	93.6	1697.5	568.3	0.000	0.0	0.0	17016.67	85970.51	35031.313	10513.77	4725.71	5733.92	64.55
OliveGIS	30set19	19:15:27	D:\wx_medgold\wx_agmerra_andalusia\agmerra_1418_214_ESP.txt	-5.6250	36.6250	1	9862	12	31	2006	2628.1	0.0	8249.4	8388.7	   106.0	     1.0	58.1	1854.1	675.8	0.000	0.0	0.0	24491.08	119762.32	53861.017	18348.25	6541.97	6599.18	75.14
OliveGIS	30set19	19:15:35	D:\wx_medgold\wx_agmerra_andalusia\agmerra_1418_215_ESP.txt	-5.6250	36.3750	1	9862	12	31	2006	2624.9	0.0	8504.0	8595.9	   104.0	     1.0	49.2	1859.4	796.5	0.000	0.0	0.0	29189.75	140733.68	65737.138	24950.58	7710.55	7114.27	79.05
OliveGIS	30set19	19:15:42	D:\wx_medgold\wx_agmerra_andalusia\agmerra_1418_216_ESP.txt	-5.6250	36.1250	1	9862	12	31	2006	2655.9	0.0	9348.0	9378.6	    98.0	     1.0	10.2	1815.1	560.5	0.000	0.0	0.0	39768.82	195421.06	100320.244	36702.00	10811.04	8247.87	83.49
OliveGIS	30set19	19:15:49	D:\wx_medgold\wx_agmerra_andalusia\agmerra_1419_207_ESP.txt	-5.3750	38.3750	1	9862	12	31	2006	2617.4	3.2	7087.4	7871.5	   124.0	     1.0	195.6	1671.1	561.8	0.000	0.0	0.0	10535.77	51462.96	16214.787	5429.42	2426.06	3996.00	48.77
OliveGIS	30set19	19:15:56	D:\wx_medgold\wx_agmerra_andalusia\agmerra_1419_208_ESP.txt	-5.3750	38.1250	1	9862	12	31	2006	2619.6	2.1	7644.4	8540.7	   120.0	     1.0	169.7	1602.4	585.5	0.000	0.0	0.0	7903.50	42222.48	15091.548	4875.30	2407.47	3842.33	42.95
OliveGIS	30set19	19:16:05	D:\wx_medgold\wx_agmerra_andalusia\agmerra_1419_209_ESP.txt	-5.3750	37.8750	1	9862	12	31	2006	2621.3	0.2	8102.7	9027.6	   104.0	     1.0	95.3	1175.5	640.1	0.000	0.0	0.0	8419.17	47363.22	17347.892	3695.47	2773.86	3892.02	41.25
OliveGIS	30set19	19:16:14	D:\wx_medgold\wx_agmerra_andalusia\agmerra_1419_210_ESP.txt	-5.3750	37.6250	1	9862	12	31	2006	2655.4	0.0	8962.0	9886.7	    99.0	     1.0	78.7	942.3	570.5	0.000	0.0	0.0	8219.35	46787.43	14857.905	3534.07	2657.71	3990.89	38.38
OliveGIS	30set19	19:16:22	D:\wx_medgold\wx_agmerra_andalusia\agmerra_1419_211_ESP.txt	-5.3750	37.3750	1	9862	12	31	2006	2649.4	0.0	8580.2	9279.1	   100.0	     1.0	77.1	1054.6	598.3	0.000	0.0	0.0	10098.06	57342.91	21914.356	4763.49	3386.25	4519.84	46.41
OliveGIS	30set19	19:16:30	D:\wx_medgold\wx_agmerra_andalusia\agmerra_1419_212_ESP.txt	-5.3750	37.1250	1	9862	12	31	2006	2646.8	0.0	7996.7	8450.1	   105.0	     1.0	79.6	1502.6	616.2	0.000	0.0	0.0	12987.64	69149.00	28115.149	8013.48	3968.84	5079.20	57.37
OliveGIS	30set19	19:16:38	D:\wx_medgold\wx_agmerra_andalusia\agmerra_1419_213_ESP.txt	-5.3750	36.8750	1	9862	12	31	2006	2610.5	1.8	7375.3	7444.8	   130.0	     1.0	163.7	2519.6	577.5	0.000	0.0	0.0	36788.84	188714.55	105155.979	54913.68	8272.17	6452.76	82.11
OliveGIS	30set19	19:16:46	D:\wx_medgold\wx_agmerra_andalusia\agmerra_1419_214_ESP.txt	-5.3750	36.6250	1	9862	12	31	2006	2617.4	0.3	6882.5	6876.9	   125.0	     1.0	112.8	2698.6	672.4	0.000	0.0	0.0	38454.45	198429.47	133816.846	92856.92	9083.29	6274.83	85.52
OliveGIS	30set19	19:16:53	D:\wx_medgold\wx_agmerra_andalusia\agmerra_1419_215_ESP.txt	-5.3750	36.3750	1	9862	12	31	2006	2638.2	0.0	8123.7	8248.1	   106.0	     1.0	52.3	2011.1	679.9	0.000	0.0	0.0	28689.98	144187.45	70203.364	31355.78	7774.74	6869.68	79.15
OliveGIS	30set19	19:17:01	D:\wx_medgold\wx_agmerra_andalusia\agmerra_1420_206_ESP.txt	-5.1250	38.6250	1	9862	12	31	2006	2618.2	2.9	7010.8	7954.1	   123.0	     1.0	190.0	1611.4	582.0	0.000	0.0	0.0	7491.56	38377.30	13202.936	4618.92	2131.13	3560.30	42.82
OliveGIS	30set19	19:17:08	D:\wx_medgold\wx_agmerra_andalusia\agmerra_1420_207_ESP.txt	-5.1250	38.3750	1	9862	12	31	2006	2623.9	3.4	7071.6	7797.5	   125.0	     1.0	199.6	1724.9	574.0	0.000	0.0	0.0	12068.00	59793.58	18506.192	5927.57	2761.77	4242.95	52.10
OliveGIS	30set19	19:17:16	D:\wx_medgold\wx_agmerra_andalusia\agmerra_1420_208_ESP.txt	-5.1250	38.1250	1	9862	12	31	2006	2613.2	2.2	7764.8	8680.6	   119.0	     1.0	169.6	1539.7	585.5	0.000	0.0	0.0	8067.43	42525.19	15942.822	4940.00	2421.81	3828.03	42.12
OliveGIS	30set19	19:17:25	D:\wx_medgold\wx_agmerra_andalusia\agmerra_1420_209_ESP.txt	-5.1250	37.8750	1	9862	12	31	2006	2638.6	0.2	8106.6	9055.8	   104.0	     1.0	96.6	1110.3	618.6	0.000	0.0	0.0	8461.00	47774.15	17675.727	3788.98	2803.48	3936.31	41.42
OliveGIS	30set19	19:17:34	D:\wx_medgold\wx_agmerra_andalusia\agmerra_1420_210_ESP.txt	-5.1250	37.6250	1	9862	12	31	2006	2630.0	0.1	8825.4	9747.7	    99.0	     1.0	83.1	977.0	563.7	0.000	0.0	0.0	8315.77	46803.59	14879.959	3486.63	2641.51	3970.80	38.95
OliveGIS	30set19	19:17:43	D:\wx_medgold\wx_agmerra_andalusia\agmerra_1420_211_ESP.txt	-5.1250	37.3750	1	9862	12	31	2006	2629.9	0.1	8477.8	9179.9	   101.0	     1.0	82.6	1115.4	605.3	0.000	0.0	0.0	10274.21	57992.32	22651.697	4947.37	3392.05	4526.96	47.20
OliveGIS	30set19	19:17:51	D:\wx_medgold\wx_agmerra_andalusia\agmerra_1420_212_ESP.txt	-5.1250	37.1250	1	9862	12	31	2006	2637.5	0.1	8086.8	8551.3	   106.0	     1.0	84.0	1525.9	613.9	0.000	0.0	0.0	13164.84	69679.69	28117.190	8012.84	3998.64	5143.66	57.47
OliveGIS	30set19	19:17:59	D:\wx_medgold\wx_agmerra_andalusia\agmerra_1420_213_ESP.txt	-5.1250	36.8750	1	9862	12	31	2006	2610.6	1.3	7390.4	7454.2	   130.0	     1.0	156.1	2522.7	579.4	0.000	0.0	0.0	37271.57	191719.20	109215.048	63655.51	8451.05	6508.86	82.47
OliveGIS	30set19	19:18:06	D:\wx_medgold\wx_agmerra_andalusia\agmerra_1420_214_ESP.txt	-5.1250	36.6250	1	9862	12	31	2006	2616.7	0.0	6801.3	6796.6	   121.0	     1.0	82.2	2677.0	625.9	0.000	0.0	0.0	36524.86	185931.79	107371.316	98317.39	8710.77	6174.20	85.16
OliveGIS	30set19	19:18:15	D:\wx_medgold\wx_agmerra_andalusia\agmerra_1421_206_ESP.txt	-4.8750	38.6250	1	9862	12	31	2006	2617.4	2.2	7191.8	8231.1	   121.0	     1.0	174.9	1515.3	588.5	0.000	0.0	0.0	7360.22	38483.12	14683.485	4495.07	2179.10	3518.92	40.84
OliveGIS	30set19	19:18:22	D:\wx_medgold\wx_agmerra_andalusia\agmerra_1421_207_ESP.txt	-4.8750	38.3750	1	9862	12	31	2006	2605.8	5.0	7719.8	8374.1	   130.0	     1.0	231.4	1934.7	562.7	0.000	0.0	0.0	18106.94	94045.50	35372.982	10323.08	4174.53	5173.58	59.30
OliveGIS	30set19	19:18:30	D:\wx_medgold\wx_agmerra_andalusia\agmerra_1421_208_ESP.txt	-4.8750	38.1250	1	9862	12	31	2006	2612.3	3.5	7121.3	7915.6	   122.0	     1.0	193.8	1638.6	508.1	0.000	0.0	0.0	10081.74	49827.07	16313.287	5158.34	2466.17	3982.99	48.34
OliveGIS	30set19	19:18:39	D:\wx_medgold\wx_agmerra_andalusia\agmerra_1421_209_ESP.txt	-4.8750	37.8750	1	9862	12	31	2006	2627.6	0.4	7885.8	8862.5	   108.0	     1.0	115.4	1200.0	611.5	0.000	0.0	0.0	8171.99	45498.68	18040.693	3940.19	2722.20	3779.72	40.67
OliveGIS	30set19	19:18:49	D:\wx_medgold\wx_agmerra_andalusia\agmerra_1421_210_ESP.txt	-4.8750	37.6250	1	9862	12	31	2006	2631.5	0.2	7958.6	8851.7	   105.0	     1.0	104.1	1169.2	558.3	0.000	0.0	0.0	8392.34	47044.10	18276.539	3938.00	2767.75	3865.09	41.64
OliveGIS	30set19	19:18:57	D:\wx_medgold\wx_agmerra_andalusia\agmerra_1421_211_ESP.txt	-4.8750	37.3750	1	9862	12	31	2006	2626.1	0.2	8038.3	8592.9	   110.0	     1.0	107.3	1499.2	563.5	0.000	0.0	0.0	11883.74	62753.71	24988.126	7193.01	3612.74	4848.09	54.14
OliveGIS	30set19	19:19:06	D:\wx_medgold\wx_agmerra_andalusia\agmerra_1421_212_ESP.txt	-4.8750	37.1250	1	9862	12	31	2006	2626.2	0.2	7893.2	8240.8	   114.0	     1.0	105.8	1821.4	550.4	0.000	0.0	0.0	17473.89	89309.65	34762.463	11386.13	4612.14	5563.77	64.47
OliveGIS	30set19	19:19:15	D:\wx_medgold\wx_agmerra_andalusia\agmerra_1421_213_ESP.txt	-4.8750	36.8750	1	9862	12	31	2006	2623.6	0.2	8079.7	8316.2	   113.0	     1.0	101.1	1846.8	554.5	0.000	0.0	0.0	19367.95	99198.12	40984.827	12824.84	5107.73	5819.81	66.94
OliveGIS	30set19	19:19:23	D:\wx_medgold\wx_agmerra_andalusia\agmerra_1421_214_ESP.txt	-4.8750	36.6250	1	9862	12	31	2006	2641.9	0.0	9397.3	9563.3	   100.0	     1.0	28.8	1751.9	579.8	0.000	0.0	0.0	30456.13	150800.68	69537.255	24906.88	8179.28	7786.96	77.18
OliveGIS	30set19	19:19:31	D:\wx_medgold\wx_agmerra_andalusia\agmerra_1422_207_ESP.txt	-4.6250	38.3750	1	9862	12	31	2006	2612.7	5.5	7587.1	8173.5	   131.0	     1.0	237.2	1987.1	561.1	0.000	0.0	0.0	19876.19	103726.51	42184.575	11642.11	4695.05	5408.26	63.30
OliveGIS	30set19	19:19:40	D:\wx_medgold\wx_agmerra_andalusia\agmerra_1422_208_ESP.txt	-4.6250	38.1250	1	9862	12	31	2006	2609.4	3.7	7076.7	7860.1	   121.0	     1.0	195.6	1612.9	494.0	0.000	0.0	0.0	9897.47	48999.91	16817.091	5725.28	2545.69	4035.54	49.31
OliveGIS	30set19	19:19:50	D:\wx_medgold\wx_agmerra_andalusia\agmerra_1422_209_ESP.txt	-4.6250	37.8750	1	9862	12	31	2006	2626.9	0.5	7727.9	8693.4	   107.0	     1.0	119.2	1188.3	572.6	0.000	0.0	0.0	8250.54	45910.07	18176.553	3984.99	2736.12	3785.82	41.52
OliveGIS	30set19	19:20:00	D:\wx_medgold\wx_agmerra_andalusia\agmerra_1422_210_ESP.txt	-4.6250	37.6250	1	9862	12	31	2006	2622.7	0.4	7783.4	8665.9	   107.0	     1.0	112.7	1265.4	555.0	0.000	0.0	0.0	9095.30	50387.28	20165.110	4526.10	2964.15	4040.73	44.64
OliveGIS	30set19	19:20:09	D:\wx_medgold\wx_agmerra_andalusia\agmerra_1422_211_ESP.txt	-4.6250	37.3750	1	9862	12	31	2006	2627.8	0.4	7804.4	8335.9	   112.0	     1.0	116.5	1567.3	559.7	0.000	0.0	0.0	11513.79	59525.04	23147.331	6843.19	3424.78	4722.99	54.19
OliveGIS	30set19	19:20:19	D:\wx_medgold\wx_agmerra_andalusia\agmerra_1422_212_ESP.txt	-4.6250	37.1250	1	9862	12	31	2006	2627.6	0.3	7817.0	8178.7	   115.0	     1.0	110.1	1821.3	563.3	0.000	0.0	0.0	17266.26	88626.05	34335.078	10443.82	4529.40	5469.43	63.85
OliveGIS	30set19	19:20:28	D:\wx_medgold\wx_agmerra_andalusia\agmerra_1422_213_ESP.txt	-4.6250	36.8750	1	9862	12	31	2006	2617.1	0.1	8074.6	8336.4	   111.0	     1.0	91.3	1791.6	530.2	0.000	0.0	0.0	19066.64	96950.64	39448.390	13353.84	5066.31	5839.51	67.06
OliveGIS	30set19	19:20:37	D:\wx_medgold\wx_agmerra_andalusia\agmerra_1422_214_ESP.txt	-4.6250	36.6250	1	9862	12	31	2006	2642.8	0.0	10747.9	10952.1	    96.0	     1.0	14.0	1548.8	481.1	0.000	0.0	0.0	34540.36	171640.40	83734.812	29676.32	9741.48	8918.35	77.83
OliveGIS	30set19	19:20:45	D:\wx_medgold\wx_agmerra_andalusia\agmerra_1423_208_ESP.txt	-4.3750	38.1250	1	9862	12	31	2006	2618.0	3.1	7263.3	8114.1	   121.0	     1.0	188.9	1590.3	504.5	0.000	0.0	0.0	10115.02	50799.15	17940.953	5909.90	2725.59	4219.46	49.84
OliveGIS	30set19	19:20:56	D:\wx_medgold\wx_agmerra_andalusia\agmerra_1423_209_ESP.txt	-4.3750	37.8750	1	9862	12	31	2006	2634.8	0.2	7755.5	8833.0	   104.0	     1.0	104.9	992.0	553.2	0.000	0.0	0.0	7738.66	43987.50	15998.763	3536.81	2603.03	3690.17	39.70
OliveGIS	30set19	19:21:06	D:\wx_medgold\wx_agmerra_andalusia\agmerra_1423_210_ESP.txt	-4.3750	37.6250	1	9862	12	31	2006	2623.5	0.2	7719.3	8660.6	   106.0	     1.0	106.9	1208.7	534.1	0.000	0.0	0.0	8745.63	49142.10	19512.317	4230.27	2910.32	3931.84	43.33
OliveGIS	30set19	19:21:15	D:\wx_medgold\wx_agmerra_andalusia\agmerra_1423_211_ESP.txt	-4.3750	37.3750	1	9862	12	31	2006	2613.0	0.9	7822.8	8371.5	   116.0	     1.0	141.9	1687.3	515.0	0.000	0.0	0.0	13885.71	69315.31	25747.490	8014.30	3617.45	5008.96	57.43
OliveGIS	30set19	19:21:24	D:\wx_medgold\wx_agmerra_andalusia\agmerra_1423_212_ESP.txt	-4.3750	37.1250	1	9862	12	31	2006	2618.8	0.6	7815.9	8241.9	   116.0	     1.0	126.9	1782.8	532.3	0.000	0.0	0.0	16566.77	83626.71	31575.517	9872.37	4209.59	5353.12	62.21
OliveGIS	30set19	19:21:33	D:\wx_medgold\wx_agmerra_andalusia\agmerra_1423_213_ESP.txt	-4.3750	36.8750	1	9862	12	31	2006	2623.9	0.2	8032.7	8382.3	   112.0	     1.0	107.8	1631.8	543.4	0.000	0.0	0.0	16173.03	80115.30	31160.858	9008.28	4199.87	5454.56	62.36
OliveGIS	30set19	19:21:41	D:\wx_medgold\wx_agmerra_andalusia\agmerra_1424_207_ESP.txt	-4.1250	38.3750	1	9862	12	31	2006	2613.0	5.6	7589.0	8313.7	   129.0	     1.0	233.6	1851.5	513.9	0.000	0.0	0.0	17479.10	89913.35	32896.789	8739.64	4059.20	5110.86	58.96
OliveGIS	30set19	19:21:50	D:\wx_medgold\wx_agmerra_andalusia\agmerra_1424_208_ESP.txt	-4.1250	38.1250	1	9862	12	31	2006	2611.3	3.6	7270.2	8110.5	   120.0	     1.0	195.9	1600.6	473.3	0.000	0.0	0.0	10196.47	51013.09	18090.485	5573.68	2720.76	4225.59	49.94
OliveGIS	30set19	19:21:59	D:\wx_medgold\wx_agmerra_andalusia\agmerra_1424_209_ESP.txt	-4.1250	37.8750	1	9862	12	31	2006	2623.3	0.4	7879.7	8930.7	   105.0	     1.0	114.7	1098.0	534.2	0.000	0.0	0.0	8411.49	47885.76	18171.614	3711.60	2814.64	3829.70	40.89
OliveGIS	30set19	19:22:08	D:\wx_medgold\wx_agmerra_andalusia\agmerra_1424_210_ESP.txt	-4.1250	37.6250	1	9862	12	31	2006	2623.0	0.6	7469.6	8311.1	   112.0	     1.0	126.1	1411.7	534.9	0.000	0.0	0.0	9306.54	48875.20	19874.476	5495.68	2859.92	4062.67	46.73
OliveGIS	30set19	19:22:16	D:\wx_medgold\wx_agmerra_andalusia\agmerra_1424_211_ESP.txt	-4.1250	37.3750	1	9862	12	31	2006	2607.2	1.7	7256.2	7679.6	   120.0	     1.0	165.9	1924.0	513.7	0.000	0.0	0.0	18317.93	95481.97	38259.059	11795.42	4527.68	5180.07	64.79
OliveGIS	30set19	19:22:24	D:\wx_medgold\wx_agmerra_andalusia\agmerra_1424_212_ESP.txt	-4.1250	37.1250	1	9862	12	31	2006	2610.3	1.0	7911.5	8318.4	   118.0	     1.0	140.1	1860.0	524.9	0.000	0.0	0.0	19112.66	98281.74	40075.841	12819.25	4941.44	5692.26	65.70
OliveGIS	30set19	19:22:36	D:\wx_medgold\wx_agmerra_andalusia\agmerra_1424_213_ESP.txt	-4.1250	36.8750	1	9862	12	31	2006	2626.6	0.2	7987.1	8283.0	   113.0	     1.0	109.3	1694.8	536.9	0.000	0.0	0.0	17795.44	91252.23	36023.533	10757.51	4743.85	5638.53	65.10
OliveGIS	30set19	19:22:45	D:\wx_medgold\wx_agmerra_andalusia\agmerra_1425_207_ESP.txt	-3.8750	38.3750	1	9862	12	31	2006	2615.7	3.1	7049.3	7997.3	   122.0	     1.0	188.7	1602.5	523.3	0.000	0.0	0.0	8387.46	42555.44	15044.983	4502.49	2360.30	3786.41	45.32
OliveGIS	30set19	19:22:55	D:\wx_medgold\wx_agmerra_andalusia\agmerra_1425_208_ESP.txt	-3.8750	38.1250	1	9862	12	31	2006	2623.2	1.7	7086.2	8098.6	   115.0	     1.0	159.1	1329.8	492.8	0.000	0.0	0.0	8103.54	43780.09	17756.833	4802.54	2611.35	3693.73	43.31
OliveGIS	30set19	19:23:04	D:\wx_medgold\wx_agmerra_andalusia\agmerra_1425_209_ESP.txt	-3.8750	37.8750	1	9862	12	31	2006	2625.9	0.5	7302.3	8630.0	   107.0	     1.0	118.7	1008.6	515.6	0.000	0.0	0.0	5870.75	33461.43	11862.605	2539.08	1986.67	2928.31	32.22
OliveGIS	30set19	19:23:14	D:\wx_medgold\wx_agmerra_andalusia\agmerra_1425_210_ESP.txt	-3.8750	37.6250	1	9862	12	31	2006	2617.7	1.1	7431.5	8505.3	   115.0	     1.0	138.9	1414.9	555.4	0.000	0.0	0.0	8648.00	45460.89	18460.988	5186.59	2673.97	3925.86	43.99
OliveGIS	30set19	19:23:23	D:\wx_medgold\wx_agmerra_andalusia\agmerra_1425_211_ESP.txt	-3.8750	37.3750	1	9862	12	31	2006	2611.6	3.6	7229.6	7670.0	   124.0	     1.0	202.4	1920.8	404.4	0.000	0.0	0.0	20428.78	107189.83	46115.885	13525.87	5037.70	5461.27	68.15
OliveGIS	30set19	19:23:32	D:\wx_medgold\wx_agmerra_andalusia\agmerra_1425_212_ESP.txt	-3.8750	37.1250	1	9862	12	31	2006	2616.9	1.9	7713.1	8185.2	   120.0	     1.0	166.6	1787.6	404.2	0.000	0.0	0.0	18251.46	93807.71	37563.844	11601.44	4692.16	5545.34	64.88
OliveGIS	30set19	19:23:42	D:\wx_medgold\wx_agmerra_andalusia\agmerra_1425_213_ESP.txt	-3.8750	36.8750	1	9862	12	31	2006	2628.5	0.7	7689.7	8346.3	   112.0	     1.0	129.5	1313.8	510.4	0.000	0.0	0.0	9151.71	47836.26	18376.525	4802.77	2750.81	4142.52	47.34
OliveGIS	30set19	19:23:50	D:\wx_medgold\wx_agmerra_andalusia\agmerra_1426_207_ESP.txt	-3.6250	38.3750	1	9862	12	31	2006	2609.1	3.8	7082.6	7981.1	   122.0	     1.0	199.5	1605.5	502.0	0.000	0.0	0.0	10985.82	55227.42	20383.955	6329.57	2961.45	4349.46	52.35
OliveGIS	30set19	19:24:00	D:\wx_medgold\wx_agmerra_andalusia\agmerra_1426_208_ESP.txt	-3.6250	38.1250	1	9862	12	31	2006	2610.3	2.3	7374.7	8371.4	   117.0	     1.0	172.8	1409.5	466.1	0.000	0.0	0.0	8542.14	44423.54	17491.750	4987.94	2545.89	3886.18	44.41
OliveGIS	30set19	19:24:09	D:\wx_medgold\wx_agmerra_andalusia\agmerra_1426_209_ESP.txt	-3.6250	37.8750	1	9862	12	31	2006	2610.7	1.0	7459.2	8724.3	   110.0	     1.0	134.7	1125.5	501.9	0.000	0.0	0.0	6161.00	34930.16	13474.761	2748.74	2107.07	2995.19	32.56
OliveGIS	30set19	19:24:18	D:\wx_medgold\wx_agmerra_andalusia\agmerra_1426_210_ESP.txt	-3.6250	37.6250	1	9862	12	31	2006	2611.0	2.2	7498.1	8409.6	   119.0	     1.0	164.3	1618.4	532.6	0.000	0.0	0.0	10610.72	53034.40	18742.892	5749.93	2844.92	4390.80	50.06
OliveGIS	30set19	19:24:26	D:\wx_medgold\wx_agmerra_andalusia\agmerra_1426_211_ESP.txt	-3.6250	37.3750	1	9862	12	31	2006	2602.9	5.9	7908.3	8250.6	   129.0	     1.0	236.5	2101.6	412.7	0.000	0.0	0.0	29554.98	151146.67	70373.988	30860.90	6536.54	6414.65	74.25
OliveGIS	30set19	19:24:34	D:\wx_medgold\wx_agmerra_andalusia\agmerra_1426_212_ESP.txt	-3.6250	37.1250	1	9862	12	31	2006	2611.7	2.9	7222.1	7562.6	   124.0	     1.0	192.4	1961.5	493.1	0.000	0.0	0.0	22941.41	119115.00	54182.937	19127.18	5749.48	5762.81	72.67
OliveGIS	30set19	19:24:44	D:\wx_medgold\wx_agmerra_andalusia\agmerra_1426_213_ESP.txt	-3.6250	36.8750	1	9862	12	31	2006	2626.9	1.0	7955.9	8577.2	   115.0	     1.0	143.3	1441.1	495.1	0.000	0.0	0.0	10598.43	54702.01	20094.725	5541.43	3052.37	4557.72	50.69
OliveGIS	30set19	19:24:53	D:\wx_medgold\wx_agmerra_andalusia\agmerra_1427_207_ESP.txt	-3.3750	38.3750	1	9862	12	31	2006	2609.3	3.1	7427.6	8366.5	   119.0	     1.0	183.8	1546.1	504.0	0.000	0.0	0.0	9657.47	50301.43	19358.753	5905.42	2933.22	4274.78	49.00
OliveGIS	30set19	19:25:04	D:\wx_medgold\wx_agmerra_andalusia\agmerra_1427_208_ESP.txt	-3.3750	38.1250	1	9862	12	31	2006	2619.0	1.8	7372.5	8347.2	   116.0	     1.0	162.7	1378.4	477.2	0.000	0.0	0.0	10027.07	53207.00	21645.245	6201.43	3098.18	4334.27	49.68
OliveGIS	30set19	19:25:13	D:\wx_medgold\wx_agmerra_andalusia\agmerra_1427_209_ESP.txt	-3.3750	37.8750	1	9862	12	31	2006	2627.9	1.3	7292.7	8244.2	   112.0	     1.0	140.6	1303.9	445.1	0.000	0.0	0.0	8676.54	46632.60	19257.742	5173.35	2814.24	3907.08	45.08
OliveGIS	30set19	19:25:21	D:\wx_medgold\wx_agmerra_andalusia\agmerra_1427_210_ESP.txt	-3.3750	37.6250	1	9862	12	31	2006	2611.6	3.1	7120.9	7656.3	   122.0	     1.0	179.3	1899.6	474.3	0.000	0.0	0.0	19355.81	101394.65	42247.944	12809.64	4868.15	5407.28	67.58
OliveGIS	30set19	19:25:27	D:\wx_medgold\wx_agmerra_andalusia\agmerra_1427_211_ESP.txt	-3.3750	37.3750	1	9862	12	31	2006	2211.7	20.9	9236.5	9538.0	   150.0	     1.0	485.7	2796.7	265.6	0.000	0.0	0.1	10390.24	88471.95	64981.972	4263.61	1712.16	1983.02	20.66
OliveGIS	30set19	19:25:34	D:\wx_medgold\wx_agmerra_andalusia\agmerra_1427_212_ESP.txt	-3.3750	37.1250	1	9862	12	31	2006	2361.0	11.5	7337.3	7483.3	   146.0	     1.0	397.6	2722.7	712.5	0.000	0.0	0.0	22380.51	190147.33	154733.285	15342.07	4548.76	3896.35	51.70
OliveGIS	30set19	19:25:43	D:\wx_medgold\wx_agmerra_andalusia\agmerra_1427_213_ESP.txt	-3.3750	36.8750	1	9862	12	31	2006	2597.1	5.1	7495.7	7607.7	   138.0	     1.0	316.6	2484.4	699.9	0.000	0.0	0.0	38216.16	241146.25	242708.669	59461.99	8522.81	6247.57	77.97
OliveGIS	30set19	19:25:51	D:\wx_medgold\wx_agmerra_andalusia\agmerra_1428_207_ESP.txt	-3.1250	38.3750	1	9862	12	31	2006	2601.8	5.3	7085.1	7770.1	   123.0	     1.0	208.7	1777.9	488.3	0.000	0.0	0.0	17402.12	89817.47	36735.065	14309.78	4433.25	5265.09	64.99
OliveGIS	30set19	19:25:59	D:\wx_medgold\wx_agmerra_andalusia\agmerra_1428_208_ESP.txt	-3.1250	38.1250	1	9862	12	31	2006	2602.8	4.3	7412.3	8140.3	   121.0	     1.0	195.9	1737.5	498.3	0.000	0.0	0.0	17247.88	88333.76	35779.819	13624.75	4526.73	5470.31	64.43
OliveGIS	30set19	19:26:08	D:\wx_medgold\wx_agmerra_andalusia\agmerra_1428_209_ESP.txt	-3.1250	37.8750	1	9862	12	31	2006	2608.9	3.3	7866.4	8675.6	   118.0	     1.0	168.5	1617.3	458.6	0.000	0.0	0.0	13949.48	70700.20	26472.340	8361.65	3687.48	5105.10	56.47
OliveGIS	30set19	19:26:15	D:\wx_medgold\wx_agmerra_andalusia\agmerra_1428_210_ESP.txt	-3.1250	37.6250	1	9862	12	31	2006	2607.4	5.3	7230.1	7671.7	   125.0	     1.0	197.1	2021.0	457.6	0.000	0.0	0.0	24319.22	127448.22	58592.964	23770.26	6105.09	5944.36	73.92
OliveGIS	30set19	19:26:21	D:\wx_medgold\wx_agmerra_andalusia\agmerra_1428_211_ESP.txt	-3.1250	37.3750	1	9862	12	31	2006	2212.9	21.4	9236.5	9510.7	   149.0	     1.0	479.7	2818.5	265.1	0.000	0.1	0.5	11611.84	91628.77	79554.112	5056.22	2019.34	2228.91	23.30
OliveGIS	30set19	19:26:28	D:\wx_medgold\wx_agmerra_andalusia\agmerra_1428_212_ESP.txt	-3.1250	37.1250	1	9862	12	31	2006	2439.4	8.7	4015.2	6452.7	   141.0	     1.0	354.4	2682.7	529.2	0.000	0.0	0.0	24434.69	179617.76	166469.744	20368.30	5081.90	4045.77	61.98
OliveGIS	30set19	19:26:36	D:\wx_medgold\wx_agmerra_andalusia\agmerra_1428_213_ESP.txt	-3.1250	36.8750	1	9862	12	31	2006	2602.7	3.1	7118.8	7247.3	   135.0	     1.0	233.2	2399.5	450.3	0.000	0.0	0.0	37541.45	198419.41	134414.761	95172.19	7922.22	6188.27	80.83
OliveGIS	30set19	19:26:43	D:\wx_medgold\wx_agmerra_andalusia\agmerra_1429_207_ESP.txt	-2.8750	38.3750	1	9862	12	31	2006	2605.4	11.3	9601.8	10135.4	   134.0	     1.0	276.7	2135.5	444.8	0.000	0.0	0.0	35325.66	197108.83	95675.774	23330.66	7262.27	7125.02	67.53
OliveGIS	30set19	19:26:50	D:\wx_medgold\wx_agmerra_andalusia\agmerra_1429_208_ESP.txt	-2.8750	38.1250	1	9862	12	31	2006	2606.5	10.9	9396.9	9878.0	   134.0	     1.0	275.2	2145.6	508.9	0.000	0.0	0.0	39830.26	232566.06	126639.805	40303.17	8814.92	7454.55	72.35
OliveGIS	30set19	19:26:57	D:\wx_medgold\wx_agmerra_andalusia\agmerra_1429_209_ESP.txt	-2.8750	37.8750	1	9862	12	31	2006	2598.3	9.3	8051.3	8326.9	   134.0	     1.0	255.6	2318.6	527.6	0.000	0.0	0.0	39558.14	218513.75	136608.140	51290.49	8643.92	6762.02	77.56
OliveGIS	30set19	19:27:04	D:\wx_medgold\wx_agmerra_andalusia\agmerra_1429_210_ESP.txt	-2.8750	37.6250	1	9862	12	31	2006	2597.2	11.0	6992.8	7138.9	   136.0	     1.0	285.4	2494.8	391.4	0.000	0.1	0.7	35385.14	218200.05	196891.426	51891.31	8165.30	5880.39	78.01
OliveGIS	30set19	19:27:09	D:\wx_medgold\wx_agmerra_andalusia\agmerra_1429_211_ESP.txt	-2.8750	37.3750	1	9862	12	31	2006	1512.6	70.8	0.1	0.2	   175.0	     1.0	822.7	3395.1	398.7	0.000	1.7	3.0	0.83	5.67	4.826	31.93	0.11	0.12	53.50
OliveGIS	30set19	19:27:14	D:\wx_medgold\wx_agmerra_andalusia\agmerra_1429_212_ESP.txt	-2.8750	37.1250	1	9862	12	31	2006	1760.6	27.7	2245.0	2905.4	   165.0	     1.0	587.2	3339.9	442.0	0.000	0.0	0.0	5000.09	25719.49	20401.943	1617.22	517.87	650.41	21.93
OliveGIS	30set19	19:27:22	D:\wx_medgold\wx_agmerra_andalusia\agmerra_1429_213_ESP.txt	-2.8750	36.8750	1	9862	12	31	2006	2625.6	0.2	7980.5	8322.2	   114.0	     1.0	116.2	1733.4	430.9	0.000	0.0	0.0	19496.19	100201.77	40776.816	12359.47	5154.14	5880.84	67.47
OliveGIS	30set19	19:27:29	D:\wx_medgold\wx_agmerra_andalusia\agmerra_1430_207_ESP.txt	-2.6250	38.3750	1	9862	12	31	2006	2590.9	15.0	8881.7	9221.2	   136.0	     1.0	308.9	2316.8	468.1	0.000	0.0	0.6	33162.62	223430.27	139318.036	28659.48	6689.59	5981.57	62.34
OliveGIS	30set19	19:27:36	D:\wx_medgold\wx_agmerra_andalusia\agmerra_1430_208_ESP.txt	-2.6250	38.1250	1	9862	12	31	2006	2569.5	15.6	9366.5	9670.0	   137.0	     1.0	366.9	2432.1	589.7	0.000	0.0	0.5	32300.34	243266.73	230192.379	26095.33	7312.38	5884.45	58.76
OliveGIS	30set19	19:27:42	D:\wx_medgold\wx_agmerra_andalusia\agmerra_1430_209_ESP.txt	-2.6250	37.8750	1	9862	12	31	2006	2553.2	12.6	2945.6	4680.9	   137.0	     1.0	328.8	2542.8	530.0	0.000	0.1	0.6	21514.10	143334.40	140023.474	23597.72	4822.71	3499.53	71.95
OliveGIS	30set19	19:27:49	D:\wx_medgold\wx_agmerra_andalusia\agmerra_1430_210_ESP.txt	-2.6250	37.6250	1	9862	12	31	2006	2589.0	12.6	7541.5	7701.0	   136.0	     1.0	312.8	2536.8	385.6	0.000	0.6	1.5	39012.37	245402.38	261394.858	57586.01	8996.23	6241.62	77.17
OliveGIS	30set19	19:27:54	D:\wx_medgold\wx_agmerra_andalusia\agmerra_1430_211_ESP.txt	-2.6250	37.3750	1	9862	12	31	2006	1564.6	61.2	2.2	3.6	   173.0	     1.0	767.3	3391.0	363.1	0.000	2.1	3.5	14.49	99.84	82.957	59.81	2.19	2.17	55.73
OliveGIS	30set19	19:27:59	D:\wx_medgold\wx_agmerra_andalusia\agmerra_1430_212_ESP.txt	-2.6250	37.1250	1	9862	12	31	2006	1877.2	18.0	6231.3	7409.4	   160.0	     1.0	493.5	3352.4	360.7	0.000	0.0	0.0	21058.47	126667.59	86329.825	9161.73	2179.88	2572.09	34.28
OliveGIS	30set19	19:28:08	D:\wx_medgold\wx_agmerra_andalusia\agmerra_1430_213_ESP.txt	-2.6250	36.8750	1	9862	12	31	2006	2627.2	0.0	8374.3	8777.1	   108.0	     1.0	88.4	1538.1	318.1	0.000	0.0	0.0	17507.76	88034.36	35596.188	10017.22	4812.60	5923.46	64.60
OliveGIS	30set19	19:28:14	D:\wx_medgold\wx_agmerra_andalusia\agmerra_1431_209_ESP.txt	-2.3750	37.8750	1	9862	12	31	2006	2127.0	23.7	10390.2	10845.6	   150.0	     1.0	470.9	3001.9	414.8	0.000	0.6	1.6	16089.78	136151.22	79263.907	4639.15	2126.24	2530.31	23.19
OliveGIS	30set19	19:28:20	D:\wx_medgold\wx_agmerra_andalusia\agmerra_1431_210_ESP.txt	-2.3750	37.6250	1	9862	12	31	2006	2258.0	16.6	6977.2	7157.7	   144.0	     1.0	404.8	2913.7	386.4	0.000	0.3	1.1	20158.36	160240.66	125109.419	10912.00	3600.27	3247.31	45.12
OliveGIS	30set19	19:28:26	D:\wx_medgold\wx_agmerra_andalusia\agmerra_1431_211_ESP.txt	-2.3750	37.3750	1	9862	12	31	2006	2133.9	15.4	6835.2	7185.6	   148.0	     1.0	410.8	3097.5	299.4	0.000	0.0	0.4	27098.26	194642.80	164634.605	13605.60	4343.50	3902.09	53.89
OliveGIS	30set19	19:28:32	D:\wx_medgold\wx_agmerra_andalusia\agmerra_1431_212_ESP.txt	-2.3750	37.1250	1	9862	12	31	2006	2482.9	2.2	6976.9	7031.2	   137.0	     1.0	218.5	2939.1	343.7	0.000	0.0	0.0	43470.69	252324.00	318911.952	175094.40	10193.11	6125.86	83.83
OliveGIS	30set19	19:28:42	D:\wx_medgold\wx_agmerra_andalusia\agmerra_1431_213_ESP.txt	-2.3750	36.8750	1	9862	12	31	2006	2624.9	0.0	8296.5	8653.6	   108.0	     1.0	79.7	1554.2	258.4	0.000	0.0	0.0	20182.13	101250.63	41944.030	13405.64	5395.91	6233.52	68.88
OliveGIS	30set19	19:28:49	D:\wx_medgold\wx_agmerra_andalusia\agmerra_1432_209_ESP.txt	-2.1250	37.8750	1	9862	12	31	2006	2250.9	17.3	7187.4	7384.3	   145.0	     1.0	401.9	2955.6	404.8	0.000	0.3	1.1	24737.29	196002.75	140072.961	13702.46	4273.40	3816.46	51.34
OliveGIS	30set19	19:28:56	D:\wx_medgold\wx_agmerra_andalusia\agmerra_1432_210_ESP.txt	-2.1250	37.6250	1	9862	12	31	2006	2495.0	9.2	4480.2	5216.8	   138.0	     1.0	302.3	2761.1	387.0	0.000	0.0	0.0	25919.13	162367.63	160509.450	40562.40	5882.90	4173.93	77.59
OliveGIS	30set19	19:29:02	D:\wx_medgold\wx_agmerra_andalusia\agmerra_1432_211_ESP.txt	-2.1250	37.3750	1	9862	12	31	2006	2395.2	6.0	4524.3	5172.5	   138.0	     1.0	281.9	2958.5	303.7	0.000	0.0	0.0	30044.68	180729.31	189065.168	66387.61	6853.67	4341.02	81.43
OliveGIS	30set19	19:29:10	D:\wx_medgold\wx_agmerra_andalusia\agmerra_1432_212_ESP.txt	-2.1250	37.1250	1	9862	12	31	2006	2610.8	0.2	7001.8	7028.6	   126.0	     1.0	112.8	2824.6	286.8	0.000	0.0	0.0	42873.03	236594.76	191504.722	158133.57	10642.09	6499.21	86.40
OliveGIS	30set19	19:29:20	D:\wx_medgold\wx_agmerra_andalusia\agmerra_1432_213_ESP.txt	-2.1250	36.8750	1	9862	12	31	2006	2627.5	0.0	9003.5	9347.0	   101.0	     1.0	40.6	1327.5	252.8	0.000	0.0	0.0	21579.52	108693.79	47549.799	13851.26	6198.82	6862.13	70.39
OliveGIS	30set19	19:29:28	D:\wx_medgold\wx_agmerra_andalusia\agmerra_1433_211_ESP.txt	-1.8750	37.3750	1	9862	12	31	2006	2617.2	1.3	7563.7	8046.5	   112.0	     1.0	131.1	1672.1	298.6	0.000	0.0	0.0	19816.98	100768.96	42217.868	18619.62	5279.33	5878.33	69.82
OliveGIS	30set19	19:29:38	D:\wx_medgold\wx_agmerra_andalusia\agmerra_1433_212_ESP.txt	-1.8750	37.1250	1	9862	12	31	2006	2623.0	0.0	8623.6	9001.6	   103.0	     1.0	49.6	1451.3	256.4	0.000	0.0	0.0	22248.48	111210.40	49178.706	16607.28	6320.97	6803.13	72.19
