Model	Date	Time	WxFile	Long	Lat	JdStart	DysToOut	Month	Day	Year	dd	ddbZero	FruWgt	fruNum	Bloomday	BloomYr	DDBSum	ChillHD	PrcpYrSum	TempIncr	ddbMinus10	ddbMinus83	OFEgDays	OFLrDays	OFPuDays	OFAdDays	OfPupSum	DamFrSum	PrcntAtkd
OliveGIS	30set19	19:10:01	D:\wx_medgold\wx_agmerra_andalusia\agmerra_1411_210_ESP.txt	-7.3750	37.6250	1	8036	12	31	2001	2644.9	0.0	1354.1	1408.0	    98.0	     1.0	29.9	2097.1	679.5	0.000	0.0	0.0	4602.21	21648.89	9876.807	4226.46	1166.11	1146.48	77.41
OliveGIS	30set19	19:10:11	D:\wx_medgold\wx_agmerra_andalusia\agmerra_1411_211_ESP.txt	-7.3750	37.3750	1	8036	12	31	2001	2651.9	0.0	8774.0	8982.0	    98.0	     1.0	27.9	2123.6	623.6	0.000	0.0	0.0	21909.15	106747.17	44022.327	12810.48	5428.47	6381.95	67.86
OliveGIS	30set19	19:10:18	D:\wx_medgold\wx_agmerra_andalusia\agmerra_1412_209_ESP.txt	-7.1250	37.8750	1	8036	12	31	2001	2641.6	0.0	1876.4	1928.7	   104.0	     1.0	42.4	2390.0	717.3	0.000	0.0	0.0	7735.65	36791.66	16998.340	11058.02	1822.25	1641.89	80.45
OliveGIS	30set19	19:10:25	D:\wx_medgold\wx_agmerra_andalusia\agmerra_1412_210_ESP.txt	-7.1250	37.6250	1	8036	12	31	2001	2641.5	0.0	1691.0	1754.1	   100.0	     1.0	34.2	2113.8	739.4	0.000	0.0	0.0	5563.96	26316.59	11995.259	4748.58	1427.95	1415.87	76.83
OliveGIS	30set19	19:10:33	D:\wx_medgold\wx_agmerra_andalusia\agmerra_1412_211_ESP.txt	-7.1250	37.3750	1	8036	12	31	2001	2651.7	0.0	8662.2	8888.7	    98.0	     1.0	31.5	2093.0	641.4	0.000	0.0	0.0	22276.88	109048.74	46048.324	12906.49	5677.49	6465.36	69.25
OliveGIS	30set19	19:10:40	D:\wx_medgold\wx_agmerra_andalusia\agmerra_1413_208_ESP.txt	-6.8750	38.1250	1	8036	12	31	2001	2626.7	0.0	6804.6	7087.2	   109.0	     1.0	60.5	2436.5	762.2	0.000	0.0	0.0	22090.78	106334.81	43827.715	17992.03	4944.58	5391.48	72.58
OliveGIS	30set19	19:10:48	D:\wx_medgold\wx_agmerra_andalusia\agmerra_1413_209_ESP.txt	-6.8750	37.8750	1	8036	12	31	2001	2637.0	0.0	2042.1	2115.6	   102.0	     1.0	40.7	2272.3	835.7	0.000	0.0	0.0	6722.09	31283.47	13805.488	6874.56	1609.45	1683.90	75.70
OliveGIS	30set19	19:10:55	D:\wx_medgold\wx_agmerra_andalusia\agmerra_1413_210_ESP.txt	-6.8750	37.6250	1	8036	12	31	2001	2647.5	0.0	8816.7	9253.8	    96.0	     1.0	30.0	1926.1	888.7	0.000	0.0	0.0	17243.85	84514.02	33572.220	8854.56	4514.65	5898.56	60.96
OliveGIS	30set19	19:11:06	D:\wx_medgold\wx_agmerra_andalusia\agmerra_1413_211_ESP.txt	-6.8750	37.3750	1	8036	12	31	2001	2649.2	0.0	9194.4	9510.7	    96.0	     1.0	26.5	1915.0	704.5	0.000	0.0	0.0	19489.42	94957.44	38236.481	10136.42	5074.91	6366.32	64.10
OliveGIS	30set19	19:11:14	D:\wx_medgold\wx_agmerra_andalusia\agmerra_1414_209_ESP.txt	-6.6250	37.8750	1	8036	12	31	2001	2630.6	0.0	1879.3	1938.7	   105.0	     1.0	49.2	2356.1	873.8	0.000	0.0	0.0	6853.65	32115.15	14184.058	8614.40	1578.53	1586.10	77.61
OliveGIS	30set19	19:11:22	D:\wx_medgold\wx_agmerra_andalusia\agmerra_1414_210_ESP.txt	-6.6250	37.6250	1	8036	12	31	2001	2649.6	0.0	8430.4	8834.1	    98.0	     1.0	34.7	1983.0	879.4	0.000	0.0	0.0	16029.64	78261.52	30794.397	8351.55	4143.25	5539.45	59.89
OliveGIS	30set19	19:11:30	D:\wx_medgold\wx_agmerra_andalusia\agmerra_1414_211_ESP.txt	-6.6250	37.3750	1	8036	12	31	2001	2639.4	0.0	8912.5	9260.6	    96.0	     1.0	31.8	1881.7	700.1	0.000	0.0	0.0	16905.72	82835.53	32694.986	8639.53	4462.43	5869.39	60.67
OliveGIS	30set19	19:11:38	D:\wx_medgold\wx_agmerra_andalusia\agmerra_1414_212_ESP.txt	-6.6250	37.1250	1	8036	12	31	2001	2667.9	0.0	10112.5	10384.5	    85.0	     1.0	4.2	1607.5	612.9	0.000	0.0	0.0	30139.54	151202.83	71129.806	21587.96	8455.54	8118.32	74.90
OliveGIS	30set19	19:11:45	D:\wx_medgold\wx_agmerra_andalusia\agmerra_1415_209_ESP.txt	-6.3750	37.8750	1	8036	12	31	2001	2633.2	0.0	7473.5	7755.8	   106.0	     1.0	57.0	2274.8	753.1	0.000	0.0	0.0	17988.96	85801.78	34280.288	10840.28	4287.59	5353.72	66.01
OliveGIS	30set19	19:11:53	D:\wx_medgold\wx_agmerra_andalusia\agmerra_1415_210_ESP.txt	-6.3750	37.6250	1	8036	12	31	2001	2648.1	0.0	8524.2	8970.2	    97.0	     1.0	40.1	1882.2	733.4	0.000	0.0	0.0	13838.88	69508.93	26819.551	6708.30	3820.61	5286.85	56.14
OliveGIS	30set19	19:12:02	D:\wx_medgold\wx_agmerra_andalusia\agmerra_1415_211_ESP.txt	-6.3750	37.3750	1	8036	12	31	2001	2650.7	0.0	10081.7	10662.5	    92.0	     1.0	23.9	1534.8	648.3	0.000	0.0	0.0	14106.81	73408.48	28681.274	7116.40	4237.82	5901.53	53.01
OliveGIS	30set19	19:12:11	D:\wx_medgold\wx_agmerra_andalusia\agmerra_1415_212_ESP.txt	-6.3750	37.1250	1	8036	12	31	2001	2672.0	0.0	10525.5	10964.1	    82.0	     1.0	5.5	1230.1	609.9	0.000	0.0	0.0	22940.43	115099.05	49640.343	14674.80	6778.21	7730.28	67.31
OliveGIS	30set19	19:12:20	D:\wx_medgold\wx_agmerra_andalusia\agmerra_1415_213_ESP.txt	-6.3750	36.8750	1	8036	12	31	2001	2668.5	0.0	10767.8	11060.6	    89.0	     1.0	6.9	1671.4	515.9	0.000	0.0	0.0	27833.88	140956.62	62355.068	18265.89	7817.47	8276.27	71.23
OliveGIS	30set19	19:12:28	D:\wx_medgold\wx_agmerra_andalusia\agmerra_1416_209_ESP.txt	-6.1250	37.8750	1	8036	12	31	2001	2637.5	0.0	7612.3	7878.2	   106.0	     1.0	61.1	2226.8	747.1	0.000	0.0	0.0	17460.00	83784.26	33644.172	10716.26	4276.17	5385.70	65.21
OliveGIS	30set19	19:12:35	D:\wx_medgold\wx_agmerra_andalusia\agmerra_1416_210_ESP.txt	-6.1250	37.6250	1	8036	12	31	2001	2639.9	0.0	8657.8	9123.7	    97.0	     1.0	42.1	1811.1	713.8	0.000	0.0	0.0	12780.01	63946.92	24461.521	6103.06	3536.93	5088.79	53.36
OliveGIS	30set19	19:12:44	D:\wx_medgold\wx_agmerra_andalusia\agmerra_1416_211_ESP.txt	-6.1250	37.3750	1	8036	12	31	2001	2646.6	0.0	9912.6	10546.8	    92.0	     1.0	31.0	1438.1	639.1	0.000	0.0	0.0	13762.90	72283.97	28595.531	7268.48	4213.35	5866.87	53.31
OliveGIS	30set19	19:12:53	D:\wx_medgold\wx_agmerra_andalusia\agmerra_1416_212_ESP.txt	-6.1250	37.1250	1	8036	12	31	2001	2674.5	0.0	10275.3	10826.2	    85.0	     1.0	15.2	1188.4	624.2	0.000	0.0	0.0	18073.49	94195.50	39277.721	11222.81	5729.40	6950.47	61.27
OliveGIS	30set19	19:13:02	D:\wx_medgold\wx_agmerra_andalusia\agmerra_1416_213_ESP.txt	-6.1250	36.8750	1	8036	12	31	2001	2643.0	0.0	10210.3	10619.2	    91.0	     1.0	23.3	1546.8	524.4	0.000	0.0	0.0	18319.41	93150.17	37544.709	9725.06	5259.59	6724.57	60.61
OliveGIS	30set19	19:13:11	D:\wx_medgold\wx_agmerra_andalusia\agmerra_1416_214_ESP.txt	-6.1250	36.6250	1	8036	12	31	2001	2660.3	0.0	10614.0	10836.4	    89.0	     1.0	10.9	1744.2	509.9	0.000	0.0	0.0	28799.07	140521.03	59790.564	17875.19	7558.15	8188.21	71.93
OliveGIS	30set19	19:13:20	D:\wx_medgold\wx_agmerra_andalusia\agmerra_1416_215_ESP.txt	-6.1250	36.3750	1	8036	12	31	2001	2639.6	0.0	10875.3	11348.3	    90.0	     1.0	18.4	1464.7	464.5	0.000	0.0	0.0	18211.99	95077.76	38772.446	10238.14	5525.74	7096.23	59.85
OliveGIS	30set19	19:13:28	D:\wx_medgold\wx_agmerra_andalusia\agmerra_1417_208_ESP.txt	-5.8750	38.1250	1	8036	12	31	2001	2622.2	0.0	6355.7	6622.6	   114.0	     1.0	93.0	2329.2	656.8	0.000	0.0	0.0	16566.51	80031.22	31195.100	12316.23	3723.23	4590.68	66.34
OliveGIS	30set19	19:13:36	D:\wx_medgold\wx_agmerra_andalusia\agmerra_1417_209_ESP.txt	-5.8750	37.8750	1	8036	12	31	2001	2635.8	0.0	8003.3	8329.8	   104.0	     1.0	63.5	2115.0	680.8	0.000	0.0	0.0	13711.63	68239.53	26782.271	7287.86	3772.19	5069.04	57.98
OliveGIS	30set19	19:13:44	D:\wx_medgold\wx_agmerra_andalusia\agmerra_1417_210_ESP.txt	-5.8750	37.6250	1	8036	12	31	2001	2649.7	0.0	8821.7	9348.3	    96.0	     1.0	45.1	1685.9	631.3	0.000	0.0	0.0	11594.51	59512.44	22813.057	5795.97	3424.78	4958.11	50.60
OliveGIS	30set19	19:13:52	D:\wx_medgold\wx_agmerra_andalusia\agmerra_1417_211_ESP.txt	-5.8750	37.3750	1	8036	12	31	2001	2654.5	0.0	9686.6	10333.7	    91.0	     1.0	31.1	1425.1	610.0	0.000	0.0	0.0	13034.43	68041.00	27095.156	6931.49	3999.73	5662.66	52.45
OliveGIS	30set19	19:14:04	D:\wx_medgold\wx_agmerra_andalusia\agmerra_1417_212_ESP.txt	-5.8750	37.1250	1	8036	12	31	2001	2669.5	0.0	9935.7	10489.8	    86.0	     1.0	21.6	1322.2	577.9	0.000	0.0	0.0	16121.73	84206.34	34976.201	9576.55	5046.45	6474.00	58.82
OliveGIS	30set19	19:14:13	D:\wx_medgold\wx_agmerra_andalusia\agmerra_1417_213_ESP.txt	-5.8750	36.8750	1	8036	12	31	2001	2652.5	0.0	10722.3	11099.5	    93.0	     1.0	26.0	1690.0	494.8	0.000	0.0	0.0	19843.70	99274.49	39704.063	10632.90	5515.24	7127.35	61.31
OliveGIS	30set19	19:14:21	D:\wx_medgold\wx_agmerra_andalusia\agmerra_1417_214_ESP.txt	-5.8750	36.6250	1	8036	12	31	2001	2660.9	0.0	10462.0	10686.7	    89.0	     1.0	12.4	1772.8	584.7	0.000	0.0	0.0	26314.76	127855.43	53373.785	15714.53	6885.74	7840.98	69.85
OliveGIS	30set19	19:14:29	D:\wx_medgold\wx_agmerra_andalusia\agmerra_1417_215_ESP.txt	-5.8750	36.3750	1	8036	12	31	2001	2670.2	0.0	10708.5	10896.1	    89.0	     1.0	7.8	1841.2	623.7	0.000	0.0	0.0	33530.47	162901.80	73056.008	24726.75	8853.83	8689.21	75.88
OliveGIS	30set19	19:14:36	D:\wx_medgold\wx_agmerra_andalusia\agmerra_1418_208_ESP.txt	-5.6250	38.1250	1	8036	12	31	2001	2623.5	0.0	6577.8	6903.7	   112.0	     1.0	88.1	2198.4	668.5	0.000	0.0	0.0	13077.31	63574.30	25556.922	8294.77	3390.51	4445.20	61.50
OliveGIS	30set19	19:14:44	D:\wx_medgold\wx_agmerra_andalusia\agmerra_1418_209_ESP.txt	-5.6250	37.8750	1	8036	12	31	2001	2638.7	0.0	8211.0	8604.5	   102.0	     1.0	59.6	1951.4	670.6	0.000	0.0	0.0	12397.60	62002.27	23857.785	6040.11	3476.54	4902.93	54.32
OliveGIS	30set19	19:14:52	D:\wx_medgold\wx_agmerra_andalusia\agmerra_1418_210_ESP.txt	-5.6250	37.6250	1	8036	12	31	2001	2641.7	0.0	10124.2	10758.0	    95.0	     1.0	44.5	1567.5	636.5	0.000	0.0	0.0	12547.55	64951.05	24580.687	6111.63	3734.03	5498.74	48.92
OliveGIS	30set19	19:15:01	D:\wx_medgold\wx_agmerra_andalusia\agmerra_1418_211_ESP.txt	-5.6250	37.3750	1	8036	12	31	2001	2646.4	0.0	9583.6	10173.8	    91.0	     1.0	35.3	1450.6	608.4	0.000	0.0	0.0	13475.20	70928.42	28256.270	7348.99	4146.99	5738.44	53.96
OliveGIS	30set19	19:15:09	D:\wx_medgold\wx_agmerra_andalusia\agmerra_1418_212_ESP.txt	-5.6250	37.1250	1	8036	12	31	2001	2659.7	0.0	10276.4	10730.8	    92.0	     1.0	30.5	1640.8	588.3	0.000	0.0	0.0	15266.48	78607.49	30725.432	8026.83	4510.38	6193.66	55.02
OliveGIS	30set19	19:15:18	D:\wx_medgold\wx_agmerra_andalusia\agmerra_1418_213_ESP.txt	-5.6250	36.8750	1	8036	12	31	2001	2644.5	0.0	8382.3	8551.1	   100.0	     1.0	39.4	2080.9	517.7	0.000	0.0	0.0	19759.70	95879.03	39625.869	12734.58	5125.38	6107.01	67.95
OliveGIS	30set19	19:15:26	D:\wx_medgold\wx_agmerra_andalusia\agmerra_1418_214_ESP.txt	-5.6250	36.6250	1	8036	12	31	2001	2654.2	0.0	9117.5	9264.3	    95.0	     1.0	19.7	2089.2	642.3	0.000	0.0	0.0	24572.70	118270.18	49839.653	17163.61	6134.71	6925.67	71.11
OliveGIS	30set19	19:15:33	D:\wx_medgold\wx_agmerra_andalusia\agmerra_1418_215_ESP.txt	-5.6250	36.3750	1	8036	12	31	2001	2650.4	0.0	9858.1	10022.7	    92.0	     1.0	12.1	2018.2	771.6	0.000	0.0	0.0	35027.36	167635.39	78073.827	31243.50	9016.84	8312.16	78.95
OliveGIS	30set19	19:15:41	D:\wx_medgold\wx_agmerra_andalusia\agmerra_1418_216_ESP.txt	-5.6250	36.1250	1	8036	12	31	2001	2674.1	0.0	9953.3	10119.6	    83.0	     1.0	0.4	1948.4	554.0	0.000	0.0	0.0	47949.10	241888.35	137177.094	61760.71	13476.54	9059.24	84.84
OliveGIS	30set19	19:15:47	D:\wx_medgold\wx_agmerra_andalusia\agmerra_1419_207_ESP.txt	-5.3750	38.3750	1	8036	12	31	2001	2616.0	0.2	5907.3	6226.7	   121.0	     1.0	122.0	2358.9	619.6	0.000	0.0	0.0	16173.71	80414.02	31801.019	13109.32	3655.20	4310.60	66.51
OliveGIS	30set19	19:15:55	D:\wx_medgold\wx_agmerra_andalusia\agmerra_1419_208_ESP.txt	-5.3750	38.1250	1	8036	12	31	2001	2620.5	0.0	6558.1	6929.7	   114.0	     1.0	99.7	2142.9	663.4	0.000	0.0	0.0	11180.86	55805.62	22334.567	6714.42	3109.22	4190.95	57.73
OliveGIS	30set19	19:16:03	D:\wx_medgold\wx_agmerra_andalusia\agmerra_1419_209_ESP.txt	-5.3750	37.8750	1	8036	12	31	2001	2646.4	0.0	8642.2	9276.9	    98.0	     1.0	50.8	1678.7	707.9	0.000	0.0	0.0	9218.35	48031.37	17882.825	4697.23	2832.01	4347.93	44.57
OliveGIS	30set19	19:16:12	D:\wx_medgold\wx_agmerra_andalusia\agmerra_1419_210_ESP.txt	-5.3750	37.6250	1	8036	12	31	2001	2652.3	0.0	9282.2	10013.0	    91.0	     1.0	39.4	1340.2	631.4	0.000	0.0	0.0	11584.08	61395.44	25328.256	6730.07	3843.98	5320.88	50.70
OliveGIS	30set19	19:16:21	D:\wx_medgold\wx_agmerra_andalusia\agmerra_1419_211_ESP.txt	-5.3750	37.3750	1	8036	12	31	2001	2656.2	0.0	9839.1	10354.8	    94.0	     1.0	41.4	1575.6	569.9	0.000	0.0	0.0	13205.98	69150.02	26762.539	6967.04	4029.08	5662.91	52.06
OliveGIS	30set19	19:16:29	D:\wx_medgold\wx_agmerra_andalusia\agmerra_1419_212_ESP.txt	-5.3750	37.1250	1	8036	12	31	2001	2649.9	0.0	8443.3	8692.2	    99.0	     1.0	45.3	2023.9	579.7	0.000	0.0	0.0	16588.58	82383.35	33318.804	9558.14	4562.03	5747.85	62.96
OliveGIS	30set19	19:16:37	D:\wx_medgold\wx_agmerra_andalusia\agmerra_1419_213_ESP.txt	-5.3750	36.8750	1	8036	12	31	2001	2581.7	0.6	5958.8	5929.5	   132.0	     1.0	154.6	3058.4	517.7	0.000	0.0	0.0	33123.43	192945.81	195144.784	64281.43	7375.62	5069.05	81.80
OliveGIS	30set19	19:16:44	D:\wx_medgold\wx_agmerra_andalusia\agmerra_1419_214_ESP.txt	-5.3750	36.6250	1	8036	12	31	2001	2622.1	0.1	5712.7	5674.0	   116.0	     1.0	91.8	3075.7	612.6	0.000	0.0	0.0	38705.37	218613.62	182448.715	95882.64	8583.22	5229.03	86.52
OliveGIS	30set19	19:16:52	D:\wx_medgold\wx_agmerra_andalusia\agmerra_1419_215_ESP.txt	-5.3750	36.3750	1	8036	12	31	2001	2643.7	0.0	9437.3	9639.3	    93.0	     1.0	17.2	1952.3	629.8	0.000	0.0	0.0	32931.10	159555.65	76313.769	35454.42	8882.17	8010.87	79.10
OliveGIS	30set19	19:16:59	D:\wx_medgold\wx_agmerra_andalusia\agmerra_1420_206_ESP.txt	-5.1250	38.6250	1	8036	12	31	2001	2628.0	0.1	6095.8	6556.1	   116.0	     1.0	103.9	2181.3	596.4	0.000	0.0	0.0	12228.08	60192.32	24634.654	9654.32	3255.69	4237.36	61.71
OliveGIS	30set19	19:17:07	D:\wx_medgold\wx_agmerra_andalusia\agmerra_1420_207_ESP.txt	-5.1250	38.3750	1	8036	12	31	2001	2621.1	0.3	5974.8	6264.0	   122.0	     1.0	124.6	2384.6	640.5	0.000	0.0	0.0	17551.47	88122.87	36495.127	17023.80	4063.36	4519.06	69.07
OliveGIS	30set19	19:17:15	D:\wx_medgold\wx_agmerra_andalusia\agmerra_1420_208_ESP.txt	-5.1250	38.1250	1	8036	12	31	2001	2624.8	0.1	6872.0	7274.5	   112.0	     1.0	98.9	2073.8	681.3	0.000	0.0	0.0	11166.48	56650.78	22451.883	6618.53	3205.63	4327.48	56.65
OliveGIS	30set19	19:17:23	D:\wx_medgold\wx_agmerra_andalusia\agmerra_1420_209_ESP.txt	-5.1250	37.8750	1	8036	12	31	2001	2646.2	0.0	8891.7	9587.2	    97.0	     1.0	51.4	1567.6	687.9	0.000	0.0	0.0	9316.81	48972.78	18200.279	4808.33	2900.06	4445.25	44.09
OliveGIS	30set19	19:17:33	D:\wx_medgold\wx_agmerra_andalusia\agmerra_1420_210_ESP.txt	-5.1250	37.6250	1	8036	12	31	2001	2645.9	0.0	9580.9	10342.2	    92.0	     1.0	42.2	1333.0	615.4	0.000	0.0	0.0	11141.87	59346.07	24355.223	6343.52	3714.54	5257.77	48.60
OliveGIS	30set19	19:17:41	D:\wx_medgold\wx_agmerra_andalusia\agmerra_1420_211_ESP.txt	-5.1250	37.3750	1	8036	12	31	2001	2659.9	0.0	9263.4	9754.4	    96.0	     1.0	45.2	1586.4	576.2	0.000	0.0	0.0	13076.36	68132.88	26469.550	7131.60	3965.71	5505.58	53.71
OliveGIS	30set19	19:17:50	D:\wx_medgold\wx_agmerra_andalusia\agmerra_1420_212_ESP.txt	-5.1250	37.1250	1	8036	12	31	2001	2647.9	0.0	8395.9	8665.3	    99.0	     1.0	49.1	1953.2	581.1	0.000	0.0	0.0	15856.07	79305.27	31842.533	8804.60	4396.32	5634.32	61.77
OliveGIS	30set19	19:17:58	D:\wx_medgold\wx_agmerra_andalusia\agmerra_1420_213_ESP.txt	-5.1250	36.8750	1	8036	12	31	2001	2620.7	0.3	5744.1	5692.8	   128.0	     1.0	144.2	2962.2	529.2	0.000	0.0	0.0	35245.07	203222.80	176190.144	95763.58	7264.73	4967.64	82.41
OliveGIS	30set19	19:18:05	D:\wx_medgold\wx_agmerra_andalusia\agmerra_1420_214_ESP.txt	-5.1250	36.6250	1	8036	12	31	2001	2624.9	0.0	6272.4	6231.6	   111.0	     1.0	44.2	2955.4	583.3	0.000	0.0	0.0	38454.51	197833.47	134524.224	104019.97	8864.89	5760.22	86.72
OliveGIS	30set19	19:18:13	D:\wx_medgold\wx_agmerra_andalusia\agmerra_1421_206_ESP.txt	-4.8750	38.6250	1	8036	12	31	2001	2613.5	0.1	6201.1	6654.6	   114.0	     1.0	101.8	2103.1	609.8	0.000	0.0	0.0	10543.78	53438.17	21599.541	7817.28	3017.45	4020.59	57.83
OliveGIS	30set19	19:18:21	D:\wx_medgold\wx_agmerra_andalusia\agmerra_1421_207_ESP.txt	-4.8750	38.3750	1	8036	12	31	2001	2610.5	0.6	6241.5	6412.9	   133.0	     1.0	154.0	2604.6	639.1	0.000	0.0	0.0	23150.07	121560.37	64388.164	29037.00	4977.21	4827.40	72.11
OliveGIS	30set19	19:18:28	D:\wx_medgold\wx_agmerra_andalusia\agmerra_1421_208_ESP.txt	-4.8750	38.1250	1	8036	12	31	2001	2616.5	0.3	6647.7	6949.8	   116.0	     1.0	120.3	2187.2	605.1	0.000	0.0	0.0	14041.12	67903.78	26250.512	9185.52	3282.81	4422.99	60.93
OliveGIS	30set19	19:18:38	D:\wx_medgold\wx_agmerra_andalusia\agmerra_1421_209_ESP.txt	-4.8750	37.8750	1	8036	12	31	2001	2640.3	0.0	8585.7	9158.8	   101.0	     1.0	66.1	1670.6	730.7	0.000	0.0	0.0	10606.12	54524.34	20446.878	5553.75	3162.69	4728.19	49.22
OliveGIS	30set19	19:18:48	D:\wx_medgold\wx_agmerra_andalusia\agmerra_1421_210_ESP.txt	-4.8750	37.6250	1	8036	12	31	2001	2646.4	0.0	9274.4	9905.5	    97.0	     1.0	57.4	1566.0	667.9	0.000	0.0	0.0	10498.37	55365.19	20833.585	5430.27	3247.99	4862.95	46.74
OliveGIS	30set19	19:18:56	D:\wx_medgold\wx_agmerra_andalusia\agmerra_1421_211_ESP.txt	-4.8750	37.3750	1	8036	12	31	2001	2639.9	0.0	8694.5	8968.2	   103.0	     1.0	65.3	2003.2	553.5	0.000	0.0	0.0	16029.29	80110.83	32027.532	9486.86	4446.14	5739.30	61.01
OliveGIS	30set19	19:19:05	D:\wx_medgold\wx_agmerra_andalusia\agmerra_1421_212_ESP.txt	-4.8750	37.1250	1	8036	12	31	2001	2634.6	0.0	8137.6	8286.3	   106.0	     1.0	68.0	2248.1	544.9	0.000	0.0	0.0	22322.18	110094.36	44149.876	18590.75	5275.94	6040.64	69.73
OliveGIS	30set19	19:19:14	D:\wx_medgold\wx_agmerra_andalusia\agmerra_1421_213_ESP.txt	-4.8750	36.8750	1	8036	12	31	2001	2631.6	0.0	7105.6	7156.1	   108.0	     1.0	67.8	2358.2	478.9	0.000	0.0	0.0	26731.72	135060.17	63675.536	37533.15	6818.03	5971.17	79.27
OliveGIS	30set19	19:19:22	D:\wx_medgold\wx_agmerra_andalusia\agmerra_1421_214_ESP.txt	-4.8750	36.6250	1	8036	12	31	2001	2643.2	0.0	8543.9	8693.3	    95.0	     1.0	14.3	2161.9	469.8	0.000	0.0	0.0	34413.19	166220.29	81731.538	41249.97	8867.59	7464.19	81.64
OliveGIS	30set19	19:19:29	D:\wx_medgold\wx_agmerra_andalusia\agmerra_1422_207_ESP.txt	-4.6250	38.3750	1	8036	12	31	2001	2611.3	0.7	6126.8	6279.6	   133.0	     1.0	158.9	2615.0	638.0	0.000	0.0	0.0	23860.14	128573.90	69846.546	32884.39	5075.32	4818.97	73.32
OliveGIS	30set19	19:19:39	D:\wx_medgold\wx_agmerra_andalusia\agmerra_1422_208_ESP.txt	-4.6250	38.1250	1	8036	12	31	2001	2615.9	0.3	6809.2	7136.7	   115.0	     1.0	121.7	2136.6	588.2	0.000	0.0	0.0	12427.28	60801.34	23979.487	8499.10	3159.25	4349.44	58.37
OliveGIS	30set19	19:19:49	D:\wx_medgold\wx_agmerra_andalusia\agmerra_1422_209_ESP.txt	-4.6250	37.8750	1	8036	12	31	2001	2625.3	0.0	8818.2	9448.6	   100.0	     1.0	68.9	1608.7	675.1	0.000	0.0	0.0	10010.14	52469.38	19580.179	5347.70	3082.29	4632.56	46.85
OliveGIS	30set19	19:19:58	D:\wx_medgold\wx_agmerra_andalusia\agmerra_1422_210_ESP.txt	-4.6250	37.6250	1	8036	12	31	2001	2645.7	0.0	9021.8	9629.3	    99.0	     1.0	63.5	1618.5	654.7	0.000	0.0	0.0	10694.19	56243.82	21082.914	5697.28	3289.21	4877.46	48.17
OliveGIS	30set19	19:20:08	D:\wx_medgold\wx_agmerra_andalusia\agmerra_1422_211_ESP.txt	-4.6250	37.3750	1	8036	12	31	2001	2631.3	0.0	8241.3	8505.1	   105.0	     1.0	72.4	2055.4	555.7	0.000	0.0	0.0	17127.56	85022.35	35047.253	11637.47	4680.35	5762.63	64.67
OliveGIS	30set19	19:20:17	D:\wx_medgold\wx_agmerra_andalusia\agmerra_1422_212_ESP.txt	-4.6250	37.1250	1	8036	12	31	2001	2633.1	0.0	8231.6	8422.7	   105.0	     1.0	71.5	2163.8	567.1	0.000	0.0	0.0	21756.47	107272.72	44078.802	17201.18	5359.09	6165.64	69.76
OliveGIS	30set19	19:20:26	D:\wx_medgold\wx_agmerra_andalusia\agmerra_1422_213_ESP.txt	-4.6250	36.8750	1	8036	12	31	2001	2632.3	0.0	8126.1	8235.5	   105.0	     1.0	60.4	2201.1	452.3	0.000	0.0	0.0	27094.19	135037.56	59841.259	35894.71	6813.82	6630.51	76.59
OliveGIS	30set19	19:20:35	D:\wx_medgold\wx_agmerra_andalusia\agmerra_1422_214_ESP.txt	-4.6250	36.6250	1	8036	12	31	2001	2659.4	0.0	10589.4	10811.0	    90.0	     1.0	6.4	1905.2	395.6	0.000	0.0	0.0	41494.47	201030.69	100912.117	45787.22	11223.07	9273.30	81.38
OliveGIS	30set19	19:20:44	D:\wx_medgold\wx_agmerra_andalusia\agmerra_1423_208_ESP.txt	-4.3750	38.1250	1	8036	12	31	2001	2630.5	0.2	6714.4	7058.4	   114.0	     1.0	116.0	2100.7	566.9	0.000	0.0	0.0	12322.74	60780.96	24269.657	7731.96	3249.62	4395.83	59.30
OliveGIS	30set19	19:20:54	D:\wx_medgold\wx_agmerra_andalusia\agmerra_1423_209_ESP.txt	-4.3750	37.8750	1	8036	12	31	2001	2646.7	0.0	8786.7	9618.4	    97.0	     1.0	57.0	1386.0	648.8	0.000	0.0	0.0	8248.58	43909.22	16816.074	4451.95	2589.10	4177.37	41.28
OliveGIS	30set19	19:21:04	D:\wx_medgold\wx_agmerra_andalusia\agmerra_1423_210_ESP.txt	-4.3750	37.6250	1	8036	12	31	2001	2646.1	0.0	8527.3	9203.3	    99.0	     1.0	58.1	1562.6	619.8	0.000	0.0	0.0	10332.74	55135.58	20960.990	5866.07	3271.55	4756.18	49.17
OliveGIS	30set19	19:21:13	D:\wx_medgold\wx_agmerra_andalusia\agmerra_1423_211_ESP.txt	-4.3750	37.3750	1	8036	12	31	2001	2624.2	0.0	7343.6	7597.3	   109.0	     1.0	87.4	2142.6	541.2	0.000	0.0	0.0	15948.17	78211.13	31804.352	10667.27	4133.82	5174.71	65.00
OliveGIS	30set19	19:21:22	D:\wx_medgold\wx_agmerra_andalusia\agmerra_1423_212_ESP.txt	-4.3750	37.1250	1	8036	12	31	2001	2628.8	0.0	8362.8	8626.6	   106.0	     1.0	78.8	2049.9	558.0	0.000	0.0	0.0	17067.51	84226.16	33910.800	12005.79	4484.25	5723.62	63.31
OliveGIS	30set19	19:21:32	D:\wx_medgold\wx_agmerra_andalusia\agmerra_1423_213_ESP.txt	-4.3750	36.8750	1	8036	12	31	2001	2630.6	0.0	8065.1	8217.7	   106.0	     1.0	75.1	2063.4	482.6	0.000	0.0	0.0	19887.92	97786.70	39577.873	18239.17	4957.79	5891.10	68.22
OliveGIS	30set19	19:21:40	D:\wx_medgold\wx_agmerra_andalusia\agmerra_1424_207_ESP.txt	-4.1250	38.3750	1	8036	12	31	2001	2615.2	0.9	6494.3	6777.3	   131.0	     1.0	157.1	2427.4	584.7	0.000	0.0	0.0	21175.26	110727.40	51703.932	23686.78	4856.76	4995.31	70.57
OliveGIS	30set19	19:21:49	D:\wx_medgold\wx_agmerra_andalusia\agmerra_1424_208_ESP.txt	-4.1250	38.1250	1	8036	12	31	2001	2617.9	0.3	6653.7	7033.5	   113.0	     1.0	123.3	2034.3	536.2	0.000	0.0	0.0	11366.73	57271.85	22810.635	6908.20	3137.22	4248.56	57.65
OliveGIS	30set19	19:21:58	D:\wx_medgold\wx_agmerra_andalusia\agmerra_1424_209_ESP.txt	-4.1250	37.8750	1	8036	12	31	2001	2632.6	0.0	8503.6	9292.5	    99.0	     1.0	65.0	1481.9	617.0	0.000	0.0	0.0	8349.73	44327.08	16555.167	4511.41	2617.73	4137.65	42.48
OliveGIS	30set19	19:22:06	D:\wx_medgold\wx_agmerra_andalusia\agmerra_1424_210_ESP.txt	-4.1250	37.6250	1	8036	12	31	2001	2636.2	0.0	8391.9	8960.6	   104.0	     1.0	74.0	1827.5	610.9	0.000	0.0	0.0	12840.05	66315.71	25782.655	7360.08	3825.37	5236.88	55.73
OliveGIS	30set19	19:22:14	D:\wx_medgold\wx_agmerra_andalusia\agmerra_1424_211_ESP.txt	-4.1250	37.3750	1	8036	12	31	2001	2620.8	0.1	6866.4	7032.7	   117.0	     1.0	109.6	2412.5	529.0	0.000	0.0	0.0	20938.37	107843.98	46923.850	22336.52	4954.38	5143.82	70.06
OliveGIS	30set19	19:22:23	D:\wx_medgold\wx_agmerra_andalusia\agmerra_1424_212_ESP.txt	-4.1250	37.1250	1	8036	12	31	2001	2626.9	0.0	7468.9	7687.6	   110.0	     1.0	90.7	2189.8	548.2	0.000	0.0	0.0	19179.51	94700.28	37141.532	16423.50	4497.05	5416.71	67.10
OliveGIS	30set19	19:22:35	D:\wx_medgold\wx_agmerra_andalusia\agmerra_1424_213_ESP.txt	-4.1250	36.8750	1	8036	12	31	2001	2632.1	0.0	7377.4	7494.8	   109.0	     1.0	76.7	2146.8	467.7	0.000	0.0	0.0	21395.97	106912.16	43949.995	28278.91	5187.30	5655.95	71.67
OliveGIS	30set19	19:22:43	D:\wx_medgold\wx_agmerra_andalusia\agmerra_1425_207_ESP.txt	-3.8750	38.3750	1	8036	12	31	2001	2623.3	0.2	6536.9	6980.5	   117.0	     1.0	115.9	2142.4	591.5	0.000	0.0	0.0	12431.88	62096.37	24893.866	8167.05	3284.35	4378.85	59.91
OliveGIS	30set19	19:22:53	D:\wx_medgold\wx_agmerra_andalusia\agmerra_1425_208_ESP.txt	-3.8750	38.1250	1	8036	12	31	2001	2626.2	0.0	8021.5	8679.2	   106.0	     1.0	90.3	1766.0	545.4	0.000	0.0	0.0	10530.53	54517.49	20315.703	5561.70	3103.58	4591.76	50.55
OliveGIS	30set19	19:23:03	D:\wx_medgold\wx_agmerra_andalusia\agmerra_1425_209_ESP.txt	-3.8750	37.8750	1	8036	12	31	2001	2644.7	0.0	7990.1	8977.9	   100.0	     1.0	65.4	1335.5	583.1	0.000	0.0	0.0	6272.43	33532.51	12795.962	3489.97	2001.02	3407.37	35.90
OliveGIS	30set19	19:23:12	D:\wx_medgold\wx_agmerra_andalusia\agmerra_1425_210_ESP.txt	-3.8750	37.6250	1	8036	12	31	2001	2627.1	0.0	7198.0	7836.3	   108.0	     1.0	81.7	1851.1	627.0	0.000	0.0	0.0	10193.55	52985.55	20373.612	5361.26	3076.88	4332.48	52.89
OliveGIS	30set19	19:23:21	D:\wx_medgold\wx_agmerra_andalusia\agmerra_1425_211_ESP.txt	-3.8750	37.3750	1	8036	12	31	2001	2618.1	0.2	6825.9	7047.4	   119.0	     1.0	124.8	2363.9	456.6	0.000	0.0	0.0	20124.10	104083.25	43961.110	15199.60	4803.83	5077.66	69.09
OliveGIS	30set19	19:23:30	D:\wx_medgold\wx_agmerra_andalusia\agmerra_1425_212_ESP.txt	-3.8750	37.1250	1	8036	12	31	2001	2624.6	0.1	7258.4	7556.1	   111.0	     1.0	98.7	2083.3	463.8	0.000	0.0	0.0	13851.47	68127.59	26883.003	9150.27	3595.50	4791.92	60.50
OliveGIS	30set19	19:23:40	D:\wx_medgold\wx_agmerra_andalusia\agmerra_1425_213_ESP.txt	-3.8750	36.8750	1	8036	12	31	2001	2638.6	0.0	8633.6	9051.6	   105.0	     1.0	80.2	1719.1	477.9	0.000	0.0	0.0	12971.02	66734.08	25903.215	6834.57	3807.02	5262.34	55.39
OliveGIS	30set19	19:23:49	D:\wx_medgold\wx_agmerra_andalusia\agmerra_1426_207_ESP.txt	-3.6250	38.3750	1	8036	12	31	2001	2612.0	0.3	6542.8	6969.0	   117.0	     1.0	124.1	2144.3	561.5	0.000	0.0	0.0	13062.38	65275.27	26321.355	10647.09	3360.76	4436.35	60.94
OliveGIS	30set19	19:23:58	D:\wx_medgold\wx_agmerra_andalusia\agmerra_1426_208_ESP.txt	-3.6250	38.1250	1	8036	12	31	2001	2624.0	0.0	6172.3	6614.9	   108.0	     1.0	99.5	1846.8	510.8	0.000	0.0	0.0	9719.57	50181.15	19710.477	5495.95	2878.30	3904.83	56.36
OliveGIS	30set19	19:24:08	D:\wx_medgold\wx_agmerra_andalusia\agmerra_1426_209_ESP.txt	-3.6250	37.8750	1	8036	12	31	2001	2638.0	0.0	8274.9	9229.2	   104.0	     1.0	76.2	1492.7	561.6	0.000	0.0	0.0	7177.96	38637.34	13872.132	3896.78	2311.55	3753.27	38.67
OliveGIS	30set19	19:24:16	D:\wx_medgold\wx_agmerra_andalusia\agmerra_1426_210_ESP.txt	-3.6250	37.6250	1	8036	12	31	2001	2632.2	0.0	6769.1	7254.5	   114.0	     1.0	102.8	2045.9	598.0	0.000	0.0	0.0	12007.04	59933.03	23706.684	7409.79	3260.19	4437.57	58.29
OliveGIS	30set19	19:24:24	D:\wx_medgold\wx_agmerra_andalusia\agmerra_1426_211_ESP.txt	-3.6250	37.3750	1	8036	12	31	2001	2618.7	0.4	6355.9	6486.5	   131.0	     1.0	155.7	2534.1	465.8	0.000	0.0	0.0	25460.16	138452.01	75095.704	41770.16	5527.35	4967.83	73.31
OliveGIS	30set19	19:24:32	D:\wx_medgold\wx_agmerra_andalusia\agmerra_1426_212_ESP.txt	-3.6250	37.1250	1	8036	12	31	2001	2627.6	0.2	6778.6	6979.3	   116.0	     1.0	121.8	2254.3	546.6	0.000	0.0	0.0	19190.46	97078.74	38305.200	16770.91	4371.74	4958.04	67.78
OliveGIS	30set19	19:24:42	D:\wx_medgold\wx_agmerra_andalusia\agmerra_1426_213_ESP.txt	-3.6250	36.8750	1	8036	12	31	2001	2633.4	0.0	7606.1	7920.8	   108.0	     1.0	93.5	1871.3	465.2	0.000	0.0	0.0	12649.74	64257.52	25259.580	7569.68	3563.59	4808.88	57.71
OliveGIS	30set19	19:24:52	D:\wx_medgold\wx_agmerra_andalusia\agmerra_1427_207_ESP.txt	-3.3750	38.3750	1	8036	12	31	2001	2632.3	0.1	6673.5	7152.4	   114.0	     1.0	111.9	1994.7	548.4	0.000	0.0	0.0	11570.15	59055.97	23896.366	7265.76	3334.41	4406.14	58.72
OliveGIS	30set19	19:25:03	D:\wx_medgold\wx_agmerra_andalusia\agmerra_1427_208_ESP.txt	-3.3750	38.1250	1	8036	12	31	2001	2629.1	0.0	7800.2	8472.3	   106.0	     1.0	91.6	1733.7	513.6	0.000	0.0	0.0	10875.37	56491.29	21561.706	6055.96	3236.31	4651.22	52.33
OliveGIS	30set19	19:25:11	D:\wx_medgold\wx_agmerra_andalusia\agmerra_1427_209_ESP.txt	-3.3750	37.8750	1	8036	12	31	2001	2622.4	0.0	8012.8	8707.3	   105.0	     1.0	81.1	1690.1	448.7	0.000	0.0	0.0	10798.30	56507.50	21656.110	5990.70	3281.76	4713.03	51.84
OliveGIS	30set19	19:25:20	D:\wx_medgold\wx_agmerra_andalusia\agmerra_1427_210_ESP.txt	-3.3750	37.6250	1	8036	12	31	2001	2621.4	0.0	6562.2	6843.1	   117.0	     1.0	117.7	2318.5	474.4	0.000	0.0	0.0	18897.55	94563.87	38628.954	18971.06	4377.14	4914.68	68.72
OliveGIS	30set19	19:25:26	D:\wx_medgold\wx_agmerra_andalusia\agmerra_1427_211_ESP.txt	-3.3750	37.3750	1	8036	12	31	2001	2036.8	7.7	3464.4	3974.4	   157.0	     1.0	478.5	3208.9	275.7	0.000	0.0	0.0	13066.06	71189.80	80643.546	13226.09	1940.78	2226.58	52.10
OliveGIS	30set19	19:25:33	D:\wx_medgold\wx_agmerra_andalusia\agmerra_1427_212_ESP.txt	-3.3750	37.1250	1	8036	12	31	2001	2231.4	3.5	6415.7	6537.3	   151.0	     1.0	382.5	3078.4	681.8	0.000	0.0	0.0	23451.40	152086.57	187881.155	27439.65	4141.01	3933.32	58.23
OliveGIS	30set19	19:25:41	D:\wx_medgold\wx_agmerra_andalusia\agmerra_1427_213_ESP.txt	-3.3750	36.8750	1	8036	12	31	2001	2609.3	0.6	5932.9	6014.8	   136.0	     1.0	192.7	2520.7	591.4	0.000	0.0	0.0	28984.22	161330.72	123961.344	70112.65	6431.99	4912.09	78.04
OliveGIS	30set19	19:25:49	D:\wx_medgold\wx_agmerra_andalusia\agmerra_1428_207_ESP.txt	-3.1250	38.3750	1	8036	12	31	2001	2617.2	0.3	6511.1	6868.6	   118.0	     1.0	132.4	2208.2	523.4	0.000	0.0	0.0	16832.59	82419.03	32777.557	17142.67	3757.78	4670.14	65.21
OliveGIS	30set19	19:25:58	D:\wx_medgold\wx_agmerra_andalusia\agmerra_1428_208_ESP.txt	-3.1250	38.1250	1	8036	12	31	2001	2614.4	0.1	6474.4	6857.1	   114.0	     1.0	117.5	2069.2	534.3	0.000	0.0	0.0	14089.06	70348.53	28496.557	12427.19	3620.50	4581.28	63.96
OliveGIS	30set19	19:26:06	D:\wx_medgold\wx_agmerra_andalusia\agmerra_1428_209_ESP.txt	-3.1250	37.8750	1	8036	12	31	2001	2628.6	0.0	6996.3	7436.9	   112.0	     1.0	103.4	1976.8	457.4	0.000	0.0	0.0	12583.63	62803.29	24946.967	8813.73	3415.45	4602.35	59.01
OliveGIS	30set19	19:26:14	D:\wx_medgold\wx_agmerra_andalusia\agmerra_1428_210_ESP.txt	-3.1250	37.6250	1	8036	12	31	2001	2621.3	0.0	6532.7	6774.9	   118.0	     1.0	130.5	2345.1	450.5	0.000	0.0	0.0	21533.63	108623.26	48696.946	26122.56	4988.29	5120.72	72.22
OliveGIS	30set19	19:26:20	D:\wx_medgold\wx_agmerra_andalusia\agmerra_1428_211_ESP.txt	-3.1250	37.3750	1	8036	12	31	2001	2079.6	6.7	3572.0	4125.5	   154.0	     1.0	466.4	3165.9	269.5	0.000	0.0	0.0	15735.44	95846.05	123453.445	16876.56	2492.25	2512.98	57.71
OliveGIS	30set19	19:26:27	D:\wx_medgold\wx_agmerra_andalusia\agmerra_1428_212_ESP.txt	-3.1250	37.1250	1	8036	12	31	2001	2336.4	1.7	2052.7	3750.8	   147.0	     1.0	336.1	3001.2	518.9	0.000	0.0	0.0	17887.26	136486.97	131864.813	31389.66	3430.74	2768.30	71.97
OliveGIS	30set19	19:26:35	D:\wx_medgold\wx_agmerra_andalusia\agmerra_1428_213_ESP.txt	-3.1250	36.8750	1	8036	12	31	2001	2617.8	0.3	5975.1	6067.6	   129.0	     1.0	164.6	2389.0	416.7	0.000	0.0	0.0	24519.18	130335.15	85116.264	47519.28	5871.63	4954.03	77.58
OliveGIS	30set19	19:26:42	D:\wx_medgold\wx_agmerra_andalusia\agmerra_1429_207_ESP.txt	-2.8750	38.3750	1	8036	12	31	2001	2607.0	1.4	6007.8	6204.7	   136.0	     1.0	194.7	2505.3	443.0	0.000	0.0	0.0	27297.66	145985.40	101239.315	43119.35	5986.39	5075.17	77.93
OliveGIS	30set19	19:26:49	D:\wx_medgold\wx_agmerra_andalusia\agmerra_1429_208_ESP.txt	-2.8750	38.1250	1	8036	12	31	2001	2610.8	0.9	5889.5	6083.0	   136.0	     1.0	189.2	2499.4	511.1	0.000	0.0	0.0	27805.39	147762.92	105519.762	51562.45	6043.12	5015.29	78.57
OliveGIS	30set19	19:26:56	D:\wx_medgold\wx_agmerra_andalusia\agmerra_1429_209_ESP.txt	-2.8750	37.8750	1	8036	12	31	2001	2607.7	0.5	6078.9	6176.2	   138.0	     1.0	232.4	2685.9	484.2	0.000	0.0	0.0	31574.71	206144.00	187424.632	61379.97	7194.10	5113.27	78.77
OliveGIS	30set19	19:27:03	D:\wx_medgold\wx_agmerra_andalusia\agmerra_1429_210_ESP.txt	-2.8750	37.6250	1	8036	12	31	2001	2577.6	0.8	5748.5	5817.2	   137.0	     1.0	273.5	2757.0	359.3	0.000	0.0	0.0	29717.02	200776.70	207888.379	61667.98	6559.46	4686.01	77.17
OliveGIS	30set19	19:27:08	D:\wx_medgold\wx_agmerra_andalusia\agmerra_1429_211_ESP.txt	-2.8750	37.3750	1	8036	12	31	2001	1491.7	37.1	316.5	539.3	   175.0	     1.0	787.1	3483.3	313.7	0.000	0.0	0.1	702.74	4487.96	3448.983	324.73	92.71	132.94	22.62
OliveGIS	30set19	19:27:13	D:\wx_medgold\wx_agmerra_andalusia\agmerra_1429_212_ESP.txt	-2.8750	37.1250	1	8036	12	31	2001	1752.6	9.9	1957.8	3245.1	   164.0	     1.0	547.2	3479.2	359.1	0.000	0.0	0.0	12292.13	72100.18	89000.355	10097.05	2231.77	2025.74	56.88
OliveGIS	30set19	19:27:21	D:\wx_medgold\wx_agmerra_andalusia\agmerra_1429_213_ESP.txt	-2.8750	36.8750	1	8036	12	31	2001	2637.7	0.0	8431.6	8758.0	   101.0	     1.0	64.0	1709.8	338.0	0.000	0.0	0.0	14122.17	72406.07	28751.193	8755.09	4099.92	5402.30	58.84
OliveGIS	30set19	19:27:28	D:\wx_medgold\wx_agmerra_andalusia\agmerra_1430_207_ESP.txt	-2.6250	38.3750	1	8036	12	31	2001	2596.7	2.6	6046.8	6188.8	   139.0	     1.0	322.4	2633.9	461.7	0.000	0.0	0.0	30425.56	220774.47	207934.760	49327.16	6697.00	4984.49	76.82
OliveGIS	30set19	19:27:35	D:\wx_medgold\wx_agmerra_andalusia\agmerra_1430_208_ESP.txt	-2.6250	38.1250	1	8036	12	31	2001	2547.5	2.2	6151.9	6297.9	   141.0	     1.0	328.7	2686.0	595.6	0.000	0.0	0.0	30756.99	228278.07	209768.206	51316.94	6543.16	4973.35	76.31
OliveGIS	30set19	19:27:41	D:\wx_medgold\wx_agmerra_andalusia\agmerra_1430_209_ESP.txt	-2.6250	37.8750	1	8036	12	31	2001	2501.8	0.9	2308.9	3964.6	   142.0	     1.0	299.4	2839.1	484.9	0.000	0.0	0.0	20685.89	143757.56	148462.629	53820.82	4593.09	3216.86	78.56
OliveGIS	30set19	19:27:48	D:\wx_medgold\wx_agmerra_andalusia\agmerra_1430_210_ESP.txt	-2.6250	37.6250	1	8036	12	31	2001	2593.6	0.8	5780.8	5861.2	   136.0	     1.0	274.1	2715.3	359.0	0.000	0.0	0.0	33073.90	217707.27	221814.366	87621.13	7049.15	4808.33	78.62
OliveGIS	30set19	19:27:53	D:\wx_medgold\wx_agmerra_andalusia\agmerra_1430_211_ESP.txt	-2.6250	37.3750	1	8036	12	31	2001	1576.7	26.8	2675.9	4173.3	   171.0	     1.0	719.9	3485.9	297.7	0.000	0.0	0.0	2425.23	16500.46	15134.269	740.66	344.07	507.03	11.68
OliveGIS	30set19	19:27:58	D:\wx_medgold\wx_agmerra_andalusia\agmerra_1430_212_ESP.txt	-2.6250	37.1250	1	8036	12	31	2001	1893.9	4.2	1997.7	3093.6	   156.0	     1.0	450.2	3464.7	300.2	0.000	0.0	0.0	14174.90	90467.55	97284.339	18170.68	2387.40	2146.87	65.84
OliveGIS	30set19	19:28:07	D:\wx_medgold\wx_agmerra_andalusia\agmerra_1430_213_ESP.txt	-2.6250	36.8750	1	8036	12	31	2001	2645.4	0.0	9196.7	9629.2	    96.0	     1.0	42.2	1425.4	257.1	0.000	0.0	0.0	14220.05	72957.21	28515.115	7994.60	4214.59	5734.80	57.00
OliveGIS	30set19	19:28:13	D:\wx_medgold\wx_agmerra_andalusia\agmerra_1431_209_ESP.txt	-2.3750	37.8750	1	8036	12	31	2001	2110.2	5.5	6215.6	6511.0	   153.0	     1.0	452.6	3155.8	395.7	0.000	0.0	0.0	30169.73	197076.54	232566.707	26884.94	5048.25	4370.88	65.00
OliveGIS	30set19	19:28:19	D:\wx_medgold\wx_agmerra_andalusia\agmerra_1431_210_ESP.txt	-2.3750	37.6250	1	8036	12	31	2001	2268.2	2.8	6253.4	6392.5	   147.0	     1.0	375.8	3032.3	375.6	0.000	0.0	0.0	27462.19	172140.82	223523.729	32249.13	5427.32	4378.98	67.03
OliveGIS	30set19	19:28:25	D:\wx_medgold\wx_agmerra_andalusia\agmerra_1431_211_ESP.txt	-2.3750	37.3750	1	8036	12	31	2001	2221.4	2.5	5745.8	5883.8	   148.0	     1.0	369.4	3103.8	224.9	0.000	0.0	0.0	32442.65	208406.67	252798.595	50495.38	6085.54	4503.52	74.66
OliveGIS	30set19	19:28:31	D:\wx_medgold\wx_agmerra_andalusia\agmerra_1431_212_ESP.txt	-2.3750	37.1250	1	8036	12	31	2001	2573.6	0.0	5607.3	5604.6	   132.0	     1.0	182.0	2904.0	255.2	0.000	0.0	0.0	34476.74	204458.83	192746.168	109244.62	7996.40	4992.47	84.89
OliveGIS	30set19	19:28:41	D:\wx_medgold\wx_agmerra_andalusia\agmerra_1431_213_ESP.txt	-2.3750	36.8750	1	8036	12	31	2001	2654.7	0.0	9658.8	10133.7	    94.0	     1.0	37.1	1274.6	169.1	0.000	0.0	0.0	16704.11	87233.74	35882.032	10835.84	5176.60	6550.34	61.41
OliveGIS	30set19	19:28:48	D:\wx_medgold\wx_agmerra_andalusia\agmerra_1432_209_ESP.txt	-2.1250	37.8750	1	8036	12	31	2001	2266.5	3.1	6560.6	6692.2	   147.0	     1.0	376.1	3034.9	384.7	0.000	0.0	0.0	35350.63	239932.99	251135.624	49028.04	6754.70	5046.35	73.98
OliveGIS	30set19	19:28:54	D:\wx_medgold\wx_agmerra_andalusia\agmerra_1432_210_ESP.txt	-2.1250	37.6250	1	8036	12	31	2001	2514.2	0.9	5321.4	5365.1	   136.0	     1.0	272.7	2839.0	379.5	0.000	0.0	0.0	32994.67	209490.06	205477.270	78938.31	7166.80	4534.74	82.13
OliveGIS	30set19	19:29:01	D:\wx_medgold\wx_agmerra_andalusia\agmerra_1432_211_ESP.txt	-2.1250	37.3750	1	8036	12	31	2001	2481.9	0.3	5219.8	5249.3	   136.0	     1.0	244.9	2924.0	229.0	0.000	0.0	0.0	32072.58	202914.68	198823.207	83002.70	7553.93	4547.42	84.13
OliveGIS	30set19	19:29:09	D:\wx_medgold\wx_agmerra_andalusia\agmerra_1432_212_ESP.txt	-2.1250	37.1250	1	8036	12	31	2001	2634.4	0.0	6056.2	6044.9	   113.0	     1.0	63.3	2661.0	214.5	0.000	0.0	0.0	32949.18	169675.34	106210.040	109219.12	8300.76	5529.42	86.06
OliveGIS	30set19	19:29:18	D:\wx_medgold\wx_agmerra_andalusia\agmerra_1432_213_ESP.txt	-2.1250	36.8750	1	8036	12	31	2001	2659.8	0.0	10645.7	11129.4	    86.0	     1.0	13.7	965.8	165.7	0.000	0.0	0.0	20756.40	108116.13	46771.627	13882.07	6595.09	7607.56	65.46
OliveGIS	30set19	19:29:27	D:\wx_medgold\wx_agmerra_andalusia\agmerra_1433_211_ESP.txt	-1.8750	37.3750	1	8036	12	31	2001	2636.5	0.0	7859.2	8333.9	    97.0	     1.0	73.9	1556.5	295.4	0.000	0.0	0.0	13143.42	67662.25	26448.990	8611.56	3824.29	5091.69	58.42
OliveGIS	30set19	19:29:36	D:\wx_medgold\wx_agmerra_andalusia\agmerra_1433_212_ESP.txt	-1.8750	37.1250	1	8036	12	31	2001	2666.8	0.0	11046.4	11536.6	    90.0	     1.0	19.1	1179.2	253.2	0.000	0.0	0.0	23862.45	121663.47	52871.721	16331.75	7275.43	8241.06	67.96
