Model	Date	Time	WxFile	Long	Lat	JdStart	DysToOut	Month	Day	Year	dd	ddbZero	FruWgt	fruNum	Bloomday	BloomYr	DDBSum	ChillHD	PrcpYrSum	TempIncr	ddbMinus10	ddbMinus83	OFEgDays	OFLrDays	OFPuDays	OFAdDays	OfPupSum	DamFrSum	PrcntAtkd
OliveGIS	30set19	19:09:54	D:\wx_medgold\wx_agmerra_andalusia\agmerra_1411_210_ESP.txt	-7.375	37.625	1	731	12	31	Std	10.8786218701223	0.393335281506962	2084.63252225124	2159.78264278884	8.36282139048751	30	23.5074996592552	253.333726920444	164.945725974459	0	0	0	8617.56137358779	43783.4079505435	22561.5925922271	14210.4493432159	2047.98079041764	1681.64470232205	8.14183379750575
OliveGIS	30set19	19:10:03	D:\wx_medgold\wx_agmerra_andalusia\agmerra_1411_211_ESP.txt	-7.375	37.375	1	731	12	31	Std	12.8615371527293	0.384528372120338	725.022806181129	702.758343907089	8.02295557085754	30	26.8239719516773	251.424332530695	178.903364398503	0	0	0	6315.81120555426	31843.2324913373	18612.3989371467	10882.7156556845	1440.91606072852	810.425453019131	6.25547687387143
OliveGIS	30set19	19:10:14	D:\wx_medgold\wx_agmerra_andalusia\agmerra_1412_209_ESP.txt	-7.125	37.875	1	731	12	31	Std	9.85143025965872	0.577798039727242	1952.52104524841	2029.91546526892	9.34153990603754	30	28.0010829018837	269.226936898454	172.974199956452	0	0	0	9980.49082461626	56289.1865925644	40149.5814438752	25749.5999182513	2434.05697792366	1654.20669447672	6.99291187930494
OliveGIS	30set19	19:10:21	D:\wx_medgold\wx_agmerra_andalusia\agmerra_1412_210_ESP.txt	-7.125	37.625	1	731	12	31	Std	10.8971265853018	0.430196426667216	1951.31378319986	2020.83553847776	8.66098399018038	30	24.6296496864686	258.009452758312	183.47947240251	0	0	0	8269.7152623692	42950.380463769	22843.1001106926	14975.6572160776	1977.87995782736	1579.70360714681	7.84766927841944
OliveGIS	30set19	19:10:28	D:\wx_medgold\wx_agmerra_andalusia\agmerra_1412_211_ESP.txt	-7.125	37.375	1	731	12	31	Std	12.6323048742809	0.480373417967372	662.099940749303	632.316065845584	8.21996448240222	30	27.8283426594617	254.865414765672	182.102628794296	0	0	0	5970.48931810779	29652.4898804744	16415.766973692	10888.9227066181	1322.3845379735	748.885907311808	6.36806504472066
OliveGIS	30set19	19:10:36	D:\wx_medgold\wx_agmerra_andalusia\agmerra_1413_208_ESP.txt	-6.875	38.125	1	731	12	31	Std	8.26963424673137	1.25469692269332	683.754770258003	733.191901115983	8.70730965220086	30	34.9942517447139	262.440804140974	167.98255943955	0	0	0	6980.81104276311	42135.6234122312	42527.5723235115	20755.9394750029	1612.473929247	729.995758884232	7.43221466506358
OliveGIS	30set19	19:10:43	D:\wx_medgold\wx_agmerra_andalusia\agmerra_1413_209_ESP.txt	-6.875	37.875	1	731	12	31	Std	10.6171846171856	0.601425509666959	1894.29532583564	1981.57344691466	8.7355134595683	30	28.4389422584879	268.150328077882	184.209951588854	0	0	0	8217.08740956531	44030.2353771235	25408.6460314373	15750.8232985331	1973.28861115535	1520.18801898552	8.70088834148758
OliveGIS	30set19	19:10:51	D:\wx_medgold\wx_agmerra_andalusia\agmerra_1413_210_ESP.txt	-6.875	37.625	1	731	12	31	Std	12.6834383822133	0.392808923746282	1688.33301423446	1758.3704125872	8.03269182348199	30	24.4079316296318	252.052042359254	200.950629866338	0	0	0	6925.92922167991	33216.7453091639	15705.4292489765	7704.06781340337	1662.15039369234	1417.77404247774	8.30146745786689
OliveGIS	30set19	19:10:59	D:\wx_medgold\wx_agmerra_andalusia\agmerra_1413_211_ESP.txt	-6.875	37.375	1	731	12	31	Std	12.7333217488062	0.432700687609196	630.549092777318	627.718053966797	8.05790823089164	30	26.1082723491515	252.466726725421	199.532525191246	0	0	0	5442.54596090082	26214.3456287653	13539.4407098858	6181.16811451926	1413.52773158148	916.546178633579	7.3100849013105
OliveGIS	30set19	19:11:09	D:\wx_medgold\wx_agmerra_andalusia\agmerra_1414_209_ESP.txt	-6.625	37.875	1	731	12	31	Std	9.6896105042534	0.755820327734106	1649.36060889437	1725.5086393999	9.01983765177444	30	31.0304716756577	274.598443792628	196.436450605372	0	0	0	8343.97280796051	46878.386946747	32133.7846627781	22280.0570148639	1996.25800915109	1369.07103200695	7.52236233987793
OliveGIS	30set19	19:11:17	D:\wx_medgold\wx_agmerra_andalusia\agmerra_1414_210_ESP.txt	-6.625	37.625	1	731	12	31	Std	12.3251210620992	0.457077170978693	1647.03399808582	1706.37173726803	8.4831814678275	30	25.7139132248153	255.768239110979	198.273084319373	0	0	0	6891.19354754304	33701.2155608	16185.6507712997	8786.28055565106	1625.69310792987	1350.16513574805	8.38578836107742
OliveGIS	30set19	19:11:25	D:\wx_medgold\wx_agmerra_andalusia\agmerra_1414_211_ESP.txt	-6.625	37.375	1	731	12	31	Std	12.4714552239223	0.59716764430292	739.72272705355	733.498413172405	8.23198136789554	30	27.7456791707047	255.567610237093	195.034755788596	0	0	0	4959.00068581462	23898.1703041118	12245.4077936128	5248.60997819734	1318.6527502818	903.257136210106	7.08531390295788
OliveGIS	30set19	19:11:33	D:\wx_medgold\wx_agmerra_andalusia\agmerra_1414_212_ESP.txt	-6.625	37.125	1	731	12	31	Std	16.3501471046847	0.0730296743340222	917.874839845112	928.252720772037	7.73438359891546	30	13.8840171072526	256.100213862132	173.349617625868	0	0	0	6404.90402982697	28992.8502777975	16791.7289221219	7312.00081861201	1622.4754346384	903.481051289509	5.21415906092667
OliveGIS	30set19	19:11:41	D:\wx_medgold\wx_agmerra_andalusia\agmerra_1415_209_ESP.txt	-6.375	37.875	1	731	12	31	Std	9.91338639845423	0.931591149037773	758.684835630772	800.239374309589	8.78275478475833	30	33.5495141030645	260.228840053139	192.147357515007	0	0	0	6370.52852950191	34274.6685556411	21421.5468164105	14457.8812388645	1409.86145028657	800.187928843098	7.93635088704493
OliveGIS	30set19	19:11:48	D:\wx_medgold\wx_agmerra_andalusia\agmerra_1415_210_ESP.txt	-6.375	37.625	1	731	12	31	Std	11.6911249372697	0.554200262571647	1620.51300815797	1684.19454571498	8.55247493923291	30	27.6579811182998	244.543469586169	188.551369536323	0	0	0	5496.88336246963	26215.9609677872	11701.1944564899	4782.83782785441	1347.49752227201	1269.44125659659	9.39748780932632
OliveGIS	30set19	19:11:57	D:\wx_medgold\wx_agmerra_andalusia\agmerra_1415_211_ESP.txt	-6.375	37.375	1	731	12	31	Std	12.6989460147312	0.294177208303188	687.86487994189	724.339591120331	7.95995725743737	30	22.6249623102499	253.314724422398	197.415395206067	0	0	0	4862.1987647861	23767.4900485893	11810.8469585834	4292.50136492572	1432.51105732733	1152.92651632475	9.53647514341224
OliveGIS	30set19	19:12:05	D:\wx_medgold\wx_agmerra_andalusia\agmerra_1415_212_ESP.txt	-6.375	37.125	1	731	12	31	Std	16.5127105344762	0.0746639983102845	973.661098348281	985.942605642281	7.05487521986152	30	13.18360397589	251.010473198176	186.569104759	0	0	0	6276.95508468733	29379.7042786739	15242.4247475938	5647.87485164848	1712.85123020609	1208.65124456689	8.98255374178958
OliveGIS	30set19	19:12:14	D:\wx_medgold\wx_agmerra_andalusia\agmerra_1415_213_ESP.txt	-6.375	36.875	1	731	12	31	Std	15.6544294344937	0.14656997857914	728.04284722968	723.634713089764	7.47747575577219	30	17.5068278962382	290.531840125031	217.893253417947	0	0	0	6340.57492638319	28681.7803142892	16868.5486534015	7040.54213135099	1590.42769422076	833.621787419142	5.40489821482733
OliveGIS	30set19	19:12:23	D:\wx_medgold\wx_agmerra_andalusia\agmerra_1416_209_ESP.txt	-6.125	37.875	1	731	12	31	Std	10.5213717911599	1.01216167896627	686.468736385338	711.376327075998	8.51530063048782	30	34.3354740990888	257.89016632097	185.991067515089	0	0	0	5780.48595987959	30317.9285233746	18619.0357664352	12439.6463209961	1255.40091236281	725.263162539014	7.73211996773215
OliveGIS	30set19	19:12:30	D:\wx_medgold\wx_agmerra_andalusia\agmerra_1416_210_ESP.txt	-6.125	37.625	1	731	12	31	Std	10.3966335179108	0.585416641101157	1612.61328681975	1679.41197987895	8.39683848550894	30	28.3262560464527	246.934161754463	175.589320885968	0	0	0	5236.11181539185	25191.9747493773	11223.8596871567	4534.49017329267	1323.85559510652	1271.92894122351	9.88812997905866
OliveGIS	30set19	19:12:38	D:\wx_medgold\wx_agmerra_andalusia\agmerra_1416_211_ESP.txt	-6.125	37.375	1	731	12	31	Std	12.4974116860482	0.433695692880375	1570.16071450642	1679.22578924809	8.01263370250848	30	25.0029995901641	254.928900162243	188.258397867973	0	0	0	4543.81565063832	22851.8586613446	10612.2460325166	3492.96927532476	1365.63006558966	1364.05461395404	9.425430725851
OliveGIS	30set19	19:12:47	D:\wx_medgold\wx_agmerra_andalusia\agmerra_1416_212_ESP.txt	-6.125	37.125	1	731	12	31	Std	15.5484470895505	0.240593136791689	1100.56114417031	959.69401592143	7.61645224678696	30	19.201924292938	252.609406387415	187.559184835326	0	0	0	4721.49503070072	22813.2027142769	11387.6953445378	4057.42996201811	1379.35711977506	1106.39382577669	9.19249494605971
OliveGIS	30set19	19:12:57	D:\wx_medgold\wx_agmerra_andalusia\agmerra_1416_213_ESP.txt	-6.125	36.875	1	731	12	31	Std	14.9162647476836	0.610643150679072	713.427180506222	730.632319406225	7.79809879570567	30	26.1818758054051	283.437399705339	213.886432536027	0	0	0	5536.67487329969	26354.6965364173	13675.2200287732	5035.84092234063	1540.90904856009	1062.64911936404	8.37109515075468
OliveGIS	30set19	19:13:06	D:\wx_medgold\wx_agmerra_andalusia\agmerra_1416_214_ESP.txt	-6.125	36.625	1	731	12	31	Std	17.9551833517623	0.313379796017108	1614.05071683195	1645.7714139122	8.06902691793124	30	18.9134021690756	281.992077332256	207.712208729223	0	0	0	7769.25484033587	36626.5768548895	20021.1642935857	8957.50822577608	1983.52320679918	1402.61604390211	5.91544948788155
OliveGIS	30set19	19:13:14	D:\wx_medgold\wx_agmerra_andalusia\agmerra_1416_215_ESP.txt	-6.125	36.375	1	731	12	31	Std	13.8552703777797	0.306256597395511	1386.32477344642	1418.48568599733	8.4866358768211	30	22.7595184079303	280.01152119154	179.602272628531	0	0	0	5028.74865858193	24201.3924839801	11600.6523360028	4142.76727670247	1413.01703484798	1207.19637007202	9.38301278111539
OliveGIS	30set19	19:13:24	D:\wx_medgold\wx_agmerra_andalusia\agmerra_1417_208_ESP.txt	-5.875	38.125	1	731	12	31	Std	8.1995661505638	1.91690903015377	706.926635555254	749.133971881923	8.56187754680227	30	39.3722156833482	248.738700176545	166.55296751636	0	0	0	5285.6312294122	32129.3153318599	26273.1928421674	12588.8052123827	1205.15719166265	721.616864776036	8.00125941954456
OliveGIS	30set19	19:13:31	D:\wx_medgold\wx_agmerra_andalusia\agmerra_1417_209_ESP.txt	-5.875	37.875	1	731	12	31	Std	9.06359143249366	1.03255068618457	877.222471952726	935.592761817618	8.41379545882763	30	34.7147780648524	258.489669506113	184.156600151367	0	0	0	5056.6242486783	24927.1386807693	11867.8255998603	7621.42407321054	1107.76826421149	796.626594651962	8.97798318493444
OliveGIS	30set19	19:13:38	D:\wx_medgold\wx_agmerra_andalusia\agmerra_1417_210_ESP.txt	-5.875	37.625	1	731	12	31	Std	9.91922318055937	0.61405005599248	1657.77554104024	1738.9981691179	8.27577825628058	30	28.9034651702971	251.564956100668	166.337902869534	0	0	0	4395.75351185639	21550.6394755076	9208.24003872588	3287.27533021281	1164.97638845004	1241.01102205915	9.76834122202358
OliveGIS	30set19	19:13:46	D:\wx_medgold\wx_agmerra_andalusia\agmerra_1417_211_ESP.txt	-5.875	37.375	1	731	12	31	Std	11.2027505858898	0.325346852931827	1566.09077306243	1686.97052161355	7.6365726199199	30	21.3170278922959	263.610656409057	180.676866223946	0	0	0	4132.41454349048	21147.2060853785	9264.48876896772	2696.42929952102	1244.56130584438	1344.46541524037	10.8694767451172
OliveGIS	30set19	19:13:56	D:\wx_medgold\wx_agmerra_andalusia\agmerra_1417_212_ESP.txt	-5.875	37.125	1	731	12	31	Std	14.9057811048206	0.268435227316326	1029.50746473934	912.977490557335	7.53718749947876	30	18.6823279949353	258.043670655797	175.491624091969	0	0	0	3829.27760485105	18828.3481735444	8861.95786976501	2714.36608638343	1103.60917756992	1036.82416782643	9.22723199176682
OliveGIS	30set19	19:14:07	D:\wx_medgold\wx_agmerra_andalusia\agmerra_1417_213_ESP.txt	-5.875	36.875	1	731	12	31	Std	13.5282420636731	0.510397636286099	1537.3798314538	1603.50216670284	8.09888597419352	30	21.3244506471397	284.157722291567	175.138575839609	0	0	0	5318.64851149038	25481.0844991987	12558.9066649341	4582.51908818154	1474.82897645206	1269.48925568903	7.33856276448433
OliveGIS	30set19	19:14:16	D:\wx_medgold\wx_agmerra_andalusia\agmerra_1417_214_ESP.txt	-5.875	36.625	1	731	12	31	Std	14.5197293442366	0.283735346981015	2007.36331145994	2046.59020650076	7.89732968109816	30	14.9268965756218	274.349884439476	215.90865554727	0	0	0	7037.79199519739	33530.1859350062	16747.805636936	6890.54669247679	1823.71366967275	1571.12941585813	6.00853033458342
OliveGIS	30set19	19:14:24	D:\wx_medgold\wx_agmerra_andalusia\agmerra_1417_215_ESP.txt	-5.875	36.375	1	731	12	31	Std	16.8658264976335	0.183077145977619	1342.8902148236	1345.90634568971	8.24655971459837	30	14.8563160452644	227.512509318832	246.438069998991	0	0	0	7315.5688323461	36348.2037865377	22650.3698702457	13705.6629405317	1879.12813728084	1185.77955651788	3.91794751861491
OliveGIS	30set19	19:14:31	D:\wx_medgold\wx_agmerra_andalusia\agmerra_1418_208_ESP.txt	-5.625	38.125	1	731	12	31	Std	8.31398282081624	1.86611958321287	644.425292068422	689.743093469232	8.43916703412636	30	38.5916763403538	247.427999604947	170.356555899475	0	0	0	5105.70161262899	28245.4195708723	17072.4922366426	10638.4436388045	1138.65028178102	734.576246324619	8.63386313556557
OliveGIS	30set19	19:14:39	D:\wx_medgold\wx_agmerra_andalusia\agmerra_1418_209_ESP.txt	-5.625	37.875	1	731	12	31	Std	10.0154134086979	1.01895258369371	1493.66801646226	1583.9426875734	8.42962755343646	30	34.2357439077865	258.217008641422	177.594341579115	0	0	0	5302.95208196973	25813.2739101138	11598.5153546159	6752.50825245812	1246.95601263757	1142.05715318571	10.0342796876794
OliveGIS	30set19	19:14:47	D:\wx_medgold\wx_agmerra_andalusia\agmerra_1418_210_ESP.txt	-5.625	37.625	1	731	12	31	Std	11.3734137456564	0.668167850066186	1704.55257162599	1789.00023799655	8.23512242649193	30	29.251222786112	250.547397034812	164.434848083877	0	0	0	4257.230419669	20999.4347101728	8940.37595977562	3119.64927861053	1152.50526127305	1261.15156705496	9.56821919197857
OliveGIS	30set19	19:14:55	D:\wx_medgold\wx_agmerra_andalusia\agmerra_1418_211_ESP.txt	-5.625	37.375	1	731	12	31	Std	12.3998869108673	0.407628408652083	1480.61736557082	1591.3746927569	7.78009544012612	30	22.9813069964345	264.855662296608	182.448799808944	0	0	0	3907.58631332957	19648.4571091597	8632.81300431014	2562.65631725429	1134.97277862891	1226.26513913811	9.17559697703956
OliveGIS	30set19	19:15:04	D:\wx_medgold\wx_agmerra_andalusia\agmerra_1418_212_ESP.txt	-5.625	37.125	1	731	12	31	Std	13.4070679592656	0.395796882774224	1404.30632503746	1488.10938853344	7.92783543677867	30	22.3460765668391	259.932418272453	178.363689058936	0	0	0	4697.12023464494	22925.9089718991	10865.8287154242	3837.25664398732	1345.89706702562	1246.35243779234	8.20242801872097
OliveGIS	30set19	19:15:12	D:\wx_medgold\wx_agmerra_andalusia\agmerra_1418_213_ESP.txt	-5.625	36.875	1	731	12	31	Std	10.7886402581924	0.745900674414465	1854.1864562994	1902.22212392431	8.56355549749172	30	25.8241980881605	279.398684040706	189.399899288713	0	0	0	6218.15900230204	31343.6695262319	15290.1078784051	10214.3315031141	1587.24254066311	1430.16259520446	6.84805921830932
OliveGIS	30set19	19:15:21	D:\wx_medgold\wx_agmerra_andalusia\agmerra_1418_214_ESP.txt	-5.625	36.625	1	731	12	31	Std	14.1244859534171	0.375759766737806	1526.26179095863	1563.82772460073	8.47369153768663	30	18.5163661686615	269.705167761468	239.411527320205	0	0	0	6317.77821078425	31358.3170976775	16691.5461698735	11907.2514999504	1566.73504849251	1284.07170249289	4.16367626022965
OliveGIS	30set19	19:15:28	D:\wx_medgold\wx_agmerra_andalusia\agmerra_1418_215_ESP.txt	-5.625	36.375	1	731	12	31	Std	14.8843665574351	0.220787514223023	1443.1231796024	1451.69355100671	8.58225916724688	30	18.0912323973568	223.984465183812	313.793662419611	0	0	0	7179.5720802532	36835.7408656502	24291.2263804332	16510.6046555481	1843.32866707259	1232.03706866423	2.93381545149798
OliveGIS	30set19	19:15:36	D:\wx_medgold\wx_agmerra_andalusia\agmerra_1418_216_ESP.txt	-5.625	36.125	1	731	12	31	Std	17.0854919297853	0	1212.85989610763	1202.09583482015	7.68406322112246	30	6.02600590162645	239.963936203257	221.746067466329	0	0	0	7991.74253330605	43543.3106801859	33883.2932826878	24026.1369427236	2374.32489392553	1115.9002436374	1.75821163712437
OliveGIS	30set19	19:15:43	D:\wx_medgold\wx_agmerra_andalusia\agmerra_1419_207_ESP.txt	-5.375	38.375	1	731	12	31	Std	12.9481974070506	2.87870700540859	821.094132149643	892.105305984398	8.76651151473213	30	46.5879996634721	261.52565211207	152.125232175231	0	0	0	5566.27197526609	33934.8869394785	30147.5395186477	11787.6285181269	1240.31651277698	753.880897976841	8.99671648915352
OliveGIS	30set19	19:15:50	D:\wx_medgold\wx_agmerra_andalusia\agmerra_1419_208_ESP.txt	-5.375	38.125	1	731	12	31	Std	6.5772588008481	2.18757200209909	734.473680850491	789.416241209324	8.34383246655187	30	39.2883235556837	255.103376408805	166.48082230516	0	0	0	4973.38958853627	27161.7811771269	13522.1500344288	9551.2593938222	1041.20542721151	788.401101449352	9.39352885596335
OliveGIS	30set19	19:15:58	D:\wx_medgold\wx_agmerra_andalusia\agmerra_1419_209_ESP.txt	-5.375	37.875	1	731	12	31	Std	11.0144544529701	0.69745844024004	1615.31532827452	1744.58659344356	8.03591078030148	30	29.2412250321239	272.295262515722	188.454737423794	0	0	0	4063.96227401811	20008.9218275662	8366.07822000878	2942.84672441282	1091.22322667713	1254.17734575211	11.5609473670192
OliveGIS	30set19	19:16:06	D:\wx_medgold\wx_agmerra_andalusia\agmerra_1419_210_ESP.txt	-5.375	37.625	1	731	12	31	Std	13.263403977014	0.484720561755436	1523.08279653584	1650.15391225377	7.55736681016928	30	25.5541581743559	263.294055793313	164.912072566447	0	0	0	3716.8193263451	19068.1298216826	8037.17325001248	2260.93541601866	1107.3860946655	1285.5530614183	10.7351603214128
OliveGIS	30set19	19:16:15	D:\wx_medgold\wx_agmerra_andalusia\agmerra_1419_211_ESP.txt	-5.375	37.375	1	731	12	31	Std	13.0191552068039	0.452121436235276	1492.73386203371	1581.78576113405	7.95136075970865	30	23.3302960256332	278.475967493183	170.493372271493	0	0	0	4094.96355523619	20272.7400546532	8977.98431490942	2703.35712175034	1152.0102026209	1229.64107730432	8.53948503790736
OliveGIS	30set19	19:16:24	D:\wx_medgold\wx_agmerra_andalusia\agmerra_1419_212_ESP.txt	-5.375	37.125	1	731	12	31	Std	10.230756536559	0.557663434113378	1613.12592597648	1669.8246855635	8.14389271207247	30	24.6409203160716	271.188867553699	177.007041226269	0	0	0	5585.6120566005	26989.4007806945	11985.0325869481	6004.51759037367	1314.07450568806	1258.34498411426	7.69595505040999
OliveGIS	30set19	19:16:32	D:\wx_medgold\wx_agmerra_andalusia\agmerra_1419_213_ESP.txt	-5.375	36.875	1	731	12	31	Std	64.3744706484206	1.86824645793487	1251.72901873102	1264.87850355168	7.98856942007205	30	35.7349870414217	233.185213249384	193.887837614206	0	0	0	7457.03253185884	48535.14632465	59571.8326507934	29216.7483451057	1752.193088278	1050.53444969276	4.11324583077256
OliveGIS	30set19	19:16:40	D:\wx_medgold\wx_agmerra_andalusia\agmerra_1419_214_ESP.txt	-5.375	36.625	1	731	12	31	Std	55.4371385745453	0.887201463469042	1230.44380013833	1238.27110611121	7.6702889993359	30	28.3319964525712	198.357112213092	242.603146827437	0	0	0	8187.49648817381	49546.7132472028	54524.519036353	26139.8347020483	1912.20942938237	1088.19077927725	2.37231677828905
OliveGIS	30set19	19:16:47	D:\wx_medgold\wx_agmerra_andalusia\agmerra_1419_215_ESP.txt	-5.375	36.375	1	731	12	31	Std	12.3427022507462	0.211072793457449	1541.74987902424	1569.22065864102	8.72175243384272	30	17.4706058557085	214.363541274131	309.926137733775	0	0	0	7043.21784773687	35307.6697759215	21342.2750382101	13552.9522858141	1819.96642828482	1342.3482303459	2.89948281159117
OliveGIS	30set19	19:16:55	D:\wx_medgold\wx_agmerra_andalusia\agmerra_1420_206_ESP.txt	-5.125	38.625	1	731	12	31	Std	6.57883754536289	2.5810627767397	756.447613337591	835.26584317905	9.4202032825761	30	43.7920122092298	266.53474701775	136.521655433484	0	0	0	5105.04144500835	32228.1463253579	24486.144747995	11787.327825309	1174.96980327253	816.070575133156	10.0270744120291
OliveGIS	30set19	19:17:02	D:\wx_medgold\wx_agmerra_andalusia\agmerra_1420_207_ESP.txt	-5.125	38.375	1	731	12	31	Std	20.1554088459432	3.04873065728832	731.155063856019	805.921647342452	8.83540422482707	30	49.0238441867891	259.6267766861	156.963968520782	0	0	0	5706.28962965785	36692.0385276699	34712.6372674127	12533.3541194918	1276.85235274159	692.331508060588	8.26690647362592
OliveGIS	30set19	19:17:10	D:\wx_medgold\wx_agmerra_andalusia\agmerra_1420_208_ESP.txt	-5.125	38.125	1	731	12	31	Std	8.14450241207099	2.23520422580007	751.812127455061	805.958961256642	8.31070490944986	30	39.5284771493556	253.479382756781	170.634957172308	0	0	0	4902.8761380254	25473.2505309746	11956.1574900512	8610.1822506599	1033.95065134468	801.43500377387	9.53747114606744
OliveGIS	30set19	19:17:18	D:\wx_medgold\wx_agmerra_andalusia\agmerra_1420_209_ESP.txt	-5.125	37.875	1	731	12	31	Std	12.5349630574077	0.734565318332245	1613.25446922758	1737.63343405274	8.26013831951204	30	29.6109128687303	277.060224354815	183.004099602343	0	0	0	3818.56358236643	18896.8588672375	7992.7946612522	2723.01187271051	1053.77077047685	1216.96131727967	10.906906727749
OliveGIS	30set19	19:17:27	D:\wx_medgold\wx_agmerra_andalusia\agmerra_1420_210_ESP.txt	-5.125	37.625	1	731	12	31	Std	13.099267769305	0.531707291353204	1465.80065528127	1590.36119253226	7.87174490288474	30	26.6212869625086	267.941926801184	158.550336617048	0	0	0	3700.11577303346	19027.9892056408	8011.61209965678	2367.64996002232	1098.33922420353	1265.117010556	10.9227850223136
OliveGIS	30set19	19:17:36	D:\wx_medgold\wx_agmerra_andalusia\agmerra_1420_211_ESP.txt	-5.125	37.375	1	731	12	31	Std	11.1497688239526	0.508197174152013	1359.13869702364	1443.05306913271	8.02725243213364	30	24.4539917527523	281.57435709722	168.662187335459	0	0	0	4006.99430924867	19660.5437048402	8701.35041499197	2852.94693335439	1097.16052141405	1145.02525067981	8.15135078715009
OliveGIS	30set19	19:17:44	D:\wx_medgold\wx_agmerra_andalusia\agmerra_1420_212_ESP.txt	-5.125	37.125	1	731	12	31	Std	13.4748023677742	0.611348612852586	1614.40888353288	1661.45732720598	8.38690824351009	30	25.7664642153501	267.749986230507	175.940618770463	0	0	0	5435.24284677878	26109.2339431214	11481.5158982618	6057.52934623642	1261.59634831454	1222.0742205989	7.80433941331109
OliveGIS	30set19	19:17:53	D:\wx_medgold\wx_agmerra_andalusia\agmerra_1420_213_ESP.txt	-5.125	36.875	1	731	12	31	Std	59.2172839012706	1.53823305111424	1260.19905197005	1271.22848470813	7.86349049459721	30	34.4436019115841	226.161351236464	197.233349777282	0	0	0	7624.4125493865	50402.4084334287	61323.1391065612	27583.1950035199	1806.71757632148	1069.26077701045	3.55249662897104
OliveGIS	30set19	19:18:00	D:\wx_medgold\wx_agmerra_andalusia\agmerra_1420_214_ESP.txt	-5.125	36.625	1	731	12	31	Std	30.8603098516189	0.356564063016007	1238.15100663444	1239.92703342974	7.78031704581075	30	23.3385045172875	193.037440505156	228.899682288386	0	0	0	8348.90833762601	49494.6441891427	50427.1259564525	29426.6496803729	1961.99585490279	1127.04030163562	1.63823355947872
OliveGIS	30set19	19:18:08	D:\wx_medgold\wx_agmerra_andalusia\agmerra_1421_206_ESP.txt	-4.875	38.625	1	731	12	31	Std	8.17183275494013	2.59743684445253	779.919184466474	874.06740507194	9.00089395304838	30	44.0254431400544	274.118954462114	126.298134832107	0	0	0	5543.23576264196	34581.8135479147	24288.6973736627	12226.1505390619	1251.54782147713	913.587064758358	11.2981035129134
OliveGIS	30set19	19:18:16	D:\wx_medgold\wx_agmerra_andalusia\agmerra_1421_207_ESP.txt	-4.875	38.375	1	731	12	31	Std	56.869619386764	4.22557756373332	726.90144400658	766.656667158677	8.90208551052963	30	56.9038353958555	264.182231689093	160.53173858136	0	0	0.0182574185835055	5494.21332647271	43086.9355574239	55436.4597850157	17714.0729517397	1285.38041287502	611.213017657529	8.3321253446297
OliveGIS	30set19	19:18:23	D:\wx_medgold\wx_agmerra_andalusia\agmerra_1421_208_ESP.txt	-4.875	38.125	1	731	12	31	Std	10.0608699150856	2.93869350906655	740.527271952726	787.449076361176	8.66118305741329	30	44.9708595303287	255.219034259351	154.299666681205	0	0	0	5300.28215001762	31894.1795841246	27404.9185996475	11810.3063970621	1165.79083685765	771.446022399777	9.50044880367577
OliveGIS	30set19	19:18:31	D:\wx_medgold\wx_agmerra_andalusia\agmerra_1421_209_ESP.txt	-4.875	37.875	1	731	12	31	Std	11.2844257438213	1.08244083483558	1757.76551444771	1877.2975689269	8.38964879458918	30	32.5525774532613	291.255413131088	191.465148714887	0	0	0	4253.11143787239	21085.0403473522	8698.03992604952	3746.49493240515	1068.821095355	1249.79223527721	11.0692795402515
OliveGIS	30set19	19:18:41	D:\wx_medgold\wx_agmerra_andalusia\agmerra_1421_210_ESP.txt	-4.875	37.625	1	731	12	31	Std	12.236331807039	0.832914837445451	1314.99588328537	1392.45196887386	8.42792293851049	30	30.3522621247899	283.400449711273	168.818244097698	0	0	0	3706.71220543671	18500.6282149768	7710.02266137984	3298.07636306141	970.311826135787	1056.8971195661	9.19858584833535
OliveGIS	30set19	19:18:50	D:\wx_medgold\wx_agmerra_andalusia\agmerra_1421_211_ESP.txt	-4.875	37.375	1	731	12	31	Std	11.1756102458799	0.777440539915078	1620.21046094238	1660.99744754383	7.74455685753163	30	28.5487663038399	246.21292506947	168.681626114126	0	0	0	5074.02806469384	24752.0382468825	10990.5170131313	5720.40066818987	1232.51648278181	1201.45625001778	7.82319863588748
OliveGIS	30set19	19:18:59	D:\wx_medgold\wx_agmerra_andalusia\agmerra_1421_212_ESP.txt	-4.875	37.125	1	731	12	31	Std	11.4057275388137	0.83992336815201	958.935799416363	970.174295657241	7.59491663026591	30	29.327206975188	229.59595617509	175.946319563144	0	0	0	5104.61795644738	28280.5745673403	16065.8466789816	11825.6758614361	1126.0309339427	791.827889680855	5.68634813016854
OliveGIS	30set19	19:19:08	D:\wx_medgold\wx_agmerra_andalusia\agmerra_1421_213_ESP.txt	-4.875	36.875	1	731	12	31	Std	12.3949915728876	0.753993200981572	686.056371330868	708.284279053279	7.22256998867988	30	30.8051885837136	229.930665311469	215.787383357072	0	0	0	4553.40881695582	27009.3297363788	20286.3866003675	18567.564076845	988.356944084765	599.227641561998	4.0012047180071
OliveGIS	30set19	19:19:17	D:\wx_medgold\wx_agmerra_andalusia\agmerra_1421_214_ESP.txt	-4.875	36.625	1	731	12	31	Std	16.916291881925	0.0365148371670111	1161.5226936294	1191.20328961744	7.24521245018225	30	12.5971918052918	228.529966570447	230.745010406696	0	0	0	6405.47480423757	32188.6125697863	20128.2339223857	14558.2320166642	1658.43033275059	1032.87750679998	3.03331016790447
OliveGIS	30set19	19:19:25	D:\wx_medgold\wx_agmerra_andalusia\agmerra_1422_207_ESP.txt	-4.625	38.375	1	731	12	31	Std	66.2367214192234	4.57253670887648	719.720601791889	755.299760420956	8.98402157600709	30	61.1176701878876	260.351824405485	159.278388869675	0	0.0365148371670111	0.146059348668044	5002.37538159857	39225.3660253648	62258.3323963342	17426.0503297306	1142.25538349863	613.672930310208	8.0660027631233
OliveGIS	30set19	19:19:33	D:\wx_medgold\wx_agmerra_andalusia\agmerra_1422_208_ESP.txt	-4.625	38.125	1	731	12	31	Std	10.5809110269825	3.08094066841587	789.424467323629	828.189993756638	8.67576887182003	30	45.62357023425	250.475302772251	147.346475567178	0	0	0	5128.7637461733	30896.7527132411	26328.9204568742	11825.6752802447	1129.28224544253	768.957198309921	9.12789235533454
OliveGIS	30set19	19:19:42	D:\wx_medgold\wx_agmerra_andalusia\agmerra_1422_209_ESP.txt	-4.625	37.875	1	731	12	31	Std	11.0346455447762	1.13638365708591	1310.30892606005	1376.81062748441	8.377309254458	30	33.363136791251	290.970598585801	172.100319881888	0	0	0	4016.95340108558	19714.4110907563	8572.00366416312	4099.6341771146	1039.58970310274	1120.71176656418	9.84315758607815
OliveGIS	30set19	19:19:52	D:\wx_medgold\wx_agmerra_andalusia\agmerra_1422_210_ESP.txt	-4.625	37.625	1	731	12	31	Std	13.3057851906691	0.924935536741041	1670.87598845085	1774.88643515934	8.7191162686219	30	32.2048773703112	283.923177322123	165.911127712551	0	0	0	4012.25057969696	19760.3918733641	8329.07857626931	3389.16864150603	993.922300182984	1151.74122402062	9.33483674878339
OliveGIS	30set19	19:20:02	D:\wx_medgold\wx_agmerra_andalusia\agmerra_1422_211_ESP.txt	-4.625	37.375	1	731	12	31	Std	10.1230611880049	0.879419871474842	1284.48253490764	1310.95679680604	7.87466474382156	30	30.2792803100066	247.084510671537	170.275767169194	0	0	0	5200.675910058	26115.1218499681	12506.0289220013	9318.80937211382	1207.71704392779	1009.01709340749	7.18336037011207
OliveGIS	30set19	19:20:11	D:\wx_medgold\wx_agmerra_andalusia\agmerra_1422_212_ESP.txt	-4.625	37.125	1	731	12	31	Std	11.4680711182139	0.885807638493704	653.745047637338	658.190422399119	7.82274902440636	30	30.2069271571251	224.249077344044	178.953689636405	0	0	0	4482.10726982754	25942.089254749	15520.5309420083	12585.7181010176	950.985142810568	557.629199593418	5.18856879032687
OliveGIS	30set19	19:20:21	D:\wx_medgold\wx_agmerra_andalusia\agmerra_1422_213_ESP.txt	-4.625	36.875	1	731	12	31	Std	12.1966285147346	0.517775968950847	661.79563029372	670.473592312558	7.07667367799502	30	29.1673705662188	225.00567338952	206.581760719743	0	0	0	4258.39108468931	23582.5945676631	16009.2959691061	14307.5618072429	940.162259738656	579.076858873961	4.17869815562958
OliveGIS	30set19	19:20:30	D:\wx_medgold\wx_agmerra_andalusia\agmerra_1422_214_ESP.txt	-4.625	36.625	1	731	12	31	Std	19.5359571224359	0	1437.5249540023	1471.52045191828	6.8044103344816	30	7.23868597969574	246.191020219629	190.625335876847	0	0	0	6953.27380390615	34329.391560522	20882.7094939135	11980.8194560114	1881.91307319437	1258.67370135142	2.72735567271987
OliveGIS	30set19	19:20:38	D:\wx_medgold\wx_agmerra_andalusia\agmerra_1423_208_ESP.txt	-4.375	38.125	1	731	12	31	Std	9.84123625539409	2.76339787509724	746.65106024074	812.422061825151	8.27931920128591	30	44.5554547920245	250.262170785832	132.099721170536	0	0	0	5175.81623815256	30581.4540242449	26584.1233264067	11763.5354275753	1186.12774992613	823.354307273453	9.47095484875345
OliveGIS	30set19	19:20:47	D:\wx_medgold\wx_agmerra_andalusia\agmerra_1423_209_ESP.txt	-4.375	37.875	1	731	12	31	Std	12.7462611150797	0.804163018870888	657.484617092023	583.423045630196	8.10484458500756	30	29.9487807976279	281.066290295065	151.869498727289	0	0	0	3266.86935347668	15927.849625586	6793.07348440239	2135.12383483017	892.72273557031	998.11805193626	10.3933915785824
OliveGIS	30set19	19:20:58	D:\wx_medgold\wx_agmerra_andalusia\agmerra_1423_210_ESP.txt	-4.375	37.625	1	731	12	31	Std	12.4346313765734	0.770199257693569	1228.33588463061	1310.62244556397	8.4025858088961	30	30.216852266898	271.591364868739	149.284927756195	0	0	0	3665.30144366847	17786.0798036036	7642.72994382213	3071.7844005395	974.942505460777	1042.46295452407	9.55120029768179
OliveGIS	30set19	19:21:07	D:\wx_medgold\wx_agmerra_andalusia\agmerra_1423_211_ESP.txt	-4.375	37.375	1	731	12	31	Std	10.4013902695856	1.29393367983683	706.759016596343	726.930720070083	7.74566990639613	30	35.3289632409184	223.453609986708	144.227258252345	0	0	0	4517.01291142409	25234.7594405035	14087.213743832	11509.3272794648	1004.23367179896	672.889732064486	7.10471544885475
OliveGIS	30set19	19:21:16	D:\wx_medgold\wx_agmerra_andalusia\agmerra_1423_212_ESP.txt	-4.375	37.125	1	731	12	31	Std	9.47541586143457	1.11415139605591	984.192546248931	1004.97156020834	7.41263289505029	30	33.436098085339	203.858609442128	151.33372822623	0	0	0	4733.90585830718	25656.7244694715	14507.5460401126	11443.0165871969	1090.98858359256	830.814064830739	6.28736372764278
OliveGIS	30set19	19:21:25	D:\wx_medgold\wx_agmerra_andalusia\agmerra_1423_213_ESP.txt	-4.375	36.875	1	731	12	31	Std	12.0013773155944	0.709386978353473	777.137103105358	796.755693241438	7.33006719324395	30	33.6697212111532	230.634924232784	188.220276919566	0	0	0	4572.51376584221	24683.6061730923	13341.6531860429	10140.5459346164	1080.08685544643	725.690559189033	6.35163442627624
OliveGIS	30set19	19:21:35	D:\wx_medgold\wx_agmerra_andalusia\agmerra_1424_207_ESP.txt	-4.125	38.375	1	731	12	31	Std	50.0990921522811	4.46916511013066	728.152967035292	786.320386875536	8.94998876259488	30	57.7957303637203	261.646192976031	140.775276369047	0	0	0.0365148371670111	6194.6354826114	44189.8856744264	50913.1406779406	15852.7507361349	1420.80655505811	722.487679187075	8.41192260746751
OliveGIS	30set19	19:21:43	D:\wx_medgold\wx_agmerra_andalusia\agmerra_1424_208_ESP.txt	-4.125	38.125	1	731	12	31	Std	11.4308923033407	3.07475632152885	758.735690058018	831.72773062166	8.60132307384682	30	46.2344326084001	247.136216429855	127.486448457198	0	0	0	5230.75261923137	29861.4105976905	24935.0890848199	10381.577890446	1181.8155342533	845.502336384545	9.41274179827108
OliveGIS	30set19	19:21:52	D:\wx_medgold\wx_agmerra_andalusia\agmerra_1424_209_ESP.txt	-4.125	37.875	1	731	12	31	Std	12.8490869124136	0.962927767310441	1655.64801746842	1822.73301984155	8.3297693528251	30	31.9995849470209	280.445805693425	147.494631462792	0	0	0	3777.45902946572	18712.3673854299	7753.29445797951	2874.1109352941	1028.60133673856	1211.4023671225	11.525045036938
OliveGIS	30set19	19:22:01	D:\wx_medgold\wx_agmerra_andalusia\agmerra_1424_210_ESP.txt	-4.125	37.625	1	731	12	31	Std	12.5265148669789	1.05795291379914	1352.27726714231	1409.55092564973	8.34348806575813	30	34.0905907738535	271.714135278871	149.831487720852	0	0	0	5102.31823120995	25365.4441196345	11282.3881621695	8929.12450990606	1211.49613837004	1146.16469948313	9.04410294948701
OliveGIS	30set19	19:22:09	D:\wx_medgold\wx_agmerra_andalusia\agmerra_1424_211_ESP.txt	-4.125	37.375	1	731	12	31	Std	11.6405158474787	1.72841033867846	785.433042750099	826.572162080503	7.82392440553002	30	40.9807250739443	225.814551749016	140.739192598698	0	0	0	4868.92630165351	31373.2224067414	32014.8325056036	16224.8063575143	1145.77577658932	699.231838027217	5.65020520428902
OliveGIS	30set19	19:22:17	D:\wx_medgold\wx_agmerra_andalusia\agmerra_1424_212_ESP.txt	-4.125	37.125	1	731	12	31	Std	10.2991289666294	1.25805907797613	700.107218759113	713.352213476109	7.50968723042781	30	35.5286376315505	205.965661014746	145.332126009959	0	0	0	3915.82090476894	26413.5831611969	18749.783326528	14552.8085844491	871.284014116357	564.146240954102	5.12522631964543
OliveGIS	30set19	19:22:29	D:\wx_medgold\wx_agmerra_andalusia\agmerra_1424_213_ESP.txt	-4.125	36.875	1	731	12	31	Std	11.9452683846621	0.6438479866281	715.330592843247	757.966702518281	7.39679955644067	30	33.8976622460477	236.606329430209	182.931182619893	0	0	0	5040.03727859019	28184.5257403752	18568.7489072322	15620.4308372856	1137.38910323585	670.042717870998	5.71034979905664
OliveGIS	30set19	19:22:38	D:\wx_medgold\wx_agmerra_andalusia\agmerra_1425_207_ESP.txt	-3.875	38.375	1	731	12	31	Std	12.6407701096697	3.17388952432873	753.312348255677	848.701687542084	8.97768625953885	30	46.1437584975028	275.085281739836	130.363302651325	0	0	0.0182574185835055	5673.49035106252	34906.2898525766	28675.3952698223	12336.1723408726	1293.229657817	847.066426036516	10.6315045593464
OliveGIS	30set19	19:22:48	D:\wx_medgold\wx_agmerra_andalusia\agmerra_1425_208_ESP.txt	-3.875	38.125	1	731	12	31	Std	9.54588194296185	2.02511813193104	1100.04235459211	1237.10648462404	7.91804283259762	30	39.3756825885005	266.913205575042	119.710535022622	0	0	0	4650.24534002587	24252.1690101692	10873.0112343525	7327.29633541524	1052.34900260235	984.72937354732	11.3549077140857
OliveGIS	30set19	19:22:56	D:\wx_medgold\wx_agmerra_andalusia\agmerra_1425_209_ESP.txt	-3.875	37.875	1	731	12	31	Std	10.7985439631526	1.05591383312679	1253.63446374518	1411.35264522918	9.44433175501849	30	34.5285861912679	294.962177216852	133.305202319779	0	0	0	3540.34218697073	17483.380980456	6912.6146911318	1960.66956645636	902.381797413372	1130.22884594985	13.2191114870004
OliveGIS	30set19	19:23:06	D:\wx_medgold\wx_agmerra_andalusia\agmerra_1425_210_ESP.txt	-3.875	37.625	1	731	12	31	Std	11.5364036508525	1.39913355782916	826.002421610099	894.836833421756	9.31566472107076	30	38.9862694662692	285.293648458171	142.033757360302	0	0	0	5432.774640481	32648.0114289539	27781.0128008112	8523.94957794774	1276.46967007243	985.132528388539	10.751086387233
OliveGIS	30set19	19:23:16	D:\wx_medgold\wx_agmerra_andalusia\agmerra_1425_211_ESP.txt	-3.875	37.375	1	731	12	31	Std	14.8561083067871	2.80368394762336	773.891867138419	807.912970617476	8.63033942673691	30	49.0072366225572	230.691133236679	114.701283250495	0	0	0	5125.11050621187	33689.4088243903	34498.6169267347	14983.8999080565	1197.81786248199	694.805930144294	6.10910126580515
OliveGIS	30set19	19:23:24	D:\wx_medgold\wx_agmerra_andalusia\agmerra_1425_212_ESP.txt	-3.875	37.125	1	731	12	31	Std	10.3203381393414	1.90220984616592	708.30054070678	708.814017084942	8.02123618185236	30	39.6509367053188	217.14985354946	119.399877211666	0	0	0	4446.45348043591	26228.5726504802	17389.0452356442	11784.6444596508	934.401839692787	617.596833555622	6.36442317094413
OliveGIS	30set19	19:23:34	D:\wx_medgold\wx_agmerra_andalusia\agmerra_1425_213_ESP.txt	-3.875	36.875	1	731	12	31	Std	10.2325292656514	0.985550782470181	755.284524115129	740.416664965491	7.28571267587477	30	36.423931914223	242.985673954508	156.128704091782	0	0	0	4271.71612662522	20329.8909300301	9675.45941260774	6087.46233330483	1120.18473974957	887.333409523991	8.85707701972458
OliveGIS	30set19	19:23:44	D:\wx_medgold\wx_agmerra_andalusia\agmerra_1426_207_ESP.txt	-3.625	38.375	1	731	12	31	Std	19.7546796434691	3.51191895018146	750.575856627246	865.138654597147	8.96865550733193	30	47.8150647159774	274.981349189902	125.246652512222	0	0	0.0647719252365604	5981.1141620937	36543.5435709169	30620.9965753934	13196.7414925009	1340.48936818311	829.255546334513	10.6460460524894
OliveGIS	30set19	19:23:52	D:\wx_medgold\wx_agmerra_andalusia\agmerra_1426_208_ESP.txt	-3.625	38.125	1	731	12	31	Std	11.5172239830552	2.32896800193197	877.588178292165	1019.08323069902	8.2584683114107	30	42.1028330605452	270.391631595324	114.432798931357	0	0	0	5350.16768380052	31785.398119628	18485.9091288094	10369.6791164861	1168.30031283514	945.108538993906	11.0407621186637
OliveGIS	30set19	19:24:01	D:\wx_medgold\wx_agmerra_andalusia\agmerra_1426_209_ESP.txt	-3.625	37.875	1	731	12	31	Std	13.3059316130797	1.42706192827306	1831.43568550098	2079.82792800905	9.50625928098121	30	37.8092070523971	286.579162179322	128.651260988857	0	0	0	4372.46347203396	22793.7466322056	9510.23190578064	3143.43984670028	1091.60331740545	1280.66967104836	12.8154498891794
OliveGIS	30set19	19:24:11	D:\wx_medgold\wx_agmerra_andalusia\agmerra_1426_210_ESP.txt	-3.625	37.625	1	731	12	31	Std	18.1956863019783	2.23797938420753	786.925321786614	854.437004995539	9.1989504648722	30	48.8466873192949	270.632738714975	137.634233787764	0	0	0	5231.51063238288	34193.6163939262	34935.3607465082	13593.4308459278	1154.36905488296	791.111442142759	9.91227267281474
OliveGIS	30set19	19:24:19	D:\wx_medgold\wx_agmerra_andalusia\agmerra_1426_211_ESP.txt	-3.625	37.375	1	731	12	31	Std	53.6593144103473	4.1004569411758	739.505129721936	755.723046941246	8.12149128483527	30	59.8819294216909	223.052599847773	120.857491314757	0	0	0	5777.69610380952	42338.7878092843	54125.4219775523	20222.2501358573	1452.80625058168	727.568423632294	7.03059063753848
OliveGIS	30set19	19:24:27	D:\wx_medgold\wx_agmerra_andalusia\agmerra_1426_212_ESP.txt	-3.625	37.125	1	731	12	31	Std	10.448525166784	2.62730139947402	736.946248519454	750.860471029087	8.23149265105472	30	47.4089370303198	221.078281891591	147.456113128112	0	0	0	4705.56784915493	32230.7496670435	35190.6545982485	13083.0225083436	1040.23960829103	646.155689475005	5.33026070613833
OliveGIS	30set19	19:24:35	D:\wx_medgold\wx_agmerra_andalusia\agmerra_1426_213_ESP.txt	-3.625	36.875	1	731	12	31	Std	10.3324864317389	1.25937404630465	784.355424690477	810.34951452423	7.34228815848975	30	39.2290948794064	251.387795609909	147.376677805274	0	0	0	5350.62611186582	26373.5256163754	12675.0247262391	9304.57257935825	1273.55589000175	904.310749389616	8.94114143887038
OliveGIS	30set19	19:24:46	D:\wx_medgold\wx_agmerra_andalusia\agmerra_1427_207_ESP.txt	-3.375	38.375	1	731	12	31	Std	10.2610881993326	3.25395603612856	692.167723088167	813.024838948434	8.9107967573374	30	42.8314151813454	272.090090810455	117.42356398658	0	0.0507416263404925	0.152224879021477	5022.00527404024	31237.1503495656	23755.149842875	11420.80161673	1131.36237562319	817.636645864304	10.0441047157141
OliveGIS	30set19	19:24:55	D:\wx_medgold\wx_agmerra_andalusia\agmerra_1427_208_ESP.txt	-3.375	38.125	1	731	12	31	Std	10.7512463859115	2.13451116910511	1450.62024964829	1644.09894171881	8.35071749962964	30	39.3405678131629	268.180840598966	111.077799182665	0	0	0	4996.80951023222	26078.8117496456	11829.3083351792	8420.15821883127	1182.00295109731	1160.30171117431	11.759360468184
OliveGIS	30set19	19:25:06	D:\wx_medgold\wx_agmerra_andalusia\agmerra_1427_209_ESP.txt	-3.375	37.875	1	731	12	31	Std	12.9866934550929	1.66208911610812	1536.28895251534	1701.6375528688	9.49022485592897	30	39.1600031993706	287.86048402719	111.821813305967	0	0	0	5283.04999122763	29367.23944869	15118.107421978	5838.86106403118	1225.79733707465	1182.08249586521	10.6266575448121
OliveGIS	30set19	19:25:15	D:\wx_medgold\wx_agmerra_andalusia\agmerra_1427_210_ESP.txt	-3.375	37.625	1	731	12	31	Std	43.6795658319124	2.99257510300518	932.557483291876	1019.04374848842	9.34652188059108	30	54.8894412307202	262.038607952094	119.118810389064	0	0	0.0182574185835055	5574.26634604197	34868.0710911926	39150.1584572082	16186.6306603652	1240.11090198056	799.684149223642	8.24214376197743
OliveGIS	30set19	19:25:23	D:\wx_medgold\wx_agmerra_andalusia\agmerra_1427_211_ESP.txt	-3.375	37.375	1	731	12	31	Std	132.149467101356	10.9806098693765	2670.91303985786	2943.91752502111	6.76748480417301	30	64.7093203327854	226.319170413272	64.1042209057331	0	0.127801930084539	0.255536397749347	9338.3419357203	60985.3745700609	76661.297004229	11928.2452147195	1675.43399928331	1287.27424833995	19.5258175215548
OliveGIS	30set19	19:25:28	D:\wx_medgold\wx_agmerra_andalusia\agmerra_1427_212_ESP.txt	-3.375	37.125	1	731	12	31	Std	126.694241448031	7.63326356440534	1898.26207310974	1830.64289930658	6.75992246435844	30	55.8300468066863	232.168250524752	179.629593854982	0	0.0365148371670111	0.109544511501033	7649.265884283	50358.0139791326	63202.1799989782	13707.0117945667	1640.44636268079	1130.45826887244	10.9609039815133
OliveGIS	30set19	19:25:36	D:\wx_medgold\wx_agmerra_andalusia\agmerra_1427_213_ESP.txt	-3.375	36.875	1	731	12	31	Std	75.6224667097309	4.26656204972316	562.905487963397	573.868884270034	7.57347154641567	30	65.8221319730018	199.346794484547	206.427777690646	0	0	0	6097.87646398549	37977.0780551913	52023.5339082767	21963.6128269503	1423.73411993021	661.289669742512	7.65699920214239
OliveGIS	30set19	19:25:44	D:\wx_medgold\wx_agmerra_andalusia\agmerra_1428_207_ESP.txt	-3.125	38.375	1	731	12	31	Std	29.8575668608575	4.06807164348807	951.141822154075	1070.342928015	8.8604117597166	30	50.2878541584553	260.877529045565	111.484406465916	0	0.0805155799872898	0.21922014338187	5869.28757944895	39237.6578626073	38492.5364607792	15643.405011907	1358.35234440886	752.81992103224	8.66633794248374
OliveGIS	30set19	19:25:52	D:\wx_medgold\wx_agmerra_andalusia\agmerra_1428_208_ESP.txt	-3.125	38.125	1	731	12	31	Std	17.9051039406767	3.2835780876159	884.740597998717	1006.89489092919	8.89924444681333	30	47.3556589731535	254.560723374714	116.579495890439	0	0	0.0365148371670111	5636.72839233279	35223.5276728715	34938.3796267366	15800.8311382722	1289.39118188819	786.176069458706	8.48465084049175
OliveGIS	30set19	19:26:01	D:\wx_medgold\wx_agmerra_andalusia\agmerra_1428_209_ESP.txt	-3.125	37.875	1	731	12	31	Std	16.3623021312553	2.634379248132	735.750994554887	809.306113810204	9.14154341957385	30	52.3339633903064	269.572703370165	113.962763680718	0	0	0	5422.7177436135	38818.5426265753	40810.2311615007	14673.7231086896	1229.0785104905	705.933037246354	8.73940814429923
OliveGIS	30set19	19:26:09	D:\wx_medgold\wx_agmerra_andalusia\agmerra_1428_210_ESP.txt	-3.125	37.625	1	731	12	31	Std	59.3425188227622	3.72694599327406	839.544110004756	887.923648764061	9.12341940333751	30	59.7512910455431	252.464462162841	114.252031396212	0	0	0.0547722557505166	5699.30687064403	35604.586931554	39617.7606624939	17607.8673297277	1233.51493364996	720.603865152206	8.01248626157662
OliveGIS	30set19	19:26:16	D:\wx_medgold\wx_agmerra_andalusia\agmerra_1428_211_ESP.txt	-3.125	37.375	1	731	12	31	Std	133.048394488104	10.9809767586819	2548.11130969993	2799.85715127401	6.72659842987387	30	63.8000526069037	222.335348066833	63.3343058606517	0	0.12847469449832	0.252345320779959	9336.19455790987	60712.0016534223	73700.8894023044	12065.845115918	1674.17855259792	1290.45493050328	18.6764167137159
OliveGIS	30set19	19:26:22	D:\wx_medgold\wx_agmerra_andalusia\agmerra_1428_212_ESP.txt	-3.125	37.125	1	731	12	31	Std	130.135806870688	6.01175476897543	2130.28709599617	1760.00736552795	6.7517558380433	30	52.2794463029892	220.755291809888	141.470489185359	0	0	0.0365148371670111	7439.71782865626	49478.0732465545	68557.9718435719	14600.3080855229	1597.44869637922	1100.7370957397	10.7597114861119
OliveGIS	30set19	19:26:29	D:\wx_medgold\wx_agmerra_andalusia\agmerra_1428_213_ESP.txt	-3.125	36.875	1	731	12	31	Std	49.270053388641	3.14104455866838	779.075571268363	785.372824710088	7.36011306759727	30	57.5379798605824	191.212122114886	136.349006420011	0	0	0	6156.18866263551	36562.8101524963	42076.7022900882	19721.8263967396	1343.63713041347	738.309575980173	6.15398356173958
OliveGIS	30set19	19:26:37	D:\wx_medgold\wx_agmerra_andalusia\agmerra_1429_207_ESP.txt	-2.875	38.375	1	731	12	31	Std	86.5948391124987	6.9168302154878	1708.0066597928	1787.52510387002	8.28688203084269	30	63.8858072486847	235.618957046203	92.2651753085239	0	0.16103115997458	0.298732956518602	7616.61751800147	46442.9653776824	53868.4401391297	16442.2552771054	1733.84915357351	1314.56181358407	7.68449210101583
OliveGIS	30set19	19:26:45	D:\wx_medgold\wx_agmerra_andalusia\agmerra_1429_208_ESP.txt	-2.875	38.125	1	731	12	31	Std	89.4782670588902	6.51420728498289	1471.61219735832	1533.26997401204	8.25289917711262	30	63.2079476306434	233.373771660079	110.432768541842	0	0.0547722557505166	0.165014802540473	7751.70875498744	48707.5334752188	52890.4223738465	18913.048142167	1777.13737435883	1223.14234002975	7.40594657776058
OliveGIS	30set19	19:26:52	D:\wx_medgold\wx_agmerra_andalusia\agmerra_1429_209_ESP.txt	-2.875	37.875	1	731	12	31	Std	105.980960988066	5.27547023561849	928.941395278555	966.885943831696	8.20596923187522	30	54.1314105598164	234.233703931504	114.343145385072	0	0	0.0365148371670111	6115.37946871314	41098.7087815256	48189.1291460142	20532.1321006819	1372.0900977553	790.212006348376	6.60687552008747
OliveGIS	30set19	19:26:58	D:\wx_medgold\wx_agmerra_andalusia\agmerra_1429_210_ESP.txt	-2.875	37.625	1	731	12	31	Std	121.949888379867	5.80622337540139	1334.08443004285	1042.29220195892	7.86056650293899	30	44.8004720828986	224.544964751834	79.4698901992186	0	0.0402577899936449	0.165432209959107	5782.03066794345	38028.1801575026	42113.6015675447	17231.5840810494	1364.06255897717	805.453088904467	8.13242252296043
OliveGIS	30set19	19:27:05	D:\wx_medgold\wx_agmerra_andalusia\agmerra_1429_211_ESP.txt	-2.875	37.375	1	731	12	31	Std	112.073184012558	23.0888379261844	1037.17739005282	1665.03241339476	6.26255061695193	30	81.3824786276887	177.134293492351	91.8078341009026	0	0.446197214270762	0.959699426125569	681.276249925904	5261.68773517155	3658.2495180322	471.480318190399	96.1017001799201	110.316757775471	25.4571895519725
OliveGIS	30set19	19:27:10	D:\wx_medgold\wx_agmerra_andalusia\agmerra_1429_212_ESP.txt	-2.875	37.125	1	731	12	31	Std	113.626076869826	12.8731606207573	2422.23858003721	3392.49115396233	5.75565688752349	30	65.658756977391	187.447464517456	110.884125134739	0	0.0182574185835055	0.147352107817163	8163.31083274839	57788.543405983	65264.2493482332	7417.21922182137	1294.78734443799	1236.63640667262	16.473616834478
OliveGIS	30set19	19:27:15	D:\wx_medgold\wx_agmerra_andalusia\agmerra_1429_213_ESP.txt	-2.875	36.875	1	731	12	31	Std	12.2253194960954	0.897121834650621	723.560731065631	725.570930965449	6.82330354479176	30	32.6705329637876	234.282841636039	124.200216974656	0	0	0	5800.90923579316	29729.1134272949	16707.9179811863	13534.3703483645	1401.97500220262	843.402557647555	7.89799622485451
OliveGIS	30set19	19:27:24	D:\wx_medgold\wx_agmerra_andalusia\agmerra_1430_207_ESP.txt	-2.625	38.375	1	731	12	31	Std	123.157691459028	8.42006361403332	2077.02206874866	2132.00345355923	7.65911672228053	30	59.8011733441187	230.952247763745	96.5906519000817	0	0.17140393911701	0.336667235688605	8574.23305532246	57029.218952038	57764.8886928899	19715.4028896251	1972.60974145726	1459.75434506124	10.0453870296128
OliveGIS	30set19	19:27:31	D:\wx_medgold\wx_agmerra_andalusia\agmerra_1430_208_ESP.txt	-2.625	38.125	1	731	12	31	Std	127.369361560651	8.58524797304194	2111.76308696034	2159.13950062807	7.48554161923727	30	52.6971499152981	231.616072561827	131.742680051403	0	0.146059348668044	0.271754622247063	8704.4488503237	60095.7826516657	62417.0854849724	19944.0238297777	1979.09659891322	1437.88101949146	10.1514183596502
OliveGIS	30set19	19:27:37	D:\wx_medgold\wx_agmerra_andalusia\agmerra_1430_209_ESP.txt	-2.625	37.875	1	731	12	31	Std	128.914606192065	6.67386737560213	2044.04549340076	1753.28324716276	7.55850742427092	30	48.4533732500674	230.260648636159	115.326800226897	0	0.0402577899936449	0.154808001218862	8107.23908235535	53786.277858391	58958.6426867312	16131.3648746712	1736.65882621751	1250.52431885157	7.70135056822585
OliveGIS	30set19	19:27:44	D:\wx_medgold\wx_agmerra_andalusia\agmerra_1430_210_ESP.txt	-2.625	37.625	1	731	12	31	Std	124.54979874659	6.17670447414473	1005.57307426644	997.571062666197	7.57529256671083	30	46.7224798832081	221.171649260889	78.9371002324221	0	0.110432795395438	0.291429295855373	6171.7476517574	42123.4190060122	46666.838889231	23230.5050804963	1441.45415282189	808.18291063298	7.24800205526347
OliveGIS	30set19	19:27:50	D:\wx_medgold\wx_agmerra_andalusia\agmerra_1430_211_ESP.txt	-2.625	37.375	1	731	12	31	Std	117.266242116945	21.0878482740081	2798.02757375723	4204.20844920513	5.97081022246091	30	78.3138696043925	177.897739578462	83.6013435518722	0	0.442251293832536	0.876801921300018	1532.21519672231	12924.1598006454	11371.4402144965	991.703241979554	240.858397323779	304.618172774513	26.4023581409369
OliveGIS	30set19	19:27:55	D:\wx_medgold\wx_agmerra_andalusia\agmerra_1430_212_ESP.txt	-2.625	37.125	1	731	12	31	Std	124.276340393533	9.14014763833576	1835.99301323703	2353.60299877912	6.00574437661489	30	59.7012937151647	187.09632284732	87.11970757685	0	0	0.0402577899936449	7902.43529171587	56844.036604599	65361.8833333399	10913.6091453628	1342.33955084265	1109.192462736	14.3791614905882
OliveGIS	30set19	19:28:00	D:\wx_medgold\wx_agmerra_andalusia\agmerra_1430_213_ESP.txt	-2.625	36.875	1	731	12	31	Std	11.7540450361841	0.519515689584191	674.677867697555	671.382289646201	6.98117336908312	30	27.4969507191357	242.334511467673	89.457157857569	0	0	0	5305.32769406733	25948.2697603807	13255.3481622475	8919.47654355118	1318.96883095744	856.960638229903	7.62026901658055
OliveGIS	30set19	19:28:10	D:\wx_medgold\wx_agmerra_andalusia\agmerra_1431_209_ESP.txt	-2.375	37.875	1	731	12	31	Std	119.076052004253	11.354339390229	2643.3407251183	2962.39199382146	6.77257824553944	30	54.1121548161832	217.17285040728	84.1992320520854	0	0.114269292744673	0.323077870404068	9239.52176943707	69754.2080653843	82362.2234207076	11387.6000745709	1743.02956996439	1404.52813595204	17.7212849615838
OliveGIS	30set19	19:28:15	D:\wx_medgold\wx_agmerra_andalusia\agmerra_1431_210_ESP.txt	-2.375	37.625	1	731	12	31	Std	117.914071382024	8.94781807346697	2005.0183670555	1983.29853267546	6.72992971902296	30	49.7989193438582	212.71359958469	78.4616503440543	0	0.0547722557505166	0.208000884171419	9320.42699796294	62218.3048337238	72915.0913837262	15795.5156112444	1697.40393118571	1221.46111770397	10.7439550713279
OliveGIS	30set19	19:28:21	D:\wx_medgold\wx_agmerra_andalusia\agmerra_1431_211_ESP.txt	-2.375	37.375	1	731	12	31	Std	117.13864312277	8.53901727905232	1823.82241833167	1814.45696337886	6.56260741565074	30	51.8482778840361	206.450444389218	77.3845094243711	0	0	0.0868344970910609	8704.80108743776	59850.3036372835	68845.8518232822	15067.8529003972	1618.99467807851	1159.01939995288	9.90018311684821
OliveGIS	30set19	19:28:27	D:\wx_medgold\wx_agmerra_andalusia\agmerra_1431_212_ESP.txt	-2.375	37.125	1	731	12	31	Std	123.259717203381	2.31155020880276	686.484652531227	650.114460028333	7.15991395312066	30	36.8084761915001	206.802903139986	91.7478243031834	0	0	0	6186.44259548512	40783.9697187192	41975.5963085784	28967.6036552109	1514.99480784972	620.484055513002	4.20704670214427
OliveGIS	30set19	19:28:34	D:\wx_medgold\wx_agmerra_andalusia\agmerra_1431_213_ESP.txt	-2.375	36.875	1	731	12	31	Std	12.6626503009314	0.417449838682556	679.329899281249	694.636636013358	7.23727579407751	30	23.6715467689964	268.551330652824	70.9689525770605	0	0	0	5488.26387308368	27799.6254702553	15933.6241435476	9432.53347663167	1396.99809275283	807.352599703386	7.50770109601644
OliveGIS	30set19	19:28:44	D:\wx_medgold\wx_agmerra_andalusia\agmerra_1432_209_ESP.txt	-2.125	37.875	1	731	12	31	Std	118.72028247635	8.65700765906993	2168.06967203918	2132.69648824874	6.58071022963607	30	49.927584341333	209.490887218481	82.1207619316205	0	0.0547722557505166	0.206252830004966	9086.13669197026	62083.8295475688	71646.4390836925	15205.2117473674	1707.89874340362	1253.64538424424	11.2962583623298
OliveGIS	30set19	19:28:50	D:\wx_medgold\wx_agmerra_andalusia\agmerra_1432_210_ESP.txt	-2.125	37.625	1	731	12	31	Std	119.456039911192	5.54707026327837	1651.90387587366	1308.17852302484	6.92397135395178	30	43.8123046013647	204.854780327403	78.5881238285821	0	0	0	7094.31125134719	44861.1296022572	53084.8079356202	19250.6351018941	1623.0810008893	1000.44611840464	6.02674350220576
OliveGIS	30set19	19:28:57	D:\wx_medgold\wx_agmerra_andalusia\agmerra_1432_211_ESP.txt	-2.125	37.375	1	731	12	31	Std	120.488287264016	4.45126354268502	1380.80333732498	997.195738293774	7.00705719790503	30	43.9367074821022	204.653359408639	77.6987794841935	0	0	0	6376.34307235338	41152.531283631	47822.2673379099	20544.8354005278	1393.5300514314	784.666229614596	5.09011962689404
OliveGIS	30set19	19:29:04	D:\wx_medgold\wx_agmerra_andalusia\agmerra_1432_212_ESP.txt	-2.125	37.125	1	731	12	31	Std	68.5586665464017	0.807294331660414	648.825926250418	654.971623812818	7.13772557869673	30	31.0698982089199	215.927838733754	74.4925947874077	0	0	0	5137.48955850905	31467.2310704415	47337.0127972643	26181.2338112359	1322.17893991668	611.43982269712	2.19477228939561
OliveGIS	30set19	19:29:13	D:\wx_medgold\wx_agmerra_andalusia\agmerra_1432_213_ESP.txt	-2.125	36.875	1	731	12	31	Std	16.0776120489146	0.110432795395438	676.307356409298	733.690851178784	6.85154567677393	30	16.4149528832988	272.636357131409	69.6386721238452	0	0	0	5396.94098852938	25895.6995451544	14913.6608046129	6648.88326912018	1437.31168828177	825.891697772081	7.25193219595389
OliveGIS	30set19	19:29:21	D:\wx_medgold\wx_agmerra_andalusia\agmerra_1433_211_ESP.txt	-1.875	37.375	1	731	12	31	Std	13.4839726060749	1.73688848496252	829.837600952152	844.66335162283	7.93718152587634	30	37.0242381001494	267.161911302069	83.0506946693251	0	0	0	5403.02867249318	27843.2067183311	16021.4504478421	11677.4588426085	1288.59325860662	798.402001882654	7.6286451697819
OliveGIS	30set19	19:29:30	D:\wx_medgold\wx_agmerra_andalusia\agmerra_1433_212_ESP.txt	-1.875	37.125	1	731	12	31	Std	17.1211601954068	0.242804495404236	716.602517118263	760.577090487685	7.42750402840376	30	20.3873808727501	306.602397906962	71.3039204319476	0	0	0	5297.02921288884	24531.0158142645	13912.2101019391	8933.65291935581	1353.31031443765	780.136173395978	6.6550910423231
